mass= 0.321661numbos: 0.142439 numfer: 0 omega: 0.715768 r99bos: 3.384 r99fer: 0 r99tot: 3.54
 Nb/Nf: inf Eb/Ef: inf
mass_bos= 0.217967 mass_fer= 0
compactness= 0.0908648
compactness_boson= 0.0644109
E_binding= 0.179222
