mass= 0.317289numbos: 0.139347 numfer: 0 omega: 0.714362 r99bos: 3.318 r99fer: 0 r99tot: 3.468
 Nb/Nf: inf Eb/Ef: inf
mass_bos= 0.218539 mass_fer= 0
compactness= 0.0914905
compactness_boson= 0.0658646
E_binding= 0.177942
