mass= 0.326713numbos: 0.145989 numfer: 0 omega: 0.703617 r99bos: 3.288 r99fer: 0 r99tot: 3.456
 Nb/Nf: inf Eb/Ef: inf
mass_bos= 0.223059 mass_fer= 0
compactness= 0.094535
compactness_boson= 0.0678405
E_binding= 0.180724
