mass= 0.317036numbos: 0.139222 numfer: 0 omega: 0.72223 r99bos: 3.42 r99fer: 0 r99tot: 3.564
 Nb/Nf: inf Eb/Ef: inf
mass_bos= 0.214738 mass_fer= 0
compactness= 0.0889551
compactness_boson= 0.0627889
E_binding= 0.177814
