mass= 0.323532numbos: 0.156519 numfer: 0 omega: 0.860774 r99bos: 6.192 r99fer: 0 r99tot: 6.3
 Nb/Nf: inf Eb/Ef: inf
mass_bos= 0.176847 mass_fer= 0
compactness= 0.0513543
compactness_boson= 0.0285606
E_binding= 0.167013
