mass= 0.455426numbos: 0.251503 numfer: 0 omega: 0.605256 r99bos: 3.402 r99fer: 0 r99tot: 3.714
 Nb/Nf: inf Eb/Ef: inf
mass_bos= 0.284915 mass_fer= 0
compactness= 0.122624
compactness_boson= 0.0837491
E_binding= 0.203924
