mass= 0.445671numbos: 0.242749 numfer: 0 omega: 0.577583 r99bos: 3.006 r99fer: 0 r99tot: 3.318
 Nb/Nf: inf Eb/Ef: inf
mass_bos= 0.295665 mass_fer= 0
compactness= 0.134319
compactness_boson= 0.0983582
E_binding= 0.202921
