mass= 0.462268numbos: 0.25721 numfer: 0 omega: 0.593025 r99bos: 3.312 r99fer: 0 r99tot: 3.63
 Nb/Nf: inf Eb/Ef: inf
mass_bos= 0.292787 mass_fer= 0
compactness= 0.127347
compactness_boson= 0.0884018
E_binding= 0.205058
