mass= 0.31878numbos: 0.140388 numfer: 0 omega: 0.712588 r99bos: 3.312 r99fer: 0 r99tot: 3.468
 Nb/Nf: inf Eb/Ef: inf
mass_bos= 0.219254 mass_fer= 0
compactness= 0.0919204
compactness_boson= 0.0661998
E_binding= 0.178392
