mass= 0.46119numbos: 0.234362 numfer: 0 omega: 0.908718 r99bos: 9.882 r99fer: 0 r99tot: 9.978
 Nb/Nf: inf Eb/Ef: inf
mass_bos= 0.245313 mass_fer= 0
compactness= 0.0462207
compactness_boson= 0.0248242
E_binding= 0.226829
