mass= 0.30246numbos: 0.129249 numfer: 0 omega: 0.726961 r99bos: 3.312 r99fer: 0 r99tot: 3.438
 Nb/Nf: inf Eb/Ef: inf
mass_bos= 0.206954 mass_fer= 0
compactness= 0.0879756
compactness_boson= 0.0624862
E_binding= 0.173211
