mass= 0.32251numbos: 0.143015 numfer: 0 omega: 0.708245 r99bos: 3.3 r99fer: 0 r99tot: 3.462
 Nb/Nf: inf Eb/Ef: inf
mass_bos= 0.221003 mass_fer= 0
compactness= 0.0931572
compactness_boson= 0.0669707
E_binding= 0.179495
