mass= 0.342165numbos: 0.15805 numfer: 0 omega: 0.660651 r99bos: 2.952 r99fer: 0 r99tot: 3.162
 Nb/Nf: inf Eb/Ef: inf
mass_bos= 0.234748 mass_fer= 0
compactness= 0.108212
compactness_boson= 0.0795216
E_binding= 0.184115
