mass= 0.32342numbos: 0.143661 numfer: 6.05231e-07 omega: 0.712962 r99bos: 3.342 r99fer: 0.036 r99tot: 3.51
 Nb/Nf: 237366 Eb/Ef: 302830
mass_bos= 0.219281 mass_fer= 7.24107e-07
compactness= 0.0921423
compactness_boson= 0.0656137
E_binding= 0.179758
