mass= 0.30433numbos: 0.130507 numfer: 0.000175935 omega: 0.721657 r99bos: 3.24 r99fer: 0.258 r99tot: 3.384
 Nb/Nf: 741.79 Eb/Ef: 911.108
mass_bos= 0.208389 mass_fer= 0.000228721
compactness= 0.0899319
compactness_boson= 0.0643177
E_binding= 0.173647
