mass= 0.347232numbos: 0.163885 numfer: 0.0153943 omega: 0.767185 r99bos: 4.5 r99fer: 1.974 r99tot: 4.656
 Nb/Nf: 10.6458 Eb/Ef: 11.5638
mass_bos= 0.190219 mass_fer= 0.0164496
compactness= 0.0745774
compactness_boson= 0.0422709
E_binding= 0.167953
