mass= 0.450188numbos: 0.234803 numfer: 0.0235067 omega: 0.600279 r99bos: 3.258 r99fer: 1.662 r99tot: 3.54
 Nb/Nf: 9.98878 Eb/Ef: 9.93251
mass_bos= 0.273563 mass_fer= 0.0275422
compactness= 0.127172
compactness_boson= 0.0839666
E_binding= 0.191878
