mass= 0.323897numbos: 0.143985 numfer: 8.03256e-08 omega: 0.706491 r99bos: 3.264 r99fer: 0.006 r99tot: 3.438
 Nb/Nf: 1.79252e+06 Eb/Ef: 1.90386e+06
mass_bos= 0.221672 mass_fer= 1.16433e-07
compactness= 0.094211
compactness_boson= 0.0679142
E_binding= 0.179912
