mass= 0.319258numbos: 0.140756 numfer: 4.85003e-07 omega: 0.71912 r99bos: 3.372 r99fer: 0.036 r99tot: 3.534
 Nb/Nf: 290217 Eb/Ef: 384022
mass_bos= 0.216286 mass_fer= 5.63213e-07
compactness= 0.0903391
compactness_boson= 0.0641419
E_binding= 0.178502
