mass= 0.327859numbos: 0.146793 numfer: 2.55692e-07 omega: 0.703238 r99bos: 3.27 r99fer: 0.018 r99tot: 3.45
 Nb/Nf: 574099 Eb/Ef: 671170
mass_bos= 0.223405 mass_fer= 3.32858e-07
compactness= 0.0950315
compactness_boson= 0.0683194
E_binding= 0.181066
