mass= 0.351856numbos: 0.171978 numfer: 0.00168859 omega: 0.879291 r99bos: 7.02 r99fer: 1.374 r99tot: 7.116
 Nb/Nf: 101.847 Eb/Ef: 110.249
mass_bos= 0.18997 mass_fer= 0.0017231
compactness= 0.0494457
compactness_boson= 0.0270613
E_binding= 0.178189
