mass= 0.325364numbos: 0.145024 numfer: 4.98721e-08 omega: 0.704859 r99bos: 3.258 r99fer: 0.006 r99tot: 3.438
 Nb/Nf: 2.90791e+06 Eb/Ef: 3.16391e+06
mass_bos= 0.222401 mass_fer= 7.0293e-08
compactness= 0.0946377
compactness_boson= 0.0682631
E_binding= 0.180341
