mass= 0.317093numbos: 0.139201 numfer: 7.972e-09 omega: 0.714544 r99bos: 3.288 r99fer: 0.006 r99tot: 3.45
 Nb/Nf: 1.74613e+07 Eb/Ef: 2.11785e+07
mass_bos= 0.218422 mass_fer= 1.03134e-08
compactness= 0.0919109
compactness_boson= 0.0664301
E_binding= 0.177891
