mass= 0.446685numbos: 0.234964 numfer: 0.0182437 omega: 0.610586 r99bos: 3.354 r99fer: 1.59 r99tot: 3.642
 Nb/Nf: 12.8792 Eb/Ef: 12.9208
mass_bos= 0.270673 mass_fer= 0.0209486
compactness= 0.122648
compactness_boson= 0.0807014
E_binding= 0.193477
