mass= 0.323418numbos: 0.14366 numfer: 2.56943e-08 omega: 0.712965 r99bos: 3.342 r99fer: 0.012 r99tot: 3.51
 Nb/Nf: 5.59112e+06 Eb/Ef: 7.94455e+06
mass_bos= 0.21928 mass_fer= 2.76013e-08
compactness= 0.0921418
compactness_boson= 0.0656134
E_binding= 0.179758
