mass= 0.316843numbos: 0.13908 numfer: 1.32e-07 omega: 0.722403 r99bos: 3.39 r99fer: 0.03 r99tot: 3.546
 Nb/Nf: 1.05364e+06 Eb/Ef: 1.53424e+06
mass_bos= 0.214624 mass_fer= 1.39889e-07
compactness= 0.0893521
compactness_boson= 0.063311
E_binding= 0.177762
