mass= 0.327863numbos: 0.146796 numfer: 1.21827e-08 omega: 0.703234 r99bos: 3.27 r99fer: 0.006 r99tot: 3.45
 Nb/Nf: 1.20496e+07 Eb/Ef: 1.68954e+07
mass_bos= 0.223407 mass_fer= 1.3223e-08
compactness= 0.0950326
compactness_boson= 0.0683202
E_binding= 0.181067
