mass= 0.326349numbos: 0.145723 numfer: 2.95612e-07 omega: 0.707978 r99bos: 3.312 r99fer: 0.024 r99tot: 3.486
 Nb/Nf: 492953 Eb/Ef: 609556
mass_bos= 0.221571 mass_fer= 3.63495e-07
compactness= 0.0936169
compactness_boson= 0.0668993
E_binding= 0.180626
