mass= 0.320982numbos: 0.141926 numfer: 1.97902e-08 omega: 0.710028 r99bos: 3.27 r99fer: 0.006 r99tot: 3.438
 Nb/Nf: 7.17154e+06 Eb/Ef: 6.4362e+06
mass_bos= 0.220242 mass_fer= 3.42193e-08
compactness= 0.0933631
compactness_boson= 0.0673524
E_binding= 0.179056
