mass= 0.459094numbos: 0.254064 numfer: 0.000960104 omega: 0.576984 r99bos: 3.102 r99fer: 0.69 r99tot: 3.42
 Nb/Nf: 264.622 Eb/Ef: 286.819
mass_bos= 0.299366 mass_fer= 0.00104374
compactness= 0.134238
compactness_boson= 0.0965073
E_binding= 0.204069
