mass= 0.462481numbos: 0.206916 numfer: 0.0821476 omega: 0.587039 r99bos: 3.048 r99fer: 2.61 r99tot: 3.24
 Nb/Nf: 2.51883 Eb/Ef: 2.55355
mass_bos= 0.252867 mass_fer= 0.0990257
compactness= 0.142741
compactness_boson= 0.0829617
E_binding= 0.173418
