mass= 0.930122numbos: 0.138706 numfer: 0.710533 omega: 0.727587 r99bos: 5.634 r99fer: 7.056 r99tot: 6.984
 Nb/Nf: 0.195214 Eb/Ef: 0.203845
mass_bos= 0.155537 mass_fer= 0.763019
compactness= 0.133179
compactness_boson= 0.0276069
E_binding= 0.0808833
