mass= 0.321468numbos: 0.142296 numfer: 6.71666e-08 omega: 0.71594 r99bos: 3.36 r99fer: 0.018 r99tot: 3.522
 Nb/Nf: 2.11855e+06 Eb/Ef: 2.96699e+06
mass_bos= 0.217852 mass_fer= 7.34255e-08
compactness= 0.0912744
compactness_boson= 0.064837
E_binding= 0.179172
