mass= 0.316854numbos: 0.139088 numfer: 3.11256e-06 omega: 0.722388 r99bos: 3.39 r99fer: 0.066 r99tot: 3.546
 Nb/Nf: 44686.1 Eb/Ef: 54940.6
mass_bos= 0.214629 mass_fer= 3.90658e-06
compactness= 0.0893552
compactness_boson= 0.0633125
E_binding= 0.177763
