mass= 0.302924numbos: 0.12955 numfer: 2.78294e-06 omega: 0.735991 r99bos: 3.402 r99fer: 0.084 r99tot: 3.534
 Nb/Nf: 46551.5 Eb/Ef: 65921.8
mass_bos= 0.20604 mass_fer= 3.12552e-06
compactness= 0.0857171
compactness_boson= 0.0605644
E_binding= 0.173371
