mass= 0.325368numbos: 0.145026 numfer: 3.84893e-09 omega: 0.704856 r99bos: 3.258 r99fer: 0.006 r99tot: 3.438
 Nb/Nf: 3.76797e+07 Eb/Ef: 5.06071e+07
mass_bos= 0.222403 mass_fer= 4.39471e-09
compactness= 0.0946387
compactness_boson= 0.0682637
E_binding= 0.180342
