mass= 0.322276numbos: 0.142839 numfer: 1.42937e-08 omega: 0.708465 r99bos: 3.264 r99fer: 0.006 r99tot: 3.438
 Nb/Nf: 9.99318e+06 Eb/Ef: 1.01217e+07
mass_bos= 0.220864 mass_fer= 2.18208e-08
compactness= 0.0937395
compactness_boson= 0.0676666
E_binding= 0.179437
