mass= 0.323426numbos: 0.143666 numfer: 2.05647e-06 omega: 0.712953 r99bos: 3.342 r99fer: 0.054 r99tot: 3.51
 Nb/Nf: 69860.7 Eb/Ef: 83512.9
mass_bos= 0.219284 mass_fer= 2.62576e-06
compactness= 0.0921442
compactness_boson= 0.0656147
E_binding= 0.179758
