mass= 0.840326numbos: 0.141161 numfer: 0.603454 omega: 0.746339 r99bos: 5.652 r99fer: 6.948 r99tot: 6.87
 Nb/Nf: 0.233921 Eb/Ef: 0.246454
mass_bos= 0.15878 mass_fer= 0.644261
compactness= 0.122318
compactness_boson= 0.0280928
E_binding= 0.0957111
