mass= 0.44945numbos: 0.226063 numfer: 0.0368546 omega: 0.593525 r99bos: 3.144 r99fer: 1.878 r99tot: 3.408
 Nb/Nf: 6.13392 Eb/Ef: 6.08069
mass_bos= 0.269178 mass_fer= 0.0442677
compactness= 0.131881
compactness_boson= 0.0856164
E_binding= 0.186532
