mass= 0.525525numbos: 0.178557 numfer: 0.183927 omega: 0.894968 r99bos: 9.426 r99fer: 5.934 r99tot: 8.976
 Nb/Nf: 0.970801 Eb/Ef: 0.990526
mass_bos= 0.187711 mass_fer= 0.189506
compactness= 0.0585478
compactness_boson= 0.0199142
E_binding= 0.163041
