mass= 0.318594numbos: 0.14025 numfer: 1.09931e-09 omega: 0.71276 r99bos: 3.282 r99fer: 0.006 r99tot: 3.45
 Nb/Nf: 1.2758e+08 Eb/Ef: 1.91587e+08
mass_bos= 0.219143 mass_fer= 1.14383e-09
compactness= 0.092346
compactness_boson= 0.0667712
E_binding= 0.178344
