mass= 0.323418numbos: 0.14366 numfer: 4.38086e-07 omega: 0.712964 r99bos: 3.342 r99fer: 0.03 r99tot: 3.51
 Nb/Nf: 327927 Eb/Ef: 414799
mass_bos= 0.21928 mass_fer= 5.28642e-07
compactness= 0.092142
compactness_boson= 0.0656135
E_binding= 0.179757
