mass= 0.401273numbos: 0.143778 numfer: 0.111741 omega: 0.787246 r99bos: 4.86 r99fer: 4.326 r99tot: 4.752
 Nb/Nf: 1.2867 Eb/Ef: 1.41725
mass_bos= 0.167847 mass_fer= 0.118432
compactness= 0.0844429
compactness_boson= 0.0345364
E_binding= 0.145753
