mass= 0.446388numbos: 0.171951 numfer: 0.108485 omega: 0.8598 r99bos: 6.906 r99fer: 4.5 r99tot: 6.732
 Nb/Nf: 1.58501 Eb/Ef: 1.66702
mass_bos= 0.188809 mass_fer= 0.113261
compactness= 0.0663083
compactness_boson= 0.0273398
E_binding= 0.165952
