mass= 0.309212numbos: 0.133832 numfer: 1.46862e-05 omega: 0.731426 r99bos: 3.42 r99fer: 0.108 r99tot: 3.564
 Nb/Nf: 9112.8 Eb/Ef: 10843.6
mass_bos= 0.209654 mass_fer= 1.93343e-05
compactness= 0.0867598
compactness_boson= 0.0613022
E_binding= 0.175365
