mass= 0.426721numbos: 0.218803 numfer: 0.0165911 omega: 0.591557 r99bos: 2.976 r99fer: 1.32 r99tot: 3.258
 Nb/Nf: 13.188 Eb/Ef: 13.2747
mass_bos= 0.274054 mass_fer= 0.0206448
compactness= 0.130976
compactness_boson= 0.0920879
E_binding= 0.191327
