mass= 0.31171numbos: 0.135544 numfer: 5.6645e-07 omega: 0.72873 r99bos: 3.414 r99fer: 0.048 r99tot: 3.558
 Nb/Nf: 239287 Eb/Ef: 340255
mass_bos= 0.211238 mass_fer= 6.20823e-07
compactness= 0.0876083
compactness_boson= 0.0618741
E_binding= 0.176166
