mass= 0.444823numbos: 0.234578 numfer: 0.0158709 omega: 0.586472 r99bos: 3.072 r99fer: 1.362 r99tot: 3.366
 Nb/Nf: 14.7803 Eb/Ef: 14.7512
mass_bos= 0.28228 mass_fer= 0.019136
compactness= 0.132152
compactness_boson= 0.0918881
E_binding= 0.194374
