mass= 0.317072numbos: 0.139186 numfer: 1.26434e-08 omega: 0.714564 r99bos: 3.288 r99fer: 0.006 r99tot: 3.45
 Nb/Nf: 1.10086e+07 Eb/Ef: 1.17851e+07
mass_bos= 0.21841 mass_fer= 1.85327e-08
compactness= 0.0919051
compactness_boson= 0.0664264
E_binding= 0.177886
