mass= 0.323898numbos: 0.143986 numfer: 7.69514e-09 omega: 0.70649 r99bos: 3.264 r99fer: 0.006 r99tot: 3.438
 Nb/Nf: 1.87112e+07 Eb/Ef: 2.24439e+07
mass_bos= 0.221672 mass_fer= 9.87672e-09
compactness= 0.0942111
compactness_boson= 0.0679142
E_binding= 0.179912
