mass= 0.319293numbos: 0.140739 numfer: 1.40195e-08 omega: 0.711967 r99bos: 3.276 r99fer: 0.006 r99tot: 3.444
 Nb/Nf: 1.00388e+07 Eb/Ef: 1.03226e+07
mass_bos= 0.219465 mass_fer= 2.12606e-08
compactness= 0.09271
compactness_boson= 0.0669918
E_binding= 0.178554
