mass= 0.306782numbos: 0.132175 numfer: 1.5862e-07 omega: 0.733722 r99bos: 3.42 r99fer: 0.036 r99tot: 3.558
 Nb/Nf: 833281 Eb/Ef: 1.24749e+06
mass_bos= 0.208188 mass_fer= 1.66885e-07
compactness= 0.0862232
compactness_boson= 0.0608737
E_binding= 0.174607
