mass= 0.319312numbos: 0.140753 numfer: 6.59584e-09 omega: 0.711948 r99bos: 3.282 r99fer: 0.006 r99tot: 3.444
 Nb/Nf: 2.13397e+07 Eb/Ef: 2.67699e+07
mass_bos= 0.219477 mass_fer= 8.19862e-09
compactness= 0.0927155
compactness_boson= 0.0668729
E_binding= 0.178559
