mass= 0.307518numbos: 0.132748 numfer: 4.60351e-05 omega: 0.714282 r99bos: 3.18 r99fer: 0.192 r99tot: 3.33
 Nb/Nf: 2883.62 Eb/Ef: 3877.61
mass_bos= 0.210942 mass_fer= 5.43999e-05
compactness= 0.0923478
compactness_boson= 0.0663338
E_binding= 0.174725
