mass= 0.342341numbos: 0.156741 numfer: 0.0217447 omega: 0.867036 r99bos: 6.48 r99fer: 2.658 r99tot: 6.522
 Nb/Nf: 7.20822 Eb/Ef: 7.7751
mass_bos= 0.175936 mass_fer= 0.0226281
compactness= 0.0524902
compactness_boson= 0.0271506
E_binding= 0.163856
