mass= 0.327856numbos: 0.146791 numfer: 9.7217e-08 omega: 0.70324 r99bos: 3.27 r99fer: 0.012 r99tot: 3.45
 Nb/Nf: 1.50993e+06 Eb/Ef: 1.87032e+06
mass_bos= 0.223403 mass_fer= 1.19446e-07
compactness= 0.0950307
compactness_boson= 0.0683189
E_binding= 0.181065
