mass= 0.328031numbos: 0.146915 numfer: 5.86628e-07 omega: 0.703698 r99bos: 3.276 r99fer: 0.03 r99tot: 3.456
 Nb/Nf: 250439 Eb/Ef: 301214
mass_bos= 0.223305 mass_fer= 7.41351e-07
compactness= 0.0949162
compactness_boson= 0.0681639
E_binding= 0.181115
