mass= 0.332634numbos: 0.150895 numfer: 2.45565e-06 omega: 0.67307 r99bos: 2.976 r99fer: 0.12 r99tot: 3.174
 Nb/Nf: 61448.1 Eb/Ef: 89592.8
mass_bos= 0.22844 mass_fer= 2.54976e-06
compactness= 0.1048
compactness_boson= 0.0767609
E_binding= 0.181736
