mass= 0.321476numbos: 0.142301 numfer: 1.027e-08 omega: 0.715933 r99bos: 3.36 r99fer: 0.012 r99tot: 3.522
 Nb/Nf: 1.3856e+07 Eb/Ef: 2.06332e+07
mass_bos= 0.217857 mass_fer= 1.05585e-08
compactness= 0.0912765
compactness_boson= 0.0648384
E_binding= 0.179174
