mass= 0.32506numbos: 0.144814 numfer: 9.83571e-07 omega: 0.710282 r99bos: 3.324 r99fer: 0.042 r99tot: 3.498
 Nb/Nf: 147233 Eb/Ef: 182810
mass_bos= 0.220531 mass_fer= 1.20634e-06
compactness= 0.0929273
compactness_boson= 0.0663451
E_binding= 0.180245
