mass= 0.321474numbos: 0.1423 numfer: 1.51717e-08 omega: 0.715935 r99bos: 3.36 r99fer: 0.012 r99tot: 3.522
 Nb/Nf: 9.37934e+06 Eb/Ef: 1.37059e+07
mass_bos= 0.217856 mass_fer= 1.58951e-08
compactness= 0.0912761
compactness_boson= 0.0648381
E_binding= 0.179174
