mass= 0.306793numbos: 0.132182 numfer: 3.9363e-06 omega: 0.733708 r99bos: 3.42 r99fer: 0.078 r99tot: 3.558
 Nb/Nf: 33580.2 Eb/Ef: 44425.5
mass_bos= 0.208192 mass_fer= 4.68632e-06
compactness= 0.0862261
compactness_boson= 0.0608749
E_binding= 0.174607
