mass= 0.321011numbos: 0.141948 numfer: 1.5393e-08 omega: 0.709998 r99bos: 3.27 r99fer: 0.006 r99tot: 3.444
 Nb/Nf: 9.22159e+06 Eb/Ef: 9.13093e+06
mass_bos= 0.22026 mass_fer= 2.41224e-08
compactness= 0.0932088
compactness_boson= 0.0673577
E_binding= 0.179063
