mass= 1.53248numbos: 0.0107732 numfer: 1.64072 omega: 0.470592 r99bos: 4.254 r99fer: 6.078 r99tot: 6.036
 Nb/Nf: 0.00656615 Eb/Ef: 0.00642627
mass_bos= 0.0128377 mass_fer= 1.99769
compactness= 0.253891
compactness_boson= 0.0030178
E_binding= -0.119013
