mass= 0.326526numbos: 0.145848 numfer: 1.37345e-09 omega: 0.703788 r99bos: 3.264 r99fer: 0.006 r99tot: 3.438
 Nb/Nf: 1.06191e+08 Eb/Ef: 1.54508e+08
mass_bos= 0.222948 mass_fer= 1.44295e-09
compactness= 0.0949756
compactness_boson= 0.0683052
E_binding= 0.180678
