mass= 1.5237numbos: 0.0192425 numfer: 1.61757 omega: 0.480076 r99bos: 4.308 r99fer: 6.15 r99tot: 6.108
 Nb/Nf: 0.011896 Eb/Ef: 0.0116843
mass_bos= 0.0228394 mass_fer= 1.95471
compactness= 0.24946
compactness_boson= 0.00530163
E_binding= -0.113109
