mass= 0.449118numbos: 0.241418 numfer: 0.00986004 omega: 0.583816 r99bos: 3.09 r99fer: 1.194 r99tot: 3.39
 Nb/Nf: 24.4845 Eb/Ef: 24.7134
mass_bos= 0.288211 mass_fer= 0.0116621
compactness= 0.132483
compactness_boson= 0.0932721
E_binding= 0.19784
