mass= 0.326506numbos: 0.145832 numfer: 6.35555e-08 omega: 0.703809 r99bos: 3.258 r99fer: 0.006 r99tot: 3.438
 Nb/Nf: 2.29457e+06 Eb/Ef: 2.42408e+06
mass_bos= 0.222936 mass_fer= 9.1967e-08
compactness= 0.0949696
compactness_boson= 0.0684271
E_binding= 0.180673
