mass= 0.311904numbos: 0.135843 numfer: 2.28735e-07 omega: 0.705627 r99bos: 3.126 r99fer: 0.06 r99tot: 3.288
 Nb/Nf: 593886 Eb/Ef: 915595
mass_bos= 0.214177 mass_fer= 2.33921e-07
compactness= 0.0948614
compactness_boson= 0.0685147
E_binding= 0.176061
