mass= 0.31931numbos: 0.140752 numfer: 7.972e-09 omega: 0.71195 r99bos: 3.282 r99fer: 0.006 r99tot: 3.444
 Nb/Nf: 1.76558e+07 Eb/Ef: 2.12806e+07
mass_bos= 0.219475 mass_fer= 1.03134e-08
compactness= 0.0927149
compactness_boson= 0.0668725
E_binding= 0.178558
