mass= 0.314299numbos: 0.137324 numfer: 5.5281e-07 omega: 0.725653 r99bos: 3.402 r99fer: 0.042 r99tot: 3.552
 Nb/Nf: 248410 Eb/Ef: 343063
mass_bos= 0.212922 mass_fer= 6.20648e-07
compactness= 0.088485
compactness_boson= 0.0625872
E_binding= 0.176975
