mass= 0.319304numbos: 0.140748 numfer: 9.61961e-09 omega: 0.711956 r99bos: 3.282 r99fer: 0.006 r99tot: 3.444
 Nb/Nf: 1.46313e+07 Eb/Ef: 1.68451e+07
mass_bos= 0.219472 mass_fer= 1.30288e-08
compactness= 0.0927133
compactness_boson= 0.0668714
E_binding= 0.178557
