mass= 0.318574numbos: 0.140235 numfer: 1.12699e-08 omega: 0.712779 r99bos: 3.282 r99fer: 0.006 r99tot: 3.45
 Nb/Nf: 1.24433e+07 Eb/Ef: 1.37393e+07
mass_bos= 0.219131 mass_fer= 1.59492e-08
compactness= 0.0923404
compactness_boson= 0.0667676
E_binding= 0.178339
