mass= 0.411793numbos: 0.213706 numfer: 0.000412397 omega: 0.595719 r99bos: 2.904 r99fer: 0.48 r99tot: 3.192
 Nb/Nf: 518.204 Eb/Ef: 606.078
mass_bos= 0.27749 mass_fer= 0.000457845
compactness= 0.129008
compactness_boson= 0.0955543
E_binding= 0.197674
