mass= 0.318583numbos: 0.140242 numfer: 5.77339e-09 omega: 0.71277 r99bos: 3.282 r99fer: 0.006 r99tot: 3.45
 Nb/Nf: 2.4291e+07 Eb/Ef: 3.1299e+07
mass_bos= 0.219137 mass_fer= 7.00139e-09
compactness= 0.0923429
compactness_boson= 0.0667692
E_binding= 0.178341
