mass= 0.406776numbos: 0.204008 numfer: 0.0129657 omega: 0.602178 r99bos: 2.922 r99fer: 1.176 r99tot: 3.192
 Nb/Nf: 15.7344 Eb/Ef: 16.1296
mass_bos= 0.265715 mass_fer= 0.0164737
compactness= 0.127436
compactness_boson= 0.0909361
E_binding= 0.189802
