mass= 0.304702numbos: 0.130757 numfer: 1.74804e-05 omega: 0.735241 r99bos: 3.414 r99fer: 0.126 r99tot: 3.552
 Nb/Nf: 7480.23 Eb/Ef: 9357.12
mass_bos= 0.206978 mass_fer= 2.21198e-05
compactness= 0.0857832
compactness_boson= 0.0606262
E_binding= 0.173927
