mass= 0.319303numbos: 0.140746 numfer: 1.20951e-08 omega: 0.711958 r99bos: 3.282 r99fer: 0.006 r99tot: 3.444
 Nb/Nf: 1.16366e+07 Eb/Ef: 1.25522e+07
mass_bos= 0.219471 mass_fer= 1.74846e-08
compactness= 0.0927127
compactness_boson= 0.0668711
E_binding= 0.178556
