mass= 0.304662numbos: 0.130732 numfer: 1.71278e-06 omega: 0.735283 r99bos: 3.414 r99fer: 0.066 r99tot: 3.552
 Nb/Nf: 76327.1 Eb/Ef: 107145
mass_bos= 0.206965 mass_fer= 1.93164e-06
compactness= 0.0857721
compactness_boson= 0.0606223
E_binding= 0.173929
