mass= 0.311623numbos: 0.135582 numfer: 0.000340365 omega: 0.706371 r99bos: 3.132 r99fer: 0.324 r99tot: 3.294
 Nb/Nf: 398.344 Eb/Ef: 483.851
mass_bos= 0.213704 mass_fer= 0.000441674
compactness= 0.0946031
compactness_boson= 0.0682326
E_binding= 0.1757
