mass= 0.306801numbos: 0.132187 numfer: 6.83643e-06 omega: 0.733699 r99bos: 3.42 r99fer: 0.096 r99tot: 3.558
 Nb/Nf: 19335.7 Eb/Ef: 25106.5
mass_bos= 0.208196 mass_fer= 8.2925e-06
compactness= 0.0862285
compactness_boson= 0.0608759
E_binding= 0.174607
