mass= 0.334833numbos: 0.163017 numfer: 2.95068e-05 omega: 0.872539 r99bos: 6.63 r99fer: 0.54 r99tot: 6.732
 Nb/Nf: 5524.74 Eb/Ef: 6135.89
mass_bos= 0.182071 mass_fer= 2.96732e-05
compactness= 0.0497375
compactness_boson= 0.0274617
E_binding= 0.171786
