mass= 0.302284numbos: 0.12912 numfer: 5.98687e-06 omega: 0.727136 r99bos: 3.276 r99fer: 0.114 r99tot: 3.42
 Nb/Nf: 21567.3 Eb/Ef: 31098.9
mass_bos= 0.206846 mass_fer= 6.65124e-06
compactness= 0.0883873
compactness_boson= 0.0631398
E_binding= 0.173158
