mass= 0.399069numbos: 0.199748 numfer: 0.00870657 omega: 0.607003 r99bos: 2.91 r99fer: 1.026 r99tot: 3.174
 Nb/Nf: 22.9422 Eb/Ef: 23.9009
mass_bos= 0.264109 mass_fer= 0.0110502
compactness= 0.125731
compactness_boson= 0.0907592
E_binding= 0.190615
