mass= 0.309182numbos: 0.133812 numfer: 4.49347e-06 omega: 0.731461 r99bos: 3.42 r99fer: 0.078 r99tot: 3.558
 Nb/Nf: 29779.3 Eb/Ef: 38214.4
mass_bos= 0.209642 mass_fer= 5.48594e-06
compactness= 0.0868977
compactness_boson= 0.0612989
E_binding= 0.175365
