mass= 0.325355numbos: 0.145017 numfer: 6.4875e-08 omega: 0.704868 r99bos: 3.258 r99fer: 0.006 r99tot: 3.438
 Nb/Nf: 2.23532e+06 Eb/Ef: 2.46159e+06
mass_bos= 0.222395 mass_fer= 9.03463e-08
compactness= 0.0946349
compactness_boson= 0.0682613
E_binding= 0.180338
