mass= 0.307461numbos: 0.132687 numfer: 0.000178255 omega: 0.714521 r99bos: 3.186 r99fer: 0.27 r99tot: 3.336
 Nb/Nf: 744.363 Eb/Ef: 928.708
mass_bos= 0.210789 mass_fer= 0.000226971
compactness= 0.0921646
compactness_boson= 0.0661611
E_binding= 0.174596
