mass= 0.314309numbos: 0.137331 numfer: 3.21176e-06 omega: 0.72564 r99bos: 3.402 r99fer: 0.072 r99tot: 3.552
 Nb/Nf: 42758.8 Eb/Ef: 54431.6
mass_bos= 0.212927 mass_fer= 3.91183e-06
compactness= 0.088488
compactness_boson= 0.0625887
E_binding= 0.176975
