mass= 0.427593numbos: 0.220198 numfer: 0.0153743 omega: 0.590968 r99bos: 2.976 r99fer: 1.29 r99tot: 3.258
 Nb/Nf: 14.3225 Eb/Ef: 14.4318
mass_bos= 0.275294 mass_fer= 0.0190754
compactness= 0.131244
compactness_boson= 0.0925046
E_binding= 0.19202
