mass= 0.317099numbos: 0.139206 numfer: 3.02377e-09 omega: 0.714537 r99bos: 3.288 r99fer: 0.006 r99tot: 3.45
 Nb/Nf: 4.60372e+07 Eb/Ef: 6.49957e+07
mass_bos= 0.218426 mass_fer= 3.36062e-09
compactness= 0.0919128
compactness_boson= 0.0664312
E_binding= 0.177893
