mass= 0.321047numbos: 0.141975 numfer: 1.65032e-09 omega: 0.709962 r99bos: 3.276 r99fer: 0.006 r99tot: 3.444
 Nb/Nf: 8.6029e+07 Eb/Ef: 1.25828e+08
mass_bos= 0.220281 mass_fer= 1.75066e-09
compactness= 0.0932193
compactness_boson= 0.0672409
E_binding= 0.179072
