mass= 0.326514numbos: 0.145838 numfer: 4.28711e-08 omega: 0.703801 r99bos: 3.258 r99fer: 0.006 r99tot: 3.438
 Nb/Nf: 3.40179e+06 Eb/Ef: 3.92421e+06
mass_bos= 0.22294 mass_fer= 5.68115e-08
compactness= 0.094972
compactness_boson= 0.0684286
E_binding= 0.180675
