mass= 0.319259numbos: 0.140756 numfer: 1.11606e-07 omega: 0.71912 r99bos: 3.372 r99fer: 0.024 r99tot: 3.534
 Nb/Nf: 1.26119e+06 Eb/Ef: 1.7735e+06
mass_bos= 0.216287 mass_fer= 1.21955e-07
compactness= 0.0903392
compactness_boson= 0.0641419
E_binding= 0.178502
