mass= 0.302322numbos: 0.12914 numfer: 5.88641e-05 omega: 0.727151 r99bos: 3.282 r99fer: 0.186 r99tot: 3.42
 Nb/Nf: 2193.86 Eb/Ef: 2825.13
mass_bos= 0.206825 mass_fer= 7.32091e-05
compactness= 0.0883982
compactness_boson= 0.063018
E_binding= 0.173123
