mass= 0.307505numbos: 0.132743 numfer: 2.54705e-06 omega: 0.714249 r99bos: 3.18 r99fer: 0.102 r99tot: 3.33
 Nb/Nf: 52116.5 Eb/Ef: 77876.7
mass_bos= 0.210968 mass_fer= 2.709e-06
compactness= 0.0923438
compactness_boson= 0.0663422
E_binding= 0.174759
