mass= 1.31113numbos: 0.0629186 numfer: 1.28911 omega: 0.721596 r99bos: 7.02 r99fer: 8.214 r99tot: 8.184
 Nb/Nf: 0.0488079 Eb/Ef: 0.0490289
mass_bos= 0.0678286 mass_fer= 1.38344
compactness= 0.160206
compactness_boson= 0.00966219
E_binding= -0.0408994
