mass= 0.319217numbos: 0.153076 numfer: 0.00201247 omega: 0.843749 r99bos: 5.694 r99fer: 1.278 r99tot: 5.814
 Nb/Nf: 76.0638 Eb/Ef: 84.3071
mass_bos= 0.174847 mass_fer= 0.00207393
compactness= 0.054905
compactness_boson= 0.0307073
E_binding= 0.164129
