mass= 0.32147numbos: 0.142297 numfer: 4.27741e-08 omega: 0.715938 r99bos: 3.36 r99fer: 0.018 r99tot: 3.522
 Nb/Nf: 3.32672e+06 Eb/Ef: 4.81639e+06
mass_bos= 0.217854 mass_fer= 4.52317e-08
compactness= 0.091275
compactness_boson= 0.0648374
E_binding= 0.179173
