mass= 0.416634numbos: 0.211022 numfer: 0.0152723 omega: 0.596451 r99bos: 2.946 r99fer: 1.26 r99tot: 3.216
 Nb/Nf: 13.8173 Eb/Ef: 14.021
mass_bos= 0.269667 mass_fer= 0.0192331
compactness= 0.12955
compactness_boson= 0.0915368
E_binding= 0.190339
