mass= 0.309186numbos: 0.133816 numfer: 4.25272e-09 omega: 0.731461 r99bos: 3.42 r99fer: 0.012 r99tot: 3.564
 Nb/Nf: 3.1466e+07 Eb/Ef: 4.87144e+07
mass_bos= 0.209647 mass_fer= 4.30358e-09
compactness= 0.0867526
compactness_boson= 0.0613002
E_binding= 0.17537
