mass= 0.457125numbos: 0.211202 numfer: 0.0693337 omega: 0.58945 r99bos: 3.072 r99fer: 2.418 r99tot: 3.282
 Nb/Nf: 3.04616 Eb/Ef: 3.06587
mass_bos= 0.256541 mass_fer= 0.0836766
compactness= 0.139283
compactness_boson= 0.0835096
E_binding= 0.17659
