mass= 0.347256numbos: 0.147731 numfer: 0.0448103 omega: 0.808129 r99bos: 5.052 r99fer: 3.09 r99tot: 5.088
 Nb/Nf: 3.29681 Eb/Ef: 3.61271
mass_bos= 0.171454 mass_fer= 0.0474586
compactness= 0.06825
compactness_boson= 0.0339378
E_binding= 0.154715
