mass= 0.351914numbos: 0.17128 numfer: 0.0032606 omega: 0.879049 r99bos: 7.014 r99fer: 1.614 r99tot: 7.104
 Nb/Nf: 52.5302 Eb/Ef: 56.6554
mass_bos= 0.189276 mass_fer= 0.00334082
compactness= 0.0495375
compactness_boson= 0.0269854
E_binding= 0.177374
