mass= 0.301268numbos: 0.128422 numfer: 2.6557e-05 omega: 0.731354 r99bos: 3.324 r99fer: 0.156 r99tot: 3.456
 Nb/Nf: 4835.7 Eb/Ef: 6414.63
mass_bos= 0.205817 mass_fer= 3.20856e-05
compactness= 0.0871724
compactness_boson= 0.0619186
E_binding= 0.17282
