mass= 0.302918numbos: 0.129546 numfer: 8.33661e-07 omega: 0.735998 r99bos: 3.402 r99fer: 0.06 r99tot: 3.534
 Nb/Nf: 155394 Eb/Ef: 228434
mass_bos= 0.206038 mass_fer= 9.01958e-07
compactness= 0.0857154
compactness_boson= 0.0605637
E_binding= 0.173371
