mass= 0.32786numbos: 0.146794 numfer: 1.60916e-08 omega: 0.703236 r99bos: 3.27 r99fer: 0.006 r99tot: 3.45
 Nb/Nf: 9.1224e+06 Eb/Ef: 1.24958e+07
mass_bos= 0.223406 mass_fer= 1.78785e-08
compactness= 0.0950319
compactness_boson= 0.0683197
E_binding= 0.181066
