mass= 0.311743numbos: 0.135566 numfer: 1.069e-05 omega: 0.728689 r99bos: 3.414 r99fer: 0.096 r99tot: 3.558
 Nb/Nf: 12681.6 Eb/Ef: 14998.5
mass_bos= 0.211252 mass_fer= 1.40849e-05
compactness= 0.0876175
compactness_boson= 0.0618782
E_binding= 0.176166
