mass= 0.327836numbos: 0.146775 numfer: 5.88481e-08 omega: 0.704659 r99bos: 3.288 r99fer: 0.012 r99tot: 3.462
 Nb/Nf: 2.49414e+06 Eb/Ef: 3.23919e+06
mass_bos= 0.222964 mass_fer= 6.88331e-08
compactness= 0.0946954
compactness_boson= 0.0678114
E_binding= 0.18106
