mass= 0.323425numbos: 0.143665 numfer: 1.91689e-06 omega: 0.712955 r99bos: 3.342 r99fer: 0.048 r99tot: 3.51
 Nb/Nf: 74947.1 Eb/Ef: 86462.3
mass_bos= 0.219284 mass_fer= 2.53618e-06
compactness= 0.0921438
compactness_boson= 0.0656145
E_binding= 0.179758
