mass= 0.314301numbos: 0.137325 numfer: 1.03968e-06 omega: 0.725651 r99bos: 3.402 r99fer: 0.048 r99tot: 3.552
 Nb/Nf: 132084 Eb/Ef: 175133
mass_bos= 0.212923 mass_fer= 1.21578e-06
compactness= 0.0884856
compactness_boson= 0.0625875
E_binding= 0.176975
