mass= 0.325354numbos: 0.145016 numfer: 6.62289e-08 omega: 0.70487 r99bos: 3.258 r99fer: 0.006 r99tot: 3.438
 Nb/Nf: 2.18961e+06 Eb/Ef: 2.3975e+06
mass_bos= 0.222395 mass_fer= 9.27612e-08
compactness= 0.0946346
compactness_boson= 0.0682611
E_binding= 0.180338
