mass= 1.48112numbos: 0.0396204 numfer: 1.53273 omega: 0.492182 r99bos: 4.29 r99fer: 6.198 r99tot: 6.156
 Nb/Nf: 0.0258496 Eb/Ef: 0.0256228
mass_bos= 0.0470252 mass_fer= 1.83529
compactness= 0.240597
compactness_boson= 0.0109616
E_binding= -0.091232
