mass= 0.316867numbos: 0.139098 numfer: 1.40837e-09 omega: 0.72238 r99bos: 3.39 r99fer: 0.006 r99tot: 3.546
 Nb/Nf: 9.87652e+07 Eb/Ef: 1.50495e+08
mass_bos= 0.214639 mass_fer= 1.42622e-09
compactness= 0.0893589
compactness_boson= 0.0633152
E_binding= 0.177769
