mass= 0.400403numbos: 0.204315 numfer: 1.37129e-07 omega: 0.603571 r99bos: 2.886 r99fer: 0.084 r99tot: 3.168
 Nb/Nf: 1.48995e+06 Eb/Ef: 1.96652e+06
mass_bos= 0.271182 mass_fer= 1.37899e-07
compactness= 0.12639
compactness_boson= 0.0939646
E_binding= 0.196088
