mass= 1.34424numbos: 0.0641271 numfer: 1.31762 omega: 0.452048 r99bos: 3.588 r99fer: 5.766 r99tot: 5.712
 Nb/Nf: 0.0486688 Eb/Ef: 0.0497646
mass_bos= 0.0806036 mass_fer= 1.6197
compactness= 0.235336
compactness_boson= 0.0224648
E_binding= -0.0375081
