mass= 0.304698numbos: 0.130755 numfer: 1.58896e-05 omega: 0.735244 r99bos: 3.414 r99fer: 0.12 r99tot: 3.552
 Nb/Nf: 8228.94 Eb/Ef: 10311.1
mass_bos= 0.206977 mass_fer= 2.00732e-05
compactness= 0.0857821
compactness_boson= 0.0606259
E_binding= 0.173927
