mass= 0.316981numbos: 0.139118 numfer: 2.17147e-08 omega: 0.714658 r99bos: 3.276 r99fer: 0.006 r99tot: 3.444
 Nb/Nf: 6.40662e+06 Eb/Ef: 5.58645e+06
mass_bos= 0.218355 mass_fer= 3.90864e-08
compactness= 0.0920385
compactness_boson= 0.0666528
E_binding= 0.177863
