mass= 0.314299numbos: 0.137324 numfer: 1.29514e-07 omega: 0.725653 r99bos: 3.402 r99fer: 0.03 r99tot: 3.552
 Nb/Nf: 1.06031e+06 Eb/Ef: 1.54365e+06
mass_bos= 0.212922 mass_fer= 1.37934e-07
compactness= 0.0884851
compactness_boson= 0.0625873
E_binding= 0.176975
