mass= 0.358468numbos: 0.176877 numfer: 0.00481567 omega: 0.742392 r99bos: 4.272 r99fer: 1.368 r99tot: 4.476
 Nb/Nf: 36.7294 Eb/Ef: 40.0278
mass_bos= 0.204157 mass_fer= 0.00510038
compactness= 0.0800866
compactness_boson= 0.0477895
E_binding= 0.176776
