mass= 0.314302numbos: 0.137326 numfer: 1.09927e-08 omega: 0.725651 r99bos: 3.402 r99fer: 0.012 r99tot: 3.552
 Nb/Nf: 1.24924e+07 Eb/Ef: 1.8769e+07
mass_bos= 0.212924 mass_fer= 1.13444e-08
compactness= 0.0884858
compactness_boson= 0.0625878
E_binding= 0.176976
