mass= 1.32626numbos: 0.0650261 numfer: 1.29257 omega: 0.442849 r99bos: 3.468 r99fer: 5.706 r99tot: 5.652
 Nb/Nf: 0.0503076 Eb/Ef: 0.0518936
mass_bos= 0.0828853 mass_fer= 1.59722
compactness= 0.234653
compactness_boson= 0.0239
E_binding= -0.0313408
