mass= 0.324444numbos: 0.144862 numfer: 1.35967e-05 omega: 0.684846 r99bos: 3.018 r99fer: 0.168 r99tot: 3.21
 Nb/Nf: 10654.2 Eb/Ef: 15129.9
mass_bos= 0.222906 mass_fer= 1.47329e-05
compactness= 0.101073
compactness_boson= 0.0738589
E_binding= 0.179568
