mass= 0.327834numbos: 0.146774 numfer: 6.81576e-08 omega: 0.70466 r99bos: 3.288 r99fer: 0.012 r99tot: 3.462
 Nb/Nf: 2.15346e+06 Eb/Ef: 2.74805e+06
mass_bos= 0.222963 mass_fer= 8.1135e-08
compactness= 0.094695
compactness_boson= 0.0678112
E_binding= 0.18106
