mass= 0.397681numbos: 0.20164 numfer: 0.00144942 omega: 0.606397 r99bos: 2.892 r99fer: 0.618 r99tot: 3.168
 Nb/Nf: 139.118 Eb/Ef: 156.464
mass_bos= 0.268443 mass_fer= 0.00171569
compactness= 0.125531
compactness_boson= 0.0928227
E_binding= 0.194591
