mass= 0.314315numbos: 0.137335 numfer: 4.96317e-06 omega: 0.725632 r99bos: 3.402 r99fer: 0.078 r99tot: 3.552
 Nb/Nf: 27670.8 Eb/Ef: 33818.7
mass_bos= 0.212929 mass_fer= 6.29621e-06
compactness= 0.0884896
compactness_boson= 0.0625895
E_binding= 0.176975
