mass= 0.314324numbos: 0.137341 numfer: 7.95228e-06 omega: 0.72562 r99bos: 3.402 r99fer: 0.084 r99tot: 3.552
 Nb/Nf: 17270.6 Eb/Ef: 20230.8
mass_bos= 0.212933 mass_fer= 1.05252e-05
compactness= 0.0884922
compactness_boson= 0.0625906
E_binding= 0.176975
