mass= 0.32008numbos: 0.141293 numfer: 1.40195e-08 omega: 0.711079 r99bos: 3.276 r99fer: 0.006 r99tot: 3.444
 Nb/Nf: 1.00783e+07 Eb/Ef: 1.03397e+07
mass_bos= 0.219829 mass_fer= 2.12606e-08
compactness= 0.0929385
compactness_boson= 0.0671028
E_binding= 0.178787
