mass= 1.33047numbos: 0.067128 numfer: 1.29569 omega: 0.449515 r99bos: 3.522 r99fer: 5.766 r99tot: 5.712
 Nb/Nf: 0.0518088 Eb/Ef: 0.0534368
mass_bos= 0.0850486 mass_fer= 1.59158
compactness= 0.232926
compactness_boson= 0.0241478
E_binding= -0.0323448
