mass= 0.326517numbos: 0.145841 numfer: 2.95604e-08 omega: 0.703797 r99bos: 3.258 r99fer: 0.006 r99tot: 3.438
 Nb/Nf: 4.93366e+06 Eb/Ef: 6.01898e+06
mass_bos= 0.222943 mass_fer= 3.704e-08
compactness= 0.0949731
compactness_boson= 0.0684293
E_binding= 0.180676
