mass= 0.317843numbos: 0.139723 numfer: 1.18182e-08 omega: 0.713625 r99bos: 3.282 r99fer: 0.006 r99tot: 3.45
 Nb/Nf: 1.18227e+07 Eb/Ef: 1.28971e+07
mass_bos= 0.218784 mass_fer= 1.69639e-08
compactness= 0.0921285
compactness_boson= 0.0666618
E_binding= 0.17812
