mass= 0.302939numbos: 0.12956 numfer: 8.91865e-06 omega: 0.735976 r99bos: 3.402 r99fer: 0.108 r99tot: 3.534
 Nb/Nf: 14526.8 Eb/Ef: 19304.9
mass_bos= 0.206045 mass_fer= 1.06732e-05
compactness= 0.0857212
compactness_boson= 0.0605658
E_binding= 0.17337
