mass= 0.321016numbos: 0.141952 numfer: 1.18182e-08 omega: 0.709993 r99bos: 3.276 r99fer: 0.006 r99tot: 3.444
 Nb/Nf: 1.20113e+07 Eb/Ef: 1.29842e+07
mass_bos= 0.220263 mass_fer= 1.69639e-08
compactness= 0.0932104
compactness_boson= 0.0672353
E_binding= 0.179064
