mass= 0.328024numbos: 0.14691 numfer: 8.38134e-08 omega: 0.703705 r99bos: 3.276 r99fer: 0.012 r99tot: 3.456
 Nb/Nf: 1.75282e+06 Eb/Ef: 2.16028e+06
mass_bos= 0.223301 mass_fer= 1.03367e-07
compactness= 0.0949143
compactness_boson= 0.0681628
E_binding= 0.181114
