mass= 0.301683numbos: 0.128706 numfer: 5.2663e-07 omega: 0.735683 r99bos: 3.384 r99fer: 0.054 r99tot: 3.516
 Nb/Nf: 244396 Eb/Ef: 366152
mass_bos= 0.205487 mass_fer= 5.61208e-07
compactness= 0.0858028
compactness_boson= 0.0607232
E_binding= 0.172976
