mass= 0.453438numbos: 0.249138 numfer: 0.00173289 omega: 0.60671 r99bos: 3.396 r99fer: 0.894 r99tot: 3.708
 Nb/Nf: 143.771 Eb/Ef: 152.182
mass_bos= 0.282814 mass_fer= 0.0018584
compactness= 0.122286
compactness_boson= 0.0832787
E_binding= 0.202567
