mass= 0.302924numbos: 0.12955 numfer: 2.80566e-06 omega: 0.735991 r99bos: 3.402 r99fer: 0.078 r99tot: 3.534
 Nb/Nf: 46174.5 Eb/Ef: 64639.8
mass_bos= 0.20604 mass_fer= 3.1875e-06
compactness= 0.085717
compactness_boson= 0.0605643
E_binding= 0.173371
