mass= 0.309187numbos: 0.133816 numfer: 6.22664e-06 omega: 0.731455 r99bos: 3.42 r99fer: 0.084 r99tot: 3.558
 Nb/Nf: 21490.8 Eb/Ef: 27012.6
mass_bos= 0.209644 mass_fer= 7.76096e-06
compactness= 0.0868991
compactness_boson= 0.0612994
E_binding= 0.175365
