mass= 0.450407numbos: 0.235097 numfer: 0.0233162 omega: 0.593308 r99bos: 3.18 r99fer: 1.608 r99tot: 3.468
 Nb/Nf: 10.083 Eb/Ef: 9.99708
mass_bos= 0.276819 mass_fer= 0.02769
compactness= 0.129875
compactness_boson= 0.08705
E_binding= 0.191995
