mass= 0.304349numbos: 0.130544 numfer: 2.37855e-05 omega: 0.721435 r99bos: 3.234 r99fer: 0.162 r99tot: 3.378
 Nb/Nf: 5488.37 Eb/Ef: 7542.44
mass_bos= 0.208537 mass_fer= 2.76485e-05
compactness= 0.0900975
compactness_boson= 0.0644827
E_binding= 0.173782
