mass= 0.320101numbos: 0.141308 numfer: 5.77339e-09 omega: 0.711058 r99bos: 3.276 r99fer: 0.006 r99tot: 3.444
 Nb/Nf: 2.44758e+07 Eb/Ef: 3.13997e+07
mass_bos= 0.219841 mass_fer= 7.00139e-09
compactness= 0.0929445
compactness_boson= 0.0671067
E_binding= 0.178793
