mass= 1.36728numbos: 0.0852381 numfer: 1.32061 omega: 0.559124 r99bos: 4.596 r99fer: 6.624 r99tot: 6.57
 Nb/Nf: 0.0645447 Eb/Ef: 0.0654986
mass_bos= 0.0992196 mass_fer= 1.51484
compactness= 0.208109
compactness_boson= 0.0215883
E_binding= -0.0385664
