mass= 0.304344numbos: 0.130541 numfer: 1.5896e-05 omega: 0.721432 r99bos: 3.228 r99fer: 0.144 r99tot: 3.378
 Nb/Nf: 8212.18 Eb/Ef: 11473
mass_bos= 0.20854 mass_fer= 1.81766e-05
compactness= 0.0900959
compactness_boson= 0.0646035
E_binding= 0.173787
