mass= 0.31948numbos: 0.152689 numfer: 0.00315625 omega: 0.8435 r99bos: 5.688 r99fer: 1.428 r99tot: 5.808
 Nb/Nf: 48.3768 Eb/Ef: 53.4323
mass_bos= 0.174471 mass_fer= 0.00326528
compactness= 0.0550068
compactness_boson= 0.0306735
E_binding= 0.163634
