mass= 0.748012numbos: 0.141345 numfer: 0.498731 omega: 0.765172 r99bos: 5.67 r99fer: 6.792 r99tot: 6.714
 Nb/Nf: 0.28341 Eb/Ef: 0.301496
mass_bos= 0.15964 mass_fer= 0.529491
compactness= 0.111411
compactness_boson= 0.0281551
E_binding= 0.107936
