mass= 0.324384numbos: 0.144805 numfer: 0.000101404 omega: 0.685011 r99bos: 3.024 r99fer: 0.258 r99tot: 3.21
 Nb/Nf: 1427.99 Eb/Ef: 1877.94
mass_bos= 0.222796 mass_fer= 0.000118638
compactness= 0.101054
compactness_boson= 0.0736759
E_binding= 0.179477
