mass= 0.322245numbos: 0.142816 numfer: 2.17147e-08 omega: 0.708496 r99bos: 3.264 r99fer: 0.006 r99tot: 3.438
 Nb/Nf: 6.57694e+06 Eb/Ef: 5.65017e+06
mass_bos= 0.220845 mass_fer= 3.90864e-08
compactness= 0.0937305
compactness_boson= 0.0676609
E_binding= 0.179429
