mass= 0.32956numbos: 0.160035 numfer: 0.000718214 omega: 0.797729 r99bos: 4.872 r99fer: 0.936 r99tot: 5.034
 Nb/Nf: 222.824 Eb/Ef: 250.466
mass_bos= 0.184726 mass_fer= 0.00073753
compactness= 0.0654669
compactness_boson= 0.0379158
E_binding= 0.168807
