mass= 0.301725numbos: 0.128734 numfer: 2.37846e-05 omega: 0.735645 r99bos: 3.384 r99fer: 0.138 r99tot: 3.516
 Nb/Nf: 5412.47 Eb/Ef: 6915.92
mass_bos= 0.205496 mass_fer= 2.97136e-05
compactness= 0.085815
compactness_boson= 0.0607259
E_binding= 0.172968
