mass= 0.326348numbos: 0.145722 numfer: 3.25016e-08 omega: 0.707979 r99bos: 3.312 r99fer: 0.012 r99tot: 3.486
 Nb/Nf: 4.48354e+06 Eb/Ef: 6.28775e+06
mass_bos= 0.22157 mass_fer= 3.52384e-08
compactness= 0.0936169
compactness_boson= 0.0668993
E_binding= 0.180626
