mass= 1.3723numbos: 0.083655 numfer: 1.32931 omega: 0.553745 r99bos: 4.554 r99fer: 6.582 r99tot: 6.534
 Nb/Nf: 0.0629312 Eb/Ef: 0.0638275
mass_bos= 0.0976051 mass_fer= 1.5292
compactness= 0.210025
compactness_boson= 0.0214328
E_binding= -0.040662
