mass= 0.314301numbos: 0.137325 numfer: 1.08707e-06 omega: 0.72565 r99bos: 3.402 r99fer: 0.054 r99tot: 3.552
 Nb/Nf: 126326 Eb/Ef: 171661
mass_bos= 0.212923 mass_fer= 1.24037e-06
compactness= 0.0884857
compactness_boson= 0.0625876
E_binding= 0.176975
