mass= 0.317534numbos: 0.13986 numfer: 5.94423e-07 omega: 0.695764 r99bos: 3.072 r99fer: 0.084 r99tot: 3.246
 Nb/Nf: 235287 Eb/Ef: 357596
mass_bos= 0.218155 mass_fer= 6.10059e-07
compactness= 0.0978233
compactness_boson= 0.0710139
E_binding= 0.177674
