mass= 0.32784numbos: 0.146779 numfer: 5.5823e-07 omega: 0.704654 r99bos: 3.288 r99fer: 0.03 r99tot: 3.462
 Nb/Nf: 262936 Eb/Ef: 321151
mass_bos= 0.222966 mass_fer= 6.94273e-07
compactness= 0.0946966
compactness_boson= 0.0678121
E_binding= 0.18106
