mass= 0.478064numbos: 0.188922 numfer: 0.126897 omega: 0.633416 r99bos: 3.474 r99fer: 3.6 r99tot: 3.66
 Nb/Nf: 1.48879 Eb/Ef: 1.56166
mass_bos= 0.222861 mass_fer= 0.142708
compactness= 0.130618
compactness_boson= 0.0641512
E_binding= 0.162245
