mass= 0.453557numbos: 0.244681 numfer: 0.0109359 omega: 0.598678 r99bos: 3.288 r99fer: 1.338 r99tot: 3.594
 Nb/Nf: 22.3742 Eb/Ef: 22.5543
mass_bos= 0.281913 mass_fer= 0.0124993
compactness= 0.126198
compactness_boson= 0.0857399
E_binding= 0.19794
