mass= 0.449485numbos: 0.230158 numfer: 0.0302753 omega: 0.593648 r99bos: 3.162 r99fer: 1.752 r99tot: 3.438
 Nb/Nf: 7.60219 Eb/Ef: 7.52903
mass_bos= 0.272642 mass_fer= 0.0362121
compactness= 0.13074
compactness_boson= 0.0862247
E_binding= 0.189051
