mass= 0.393084numbos: 0.196869 numfer: 0.00411218 omega: 0.61078 r99bos: 2.898 r99fer: 0.81 r99tot: 3.168
 Nb/Nf: 47.8747 Eb/Ef: 51.5077
mass_bos= 0.263751 mass_fer= 0.00512061
compactness= 0.124079
compactness_boson= 0.0910112
E_binding= 0.192102
