mass= 1.26905numbos: 0.0933222 numfer: 1.18411 omega: 0.497619 r99bos: 3.66 r99fer: 6.3 r99tot: 6.24
 Nb/Nf: 0.0788121 Eb/Ef: 0.084674
mass_bos= 0.116932 mass_fer= 1.38096
compactness= 0.203373
compactness_boson= 0.0319485
E_binding= -0.00838113
