mass= 0.321numbos: 0.141939 numfer: 1.73175e-08 omega: 0.71001 r99bos: 3.27 r99fer: 0.006 r99tot: 3.444
 Nb/Nf: 8.19632e+06 Eb/Ef: 7.76467e+06
mass_bos= 0.220253 mass_fer= 2.8366e-08
compactness= 0.0932055
compactness_boson= 0.0673556
E_binding= 0.17906
