mass= 0.309173numbos: 0.133807 numfer: 1.05862e-07 omega: 0.731474 r99bos: 3.42 r99fer: 0.03 r99tot: 3.558
 Nb/Nf: 1.26397e+06 Eb/Ef: 1.87623e+06
mass_bos= 0.209639 mass_fer= 1.11734e-07
compactness= 0.0868952
compactness_boson= 0.0612979
E_binding= 0.175366
