mass= 0.446134numbos: 0.228544 numfer: 0.0282624 omega: 0.590042 r99bos: 3.102 r99fer: 1.674 r99tot: 3.378
 Nb/Nf: 8.08652 Eb/Ef: 8.00994
mass_bos= 0.274199 mass_fer= 0.0342324
compactness= 0.13207
compactness_boson= 0.0883944
E_binding= 0.189327
