mass= 0.330039numbos: 0.158964 numfer: 0.00360685 omega: 0.797346 r99bos: 4.866 r99fer: 1.368 r99tot: 5.022
 Nb/Nf: 44.0727 Eb/Ef: 48.7522
mass_bos= 0.183697 mass_fer= 0.00376798
compactness= 0.0657186
compactness_boson= 0.0377512
E_binding= 0.167468
