mass= 0.323923numbos: 0.144005 numfer: 8.25158e-10 omega: 0.706465 r99bos: 3.264 r99fer: 0.006 r99tot: 3.438
 Nb/Nf: 1.74518e+08 Eb/Ef: 2.60734e+08
mass_bos= 0.221687 mass_fer= 8.50243e-10
compactness= 0.0942185
compactness_boson= 0.0679189
E_binding= 0.179918
