mass= 0.30751numbos: 0.132747 numfer: 1.22308e-06 omega: 0.714243 r99bos: 3.18 r99fer: 0.084 r99tot: 3.33
 Nb/Nf: 108535 Eb/Ef: 164356
mass_bos= 0.210972 mass_fer= 1.28363e-06
compactness= 0.0923452
compactness_boson= 0.0663434
E_binding= 0.174761
