mass= 0.438569numbos: 0.230457 numfer: 0.013619 omega: 0.58665 r99bos: 3.024 r99fer: 1.272 r99tot: 3.318
 Nb/Nf: 16.9218 Eb/Ef: 17.0003
mass_bos= 0.281581 mass_fer= 0.0165633
compactness= 0.132179
compactness_boson= 0.0931153
E_binding= 0.194493
