mass= 0.304347numbos: 0.130543 numfer: 1.77355e-05 omega: 0.721431 r99bos: 3.228 r99fer: 0.156 r99tot: 3.378
 Nb/Nf: 7360.51 Eb/Ef: 10276.6
mass_bos= 0.208541 mass_fer= 2.02927e-05
compactness= 0.0900967
compactness_boson= 0.0646036
E_binding= 0.173787
