mass= 0.363566numbos: 0.174531 numfer: 0.000127053 omega: 0.636414 r99bos: 2.886 r99fer: 0.318 r99tot: 3.132
 Nb/Nf: 1373.69 Eb/Ef: 1752.95
mass_bos= 0.248456 mass_fer= 0.000141736
compactness= 0.116081
compactness_boson= 0.0860902
E_binding= 0.188908
