mass= 0.30292numbos: 0.129547 numfer: 3.90505e-07 omega: 0.735997 r99bos: 3.402 r99fer: 0.048 r99tot: 3.534
 Nb/Nf: 331743 Eb/Ef: 495073
mass_bos= 0.206039 mass_fer= 4.16178e-07
compactness= 0.0857159
compactness_boson= 0.060564
E_binding= 0.173372
