mass= 0.317862numbos: 0.139737 numfer: 3.29792e-09 omega: 0.713607 r99bos: 3.288 r99fer: 0.006 r99tot: 3.45
 Nb/Nf: 4.23714e+07 Eb/Ef: 5.9156e+07
mass_bos= 0.218795 mass_fer= 3.69862e-09
compactness= 0.0921339
compactness_boson= 0.0665436
E_binding= 0.178125
