mass= 1.37935numbos: 0.0832607 numfer: 1.3389 omega: 0.581239 r99bos: 4.89 r99fer: 6.822 r99tot: 6.774
 Nb/Nf: 0.062186 Eb/Ef: 0.0628436
mass_bos= 0.0954965 mass_fer= 1.51959
compactness= 0.203624
compactness_boson= 0.0195289
E_binding= -0.0428109
