mass= 0.327366numbos: 0.146444 numfer: 1.24708e-06 omega: 0.70325 r99bos: 3.264 r99fer: 0.048 r99tot: 3.444
 Nb/Nf: 117429 Eb/Ef: 153070
mass_bos= 0.22329 mass_fer= 1.45875e-06
compactness= 0.095054
compactness_boson= 0.0684098
E_binding= 0.180921
