mass= 0.327871numbos: 0.146802 numfer: 9.14371e-07 omega: 0.703225 r99bos: 3.27 r99fer: 0.042 r99tot: 3.45
 Nb/Nf: 160549 Eb/Ef: 209503
mass_bos= 0.223412 mass_fer= 1.06639e-06
compactness= 0.095035
compactness_boson= 0.0683217
E_binding= 0.181068
