mass= 0.309173numbos: 0.133806 numfer: 1.682e-06 omega: 0.731473 r99bos: 3.42 r99fer: 0.06 r99tot: 3.558
 Nb/Nf: 79551.9 Eb/Ef: 107530
mass_bos= 0.209638 mass_fer= 1.94958e-06
compactness= 0.086895
compactness_boson= 0.0612976
E_binding= 0.175365
