mass= 0.411881numbos: 0.214839 numfer: 0.00506385 omega: 0.66388 r99bos: 3.726 r99fer: 1.254 r99tot: 3.99
 Nb/Nf: 42.4261 Eb/Ef: 44.8258
mass_bos= 0.244932 mass_fer= 0.00546408
compactness= 0.103228
compactness_boson= 0.0657359
E_binding= 0.191977
