mass= 0.4496numbos: 0.231161 numfer: 0.0287822 omega: 0.593621 r99bos: 3.168 r99fer: 1.722 r99tot: 3.444
 Nb/Nf: 8.0314 Eb/Ef: 7.9543
mass_bos= 0.273491 mass_fer= 0.0343827
compactness= 0.130546
compactness_boson= 0.0863291
E_binding= 0.189656
