mass= 0.433751numbos: 0.147295 numfer: 0.141568 omega: 0.753782 r99bos: 4.482 r99fer: 4.566 r99tot: 4.59
 Nb/Nf: 1.04045 Eb/Ef: 1.14629
mass_bos= 0.173113 mass_fer= 0.151021
compactness= 0.094499
compactness_boson= 0.0386241
E_binding= 0.144887
