mass= 0.316847numbos: 0.139084 numfer: 1.51382e-06 omega: 0.722396 r99bos: 3.39 r99fer: 0.054 r99tot: 3.546
 Nb/Nf: 91876.2 Eb/Ef: 118358
mass_bos= 0.214626 mass_fer= 1.81337e-06
compactness= 0.0893535
compactness_boson= 0.0633116
E_binding= 0.177762
