mass= 0.434776numbos: 0.230249 numfer: 0.00760696 omega: 0.585964 r99bos: 2.994 r99fer: 1.056 r99tot: 3.294
 Nb/Nf: 30.2682 Eb/Ef: 31.0428
mass_bos= 0.28426 mass_fer= 0.00915704
compactness= 0.13199
compactness_boson= 0.0949431
E_binding= 0.196919
