mass= 0.319316numbos: 0.140756 numfer: 4.94823e-09 omega: 0.711944 r99bos: 3.282 r99fer: 0.006 r99tot: 3.45
 Nb/Nf: 2.84457e+07 Eb/Ef: 3.75159e+07
mass_bos= 0.219479 mass_fer= 5.8503e-09
compactness= 0.0925553
compactness_boson= 0.0668735
E_binding= 0.17856
