mass= 0.324271numbos: 0.144705 numfer: 0.000198706 omega: 0.685242 r99bos: 3.024 r99fer: 0.306 r99tot: 3.21
 Nb/Nf: 728.234 Eb/Ef: 927.048
mass_bos= 0.222644 mass_fer= 0.000240164
compactness= 0.101019
compactness_boson= 0.0736255
E_binding= 0.179368
