mass= 0.399429numbos: 0.200183 numfer: 0.00841432 omega: 0.6067 r99bos: 2.91 r99fer: 1.014 r99tot: 3.18
 Nb/Nf: 23.7907 Eb/Ef: 24.8082
mass_bos= 0.264519 mass_fer= 0.0106626
compactness= 0.125607
compactness_boson= 0.0909001
E_binding= 0.190832
