mass= 0.30231numbos: 0.129135 numfer: 3.42232e-05 omega: 0.727135 r99bos: 3.282 r99fer: 0.168 r99tot: 3.42
 Nb/Nf: 3773.31 Eb/Ef: 5011.59
mass_bos= 0.206839 mass_fer= 4.12721e-05
compactness= 0.0883947
compactness_boson= 0.0630222
E_binding= 0.173141
