mass= 0.327835numbos: 0.146775 numfer: 1.49283e-07 omega: 0.704659 r99bos: 3.288 r99fer: 0.018 r99tot: 3.462
 Nb/Nf: 983202 Eb/Ef: 1.26187e+06
mass_bos= 0.222964 mass_fer= 1.76693e-07
compactness= 0.0946954
compactness_boson= 0.0678114
E_binding= 0.18106
