mass= 0.309177numbos: 0.133809 numfer: 3.00514e-06 omega: 0.731467 r99bos: 3.42 r99fer: 0.072 r99tot: 3.558
 Nb/Nf: 44526.7 Eb/Ef: 58866.2
mass_bos= 0.20964 mass_fer= 3.56129e-06
compactness= 0.0868963
compactness_boson= 0.0612982
E_binding= 0.175365
