mass= 0.328031numbos: 0.146915 numfer: 1.37345e-09 omega: 0.703698 r99bos: 3.276 r99fer: 0.006 r99tot: 3.456
 Nb/Nf: 1.06967e+08 Eb/Ef: 1.54756e+08
mass_bos= 0.223305 mass_fer= 1.44295e-09
compactness= 0.0949164
compactness_boson= 0.0681641
E_binding= 0.181116
