mass= 0.302282numbos: 0.129119 numfer: 4.74369e-06 omega: 0.727137 r99bos: 3.276 r99fer: 0.108 r99tot: 3.42
 Nb/Nf: 27219.1 Eb/Ef: 39576.2
mass_bos= 0.206846 mass_fer= 5.22652e-06
compactness= 0.0883866
compactness_boson= 0.0631397
E_binding= 0.173159
