mass= 0.394401numbos: 0.202937 numfer: 0.00299342 omega: 0.6882 r99bos: 3.876 r99fer: 1.146 r99tot: 4.128
 Nb/Nf: 67.7945 Eb/Ef: 73.0342
mass_bos= 0.232027 mass_fer= 0.00317696
compactness= 0.0955429
compactness_boson= 0.0598625
E_binding= 0.18847
