mass= 0.321476numbos: 0.142301 numfer: 1.63352e-06 omega: 0.715931 r99bos: 3.36 r99fer: 0.054 r99tot: 3.522
 Nb/Nf: 87113.1 Eb/Ef: 108864
mass_bos= 0.217857 mass_fer= 2.00118e-06
compactness= 0.0912766
compactness_boson= 0.0648383
E_binding= 0.179173
