mass= 0.318582numbos: 0.140241 numfer: 7.14685e-09 omega: 0.712771 r99bos: 3.282 r99fer: 0.006 r99tot: 3.45
 Nb/Nf: 1.96228e+07 Eb/Ef: 2.42713e+07
mass_bos= 0.219136 mass_fer= 9.02861e-09
compactness= 0.0923427
compactness_boson= 0.0667691
E_binding= 0.178341
