mass= 0.317482numbos: 0.139808 numfer: 9.46781e-05 omega: 0.695931 r99bos: 3.072 r99fer: 0.246 r99tot: 3.246
 Nb/Nf: 1476.67 Eb/Ef: 1943.62
mass_bos= 0.218045 mass_fer= 0.000112185
compactness= 0.0978072
compactness_boson= 0.0709782
E_binding= 0.177579
