mass= 0.39463numbos: 0.203649 numfer: 0.00185868 omega: 0.688028 r99bos: 3.882 r99fer: 1.026 r99tot: 4.134
 Nb/Nf: 109.566 Eb/Ef: 118.959
mass_bos= 0.232673 mass_fer= 0.00195591
compactness= 0.0954597
compactness_boson= 0.0599363
E_binding= 0.189123
