mass= 0.362402numbos: 0.173457 numfer: 0.00076859 omega: 0.637932 r99bos: 2.898 r99fer: 0.48 r99tot: 3.138
 Nb/Nf: 225.682 Eb/Ef: 266.685
mass_bos= 0.24723 mass_fer= 0.000927048
compactness= 0.115488
compactness_boson= 0.0853105
E_binding= 0.188177
