mass= 0.321027numbos: 0.14196 numfer: 9.34546e-09 omega: 0.709982 r99bos: 3.276 r99fer: 0.006 r99tot: 3.444
 Nb/Nf: 1.51903e+07 Eb/Ef: 1.7533e+07
mass_bos= 0.220269 mass_fer= 1.25631e-08
compactness= 0.0932135
compactness_boson= 0.0672373
E_binding= 0.179067
