mass= 0.325365numbos: 0.145024 numfer: 4.88139e-08 omega: 0.704858 r99bos: 3.258 r99fer: 0.006 r99tot: 3.438
 Nb/Nf: 2.97096e+06 Eb/Ef: 3.2459e+06
mass_bos= 0.222401 mass_fer= 6.85176e-08
compactness= 0.0946379
compactness_boson= 0.0682632
E_binding= 0.180341
