mass= 1.34158numbos: 0.0902857 numfer: 1.28056 omega: 0.554527 r99bos: 4.47 r99fer: 6.564 r99tot: 6.51
 Nb/Nf: 0.0705046 Eb/Ef: 0.0720199
mass_bos= 0.105933 mass_fer= 1.47088
compactness= 0.206079
compactness_boson= 0.0236986
E_binding= -0.0292741
