mass= 0.321477numbos: 0.142302 numfer: 2.12652e-06 omega: 0.715929 r99bos: 3.36 r99fer: 0.054 r99tot: 3.522
 Nb/Nf: 66917.9 Eb/Ef: 80153
mass_bos= 0.217857 mass_fer= 2.71801e-06
compactness= 0.0912769
compactness_boson= 0.0648384
E_binding= 0.179173
