mass= 0.457892numbos: 0.19205 numfer: 0.0988929 omega: 0.641184 r99bos: 3.516 r99fer: 3.252 r99tot: 3.642
 Nb/Nf: 1.942 Eb/Ef: 2.02566
mass_bos= 0.225519 mass_fer= 0.111331
compactness= 0.125725
compactness_boson= 0.0641409
E_binding= 0.166949
