mass= 0.319266numbos: 0.140762 numfer: 8.14362e-09 omega: 0.719114 r99bos: 3.372 r99fer: 0.012 r99tot: 3.534
 Nb/Nf: 1.72849e+07 Eb/Ef: 2.59745e+07
mass_bos= 0.216291 mass_fer= 8.32706e-09
compactness= 0.0903413
compactness_boson= 0.0641432
E_binding= 0.178504
