mass= 0.311708numbos: 0.135543 numfer: 3.06607e-07 omega: 0.728733 r99bos: 3.408 r99fer: 0.036 r99tot: 3.558
 Nb/Nf: 442073 Eb/Ef: 627435
mass_bos= 0.211237 mass_fer= 3.36668e-07
compactness= 0.0876077
compactness_boson= 0.0619827
E_binding= 0.176165
