mass= 0.314314numbos: 0.137334 numfer: 4.63082e-06 omega: 0.725634 r99bos: 3.402 r99fer: 0.078 r99tot: 3.552
 Nb/Nf: 29656.5 Eb/Ef: 36786.9
mass_bos= 0.212929 mass_fer= 5.78817e-06
compactness= 0.0884892
compactness_boson= 0.0625893
E_binding= 0.176975
