mass= 0.460757numbos: 0.254403 numfer: 0.00359979 omega: 0.587345 r99bos: 3.228 r99fer: 0.99 r99tot: 3.546
 Nb/Nf: 70.6717 Eb/Ef: 73.2794
mass_bos= 0.293322 mass_fer= 0.00400279
compactness= 0.129937
compactness_boson= 0.0908679
E_binding= 0.202754
