mass= 0.321039numbos: 0.141969 numfer: 4.67409e-09 omega: 0.70997 r99bos: 3.276 r99fer: 0.006 r99tot: 3.444
 Nb/Nf: 3.03737e+07 Eb/Ef: 4.0204e+07
mass_bos= 0.220277 mass_fer= 5.47896e-09
compactness= 0.0932169
compactness_boson= 0.0672395
E_binding= 0.17907
