mass= 1.47489numbos: 0.0373518 numfer: 1.52729 omega: 0.481923 r99bos: 4.188 r99fer: 6.102 r99tot: 6.06
 Nb/Nf: 0.0244563 Eb/Ef: 0.0242241
mass_bos= 0.044643 mass_fer= 1.84292
compactness= 0.24338
compactness_boson= 0.0106597
E_binding= -0.0897532
