mass= 0.309169numbos: 0.133804 numfer: 2.61751e-07 omega: 0.731478 r99bos: 3.42 r99fer: 0.042 r99tot: 3.558
 Nb/Nf: 511189 Eb/Ef: 755354
mass_bos= 0.209637 mass_fer= 2.77534e-07
compactness= 0.0868942
compactness_boson= 0.0612973
E_binding= 0.175365
