mass= 0.3239numbos: 0.143987 numfer: 7.49041e-08 omega: 0.706488 r99bos: 3.264 r99fer: 0.006 r99tot: 3.438
 Nb/Nf: 1.92229e+06 Eb/Ef: 2.08715e+06
mass_bos= 0.221673 mass_fer= 1.06209e-07
compactness= 0.0942118
compactness_boson= 0.0679147
E_binding= 0.179913
