mass= 0.457726numbos: 0.25156 numfer: 0.0042147 omega: 0.596184 r99bos: 3.306 r99fer: 1.062 r99tot: 3.618
 Nb/Nf: 59.6862 Eb/Ef: 61.6769
mass_bos= 0.287817 mass_fer= 0.00466653
compactness= 0.126513
compactness_boson= 0.0870589
E_binding= 0.201951
