mass= 0.314309numbos: 0.13733 numfer: 3.31083e-06 omega: 0.72564 r99bos: 3.402 r99fer: 0.066 r99tot: 3.552
 Nb/Nf: 41479.1 Eb/Ef: 51526.2
mass_bos= 0.212926 mass_fer= 4.13239e-06
compactness= 0.0884878
compactness_boson= 0.0625886
E_binding= 0.176975
