mass= 1.1603numbos: 0.109897 numfer: 1.02744 omega: 0.55825 r99bos: 3.912 r99fer: 6.708 r99tot: 6.648
 Nb/Nf: 0.106962 Eb/Ef: 0.116557
mass_bos= 0.134594 mass_fer= 1.15475
compactness= 0.174533
compactness_boson= 0.0344055
E_binding= 0.0229617
