mass= 0.323419numbos: 0.143661 numfer: 5.05611e-07 omega: 0.712962 r99bos: 3.342 r99fer: 0.036 r99tot: 3.51
 Nb/Nf: 284134 Eb/Ef: 375749
mass_bos= 0.219281 mass_fer= 5.83584e-07
compactness= 0.0921423
compactness_boson= 0.0656137
E_binding= 0.179758
