mass= 0.376194numbos: 0.190942 numfer: 0.000910939 omega: 0.714603 r99bos: 4.062 r99fer: 0.9 r99tot: 4.296
 Nb/Nf: 209.61 Eb/Ef: 231.782
mass_bos= 0.219073 mass_fer= 0.000945172
compactness= 0.0875684
compactness_boson= 0.0539324
E_binding= 0.184341
