mass= 1.32207numbos: 0.0856143 numfer: 1.26182 omega: 0.503645 r99bos: 3.894 r99fer: 6.24 r99tot: 6.186
 Nb/Nf: 0.0678498 Eb/Ef: 0.0708024
mass_bos= 0.105004 mass_fer= 1.48305
compactness= 0.21372
compactness_boson= 0.0269655
E_binding= -0.0253611
