mass= 1.32464numbos: 0.0837088 numfer: 1.26759 omega: 0.496514 r99bos: 3.84 r99fer: 6.18 r99tot: 6.126
 Nb/Nf: 0.0660375 Eb/Ef: 0.0688764
mass_bos= 0.1031 mass_fer= 1.49688
compactness= 0.216232
compactness_boson= 0.0268489
E_binding= -0.0266665
