mass= 0.327835numbos: 0.146775 numfer: 2.05719e-07 omega: 0.704659 r99bos: 3.288 r99fer: 0.018 r99tot: 3.462
 Nb/Nf: 713472 Eb/Ef: 849840
mass_bos= 0.222963 mass_fer= 2.62359e-07
compactness= 0.0946952
compactness_boson= 0.0678112
E_binding= 0.18106
