mass= 0.489955numbos: 0.190027 numfer: 0.122294 omega: 0.904739 r99bos: 9.828 r99fer: 5.346 r99tot: 9.54
 Nb/Nf: 1.55385 Eb/Ef: 1.58579
mass_bos= 0.199172 mass_fer= 0.125598
compactness= 0.051358
compactness_boson= 0.0202658
E_binding= 0.177634
