mass= 0.526873numbos: 0.167862 numfer: 0.206422 omega: 0.905525 r99bos: 10.278 r99fer: 6.426 r99tot: 9.69
 Nb/Nf: 0.813197 Eb/Ef: 0.826857
mass_bos= 0.175223 mass_fer= 0.211915
compactness= 0.0543728
compactness_boson= 0.0170484
E_binding= 0.152589
