mass= 0.442824numbos: 0.236594 numfer: 0.00872149 omega: 0.583839 r99bos: 3.036 r99fer: 1.122 r99tot: 3.342
 Nb/Nf: 27.1277 Eb/Ef: 27.5718
mass_bos= 0.286976 mass_fer= 0.0104083
compactness= 0.132503
compactness_boson= 0.0945243
E_binding= 0.197509
