mass= 0.319267numbos: 0.140762 numfer: 2.72574e-06 omega: 0.719108 r99bos: 3.372 r99fer: 0.06 r99tot: 3.534
 Nb/Nf: 51641.8 Eb/Ef: 62357.7
mass_bos= 0.216291 mass_fer= 3.46855e-06
compactness= 0.0903416
compactness_boson= 0.0641431
E_binding= 0.178502
