mass= 0.327345numbos: 0.146428 numfer: 1.45081e-07 omega: 0.703272 r99bos: 3.264 r99fer: 0.012 r99tot: 3.444
 Nb/Nf: 1.00928e+06 Eb/Ef: 1.15901e+06
mass_bos= 0.223277 mass_fer= 1.92645e-07
compactness= 0.0950478
compactness_boson= 0.0684059
E_binding= 0.180917
