mass= 0.322295numbos: 0.142854 numfer: 1.04448e-08 omega: 0.708445 r99bos: 3.27 r99fer: 0.006 r99tot: 3.438
 Nb/Nf: 1.36771e+07 Eb/Ef: 1.52708e+07
mass_bos= 0.220875 mass_fer= 1.44639e-08
compactness= 0.0937449
compactness_boson= 0.0675459
E_binding= 0.179441
