mass= 0.304693numbos: 0.130751 numfer: 1.35046e-05 omega: 0.73525 r99bos: 3.414 r99fer: 0.114 r99tot: 3.552
 Nb/Nf: 9682.01 Eb/Ef: 12256.9
mass_bos= 0.206975 mass_fer= 1.68864e-05
compactness= 0.0857806
compactness_boson= 0.0606254
E_binding= 0.173928
