mass= 0.301688numbos: 0.12871 numfer: 3.16575e-06 omega: 0.735677 r99bos: 3.384 r99fer: 0.084 r99tot: 3.516
 Nb/Nf: 40656.9 Eb/Ef: 57598.2
mass_bos= 0.205489 mass_fer= 3.56763e-06
compactness= 0.0858043
compactness_boson= 0.0607237
E_binding= 0.172975
