mass= 0.321478numbos: 0.142303 numfer: 2.59345e-06 omega: 0.715927 r99bos: 3.36 r99fer: 0.054 r99tot: 3.522
 Nb/Nf: 54870 Eb/Ef: 63671.1
mass_bos= 0.217857 mass_fer= 3.42161e-06
compactness= 0.0912772
compactness_boson= 0.0648385
E_binding= 0.179173
