mass= 0.713666numbos: 0.166935 numfer: 0.426364 omega: 0.559951 r99bos: 3.228 r99fer: 5.478 r99tot: 5.346
 Nb/Nf: 0.391531 Eb/Ef: 0.423999
mass_bos= 0.203886 mass_fer= 0.480865
compactness= 0.133495
compactness_boson= 0.0631617
E_binding= 0.120367
