mass= 0.304658numbos: 0.130728 numfer: 2.58544e-07 omega: 0.735289 r99bos: 3.414 r99fer: 0.042 r99tot: 3.552
 Nb/Nf: 505633 Eb/Ef: 756697
mass_bos= 0.206962 mass_fer= 2.73508e-07
compactness= 0.0857707
compactness_boson= 0.0606217
E_binding= 0.173929
