mass= 0.323418numbos: 0.14366 numfer: 1.74486e-07 omega: 0.712964 r99bos: 3.342 r99fer: 0.024 r99tot: 3.51
 Nb/Nf: 823335 Eb/Ef: 1.10097e+06
mass_bos= 0.21928 mass_fer= 1.99171e-07
compactness= 0.092142
compactness_boson= 0.0656135
E_binding= 0.179758
