mass= 0.475716numbos: 0.202732 numfer: 0.104144 omega: 0.606518 r99bos: 3.27 r99fer: 3.096 r99tot: 3.426
 Nb/Nf: 1.94666 Eb/Ef: 1.99713
mass_bos= 0.24057 mass_fer= 0.120458
compactness= 0.138855
compactness_boson= 0.0735689
E_binding= 0.16884
