mass= 0.32652numbos: 0.145843 numfer: 2.06549e-08 omega: 0.703795 r99bos: 3.258 r99fer: 0.006 r99tot: 3.438
 Nb/Nf: 7.06092e+06 Eb/Ef: 9.51714e+06
mass_bos= 0.222944 mass_fer= 2.34255e-08
compactness= 0.0949738
compactness_boson= 0.0684297
E_binding= 0.180677
