mass= 0.427658numbos: 0.217937 numfer: 0.0214439 omega: 0.641815 r99bos: 3.552 r99fer: 1.782 r99tot: 3.81
 Nb/Nf: 10.1631 Eb/Ef: 10.3672
mass_bos= 0.250352 mass_fer= 0.0241485
compactness= 0.112246
compactness_boson= 0.0704821
E_binding= 0.188277
