mass= 0.318559numbos: 0.140223 numfer: 1.42937e-08 omega: 0.712795 r99bos: 3.282 r99fer: 0.006 r99tot: 3.444
 Nb/Nf: 9.81015e+06 Eb/Ef: 1.00419e+07
mass_bos= 0.219122 mass_fer= 2.18208e-08
compactness= 0.0924967
compactness_boson= 0.0667647
E_binding= 0.178335
