mass= 0.309192numbos: 0.133819 numfer: 8.01305e-06 omega: 0.731449 r99bos: 3.42 r99fer: 0.09 r99tot: 3.558
 Nb/Nf: 16700.1 Eb/Ef: 20661.7
mass_bos= 0.209646 mass_fer= 1.01466e-05
compactness= 0.0869005
compactness_boson= 0.0613
E_binding= 0.175365
