mass= 0.327837numbos: 0.146777 numfer: 3.30024e-07 omega: 0.704657 r99bos: 3.288 r99fer: 0.024 r99tot: 3.462
 Nb/Nf: 444746 Eb/Ef: 543712
mass_bos= 0.222965 mass_fer= 4.10079e-07
compactness= 0.0946959
compactness_boson= 0.0678117
E_binding= 0.18106
