mass= 0.369269numbos: 0.177926 numfer: 0.00351517 omega: 0.631669 r99bos: 2.898 r99fer: 0.738 r99tot: 3.144
 Nb/Nf: 50.6166 Eb/Ef: 55.4729
mass_bos= 0.249562 mass_fer= 0.00449881
compactness= 0.117452
compactness_boson= 0.0861154
E_binding= 0.187828
