mass= 0.316844numbos: 0.139081 numfer: 7.58041e-07 omega: 0.722401 r99bos: 3.39 r99fer: 0.042 r99tot: 3.546
 Nb/Nf: 183474 Eb/Ef: 241903
mass_bos= 0.214625 mass_fer= 8.87233e-07
compactness= 0.0893525
compactness_boson= 0.0633111
E_binding= 0.177762
