mass= 0.309207numbos: 0.133829 numfer: 1.31273e-05 omega: 0.731432 r99bos: 3.42 r99fer: 0.108 r99tot: 3.564
 Nb/Nf: 10194.7 Eb/Ef: 12282
mass_bos= 0.209652 mass_fer= 1.70698e-05
compactness= 0.0867585
compactness_boson= 0.0613017
E_binding= 0.175365
