mass= 0.318552numbos: 0.140218 numfer: 1.5393e-08 omega: 0.712802 r99bos: 3.282 r99fer: 0.006 r99tot: 3.444
 Nb/Nf: 9.10923e+06 Eb/Ef: 9.08359e+06
mass_bos= 0.219118 mass_fer= 2.41224e-08
compactness= 0.0924948
compactness_boson= 0.0667635
E_binding= 0.178334
