mass= 0.332609numbos: 0.150871 numfer: 4.15244e-05 omega: 0.673137 r99bos: 2.976 r99fer: 0.216 r99tot: 3.18
 Nb/Nf: 3633.31 Eb/Ef: 4946.92
mass_bos= 0.228394 mass_fer= 4.61689e-05
compactness= 0.104594
compactness_boson= 0.0767453
E_binding= 0.181696
