mass= 0.327858numbos: 0.146792 numfer: 1.03454e-07 omega: 0.703239 r99bos: 3.27 r99fer: 0.012 r99tot: 3.45
 Nb/Nf: 1.41891e+06 Eb/Ef: 1.73802e+06
mass_bos= 0.223404 mass_fer= 1.28539e-07
compactness= 0.0950312
compactness_boson= 0.0683193
E_binding= 0.181066
