mass= 0.31171numbos: 0.135544 numfer: 1.43116e-07 omega: 0.728731 r99bos: 3.414 r99fer: 0.03 r99tot: 3.558
 Nb/Nf: 947088 Eb/Ef: 1.37659e+06
mass_bos= 0.211238 mass_fer= 1.5345e-07
compactness= 0.0876082
compactness_boson= 0.0618741
E_binding= 0.176166
