mass= 0.45108numbos: 0.238622 numfer: 0.0181907 omega: 0.599936 r99bos: 3.27 r99fer: 1.542 r99tot: 3.558
 Nb/Nf: 13.1178 Eb/Ef: 13.0869
mass_bos= 0.27678 mass_fer= 0.0211495
compactness= 0.126779
compactness_boson= 0.0846422
E_binding= 0.194267
