mass= 0.32342numbos: 0.143661 numfer: 2.21496e-08 omega: 0.712963 r99bos: 3.342 r99fer: 0.012 r99tot: 3.51
 Nb/Nf: 6.48595e+06 Eb/Ef: 9.28335e+06
mass_bos= 0.219281 mass_fer= 2.36209e-08
compactness= 0.0921423
compactness_boson= 0.0656137
E_binding= 0.179758
