mass= 0.317827numbos: 0.139711 numfer: 1.45678e-08 omega: 0.713642 r99bos: 3.282 r99fer: 0.006 r99tot: 3.444
 Nb/Nf: 9.59039e+06 Eb/Ef: 9.77265e+06
mass_bos= 0.218774 mass_fer= 2.23864e-08
compactness= 0.0922843
compactness_boson= 0.0666589
E_binding= 0.178116
