mass= 0.301689numbos: 0.12871 numfer: 3.59159e-06 omega: 0.735676 r99bos: 3.384 r99fer: 0.09 r99tot: 3.516
 Nb/Nf: 35836.6 Eb/Ef: 50725.8
mass_bos= 0.205489 mass_fer= 4.05098e-06
compactness= 0.0858045
compactness_boson= 0.0607238
E_binding= 0.172975
