mass= 0.325362numbos: 0.145022 numfer: 5.4206e-08 omega: 0.704861 r99bos: 3.258 r99fer: 0.006 r99tot: 3.438
 Nb/Nf: 2.67538e+06 Eb/Ef: 2.86279e+06
mass_bos= 0.2224 mass_fer= 7.76864e-08
compactness= 0.094637
compactness_boson= 0.0682626
E_binding= 0.18034
