mass= 0.499798numbos: 0.198311 numfer: 0.138716 omega: 0.58684 r99bos: 3.132 r99fer: 3.426 r99tot: 3.414
 Nb/Nf: 1.42961 Eb/Ef: 1.47878
mass_bos= 0.239759 mass_fer= 0.162133
compactness= 0.146397
compactness_boson= 0.0765516
E_binding= 0.162771
