mass= 0.707218numbos: 0.16343 numfer: 0.423558 omega: 0.580648 r99bos: 3.372 r99fer: 5.61 r99tot: 5.484
 Nb/Nf: 0.38585 Eb/Ef: 0.419116
mass_bos= 0.197943 mass_fer= 0.472286
compactness= 0.12896
compactness_boson= 0.0587018
E_binding= 0.12023
