mass= 0.317834numbos: 0.139717 numfer: 1.34685e-08 omega: 0.713634 r99bos: 3.282 r99fer: 0.006 r99tot: 3.45
 Nb/Nf: 1.03736e+07 Eb/Ef: 1.08566e+07
mass_bos= 0.218779 mass_fer= 2.01516e-08
compactness= 0.0921259
compactness_boson= 0.0666602
E_binding= 0.178118
