mass= 0.397998numbos: 0.19843 numfer: 0.00961622 omega: 0.607905 r99bos: 2.91 r99fer: 1.056 r99tot: 3.174
 Nb/Nf: 20.6349 Eb/Ef: 21.4454
mass_bos= 0.262867 mass_fer= 0.0122575
compactness= 0.125393
compactness_boson= 0.0903323
E_binding= 0.189952
