mass= 0.306786numbos: 0.132177 numfer: 1.76483e-07 omega: 0.733718 r99bos: 3.42 r99fer: 0.036 r99tot: 3.558
 Nb/Nf: 748953 Eb/Ef: 1.11223e+06
mass_bos= 0.20819 mass_fer= 1.87183e-07
compactness= 0.0862242
compactness_boson= 0.0608742
E_binding= 0.174608
