mass= 0.323916numbos: 0.143999 numfer: 2.47276e-09 omega: 0.706472 r99bos: 3.264 r99fer: 0.006 r99tot: 3.438
 Nb/Nf: 5.82342e+07 Eb/Ef: 8.21648e+07
mass_bos= 0.221683 mass_fer= 2.69803e-09
compactness= 0.0942164
compactness_boson= 0.0679176
E_binding= 0.179917
