mass= 0.362476numbos: 0.173657 numfer: 0.0160407 omega: 0.739615 r99bos: 4.236 r99fer: 1.914 r99tot: 4.416
 Nb/Nf: 10.826 Eb/Ef: 11.6436
mass_bos= 0.201265 mass_fer= 0.0172855
compactness= 0.0820825
compactness_boson= 0.0475129
E_binding= 0.172779
