mass= 0.319257numbos: 0.140755 numfer: 1.02366e-07 omega: 0.719122 r99bos: 3.372 r99fer: 0.024 r99tot: 3.534
 Nb/Nf: 1.37501e+06 Eb/Ef: 1.96143e+06
mass_bos= 0.216285 mass_fer= 1.1027e-07
compactness= 0.0903386
compactness_boson= 0.0641416
E_binding= 0.178502
