mass= 0.301683numbos: 0.128707 numfer: 1.95832e-07 omega: 0.735682 r99bos: 3.384 r99fer: 0.042 r99tot: 3.516
 Nb/Nf: 657233 Eb/Ef: 1.00404e+06
mass_bos= 0.205488 mass_fer= 2.04661e-07
compactness= 0.085803
compactness_boson= 0.0607234
E_binding= 0.172976
