mass= 0.353898numbos: 0.152644 numfer: 0.043488 omega: 0.783914 r99bos: 4.704 r99fer: 2.94 r99tot: 4.77
 Nb/Nf: 3.51002 Eb/Ef: 3.83557
mass_bos= 0.177913 mass_fer= 0.0463849
compactness= 0.0741924
compactness_boson= 0.0378216
E_binding= 0.157766
