mass= 0.319324numbos: 0.140763 numfer: 1.37345e-09 omega: 0.711936 r99bos: 3.282 r99fer: 0.006 r99tot: 3.45
 Nb/Nf: 1.02488e+08 Eb/Ef: 1.52108e+08
mass_bos= 0.219484 mass_fer= 1.44295e-09
compactness= 0.0925578
compactness_boson= 0.0668751
E_binding= 0.178562
