mass= 0.327354numbos: 0.146435 numfer: 2.19861e-09 omega: 0.703262 r99bos: 3.264 r99fer: 0.006 r99tot: 3.444
 Nb/Nf: 6.66034e+07 Eb/Ef: 9.39466e+07
mass_bos= 0.223283 mass_fer= 2.3767e-09
compactness= 0.0950506
compactness_boson= 0.0684078
E_binding= 0.180919
