mass= 0.332306numbos: 0.150601 numfer: 0.000278063 omega: 0.673701 r99bos: 2.982 r99fer: 0.342 r99tot: 3.18
 Nb/Nf: 541.609 Eb/Ef: 678.536
mass_bos= 0.228009 mass_fer= 0.000336031
compactness= 0.104499
compactness_boson= 0.0764617
E_binding= 0.181427
