mass= 0.32105numbos: 0.141977 numfer: 1.09931e-09 omega: 0.70996 r99bos: 3.276 r99fer: 0.006 r99tot: 3.444
 Nb/Nf: 1.29151e+08 Eb/Ef: 1.92584e+08
mass_bos= 0.220283 mass_fer= 1.14383e-09
compactness= 0.09322
compactness_boson= 0.0672414
E_binding= 0.179073
