mass= 0.316852numbos: 0.139087 numfer: 2.6052e-06 omega: 0.722391 r99bos: 3.39 r99fer: 0.066 r99tot: 3.546
 Nb/Nf: 53388.1 Eb/Ef: 67420.9
mass_bos= 0.214629 mass_fer= 3.18341e-06
compactness= 0.0893547
compactness_boson= 0.0633123
E_binding= 0.177763
