mass= 0.327839numbos: 0.146778 numfer: 5.3125e-07 omega: 0.704655 r99bos: 3.288 r99fer: 0.03 r99tot: 3.462
 Nb/Nf: 276288 Eb/Ef: 340067
mass_bos= 0.222966 mass_fer= 6.55653e-07
compactness= 0.0946965
compactness_boson= 0.067812
E_binding= 0.18106
