mass= 0.322279numbos: 0.142841 numfer: 1.40195e-08 omega: 0.708462 r99bos: 3.264 r99fer: 0.006 r99tot: 3.438
 Nb/Nf: 1.01887e+07 Eb/Ef: 1.03884e+07
mass_bos= 0.220865 mass_fer= 2.12606e-08
compactness= 0.0937401
compactness_boson= 0.067667
E_binding= 0.179437
