mass= 0.326349numbos: 0.145723 numfer: 2.32115e-07 omega: 0.707978 r99bos: 3.312 r99fer: 0.024 r99tot: 3.486
 Nb/Nf: 627803 Eb/Ef: 815352
mass_bos= 0.221571 mass_fer= 2.71749e-07
compactness= 0.093617
compactness_boson= 0.0668994
E_binding= 0.180626
