mass= 0.370252numbos: 0.178918 numfer: 0.00295077 omega: 0.630617 r99bos: 2.898 r99fer: 0.702 r99tot: 3.144
 Nb/Nf: 60.6344 Eb/Ef: 66.9432
mass_bos= 0.250581 mass_fer= 0.00374318
compactness= 0.117764
compactness_boson= 0.0864668
E_binding= 0.188382
