mass= 0.302919numbos: 0.129547 numfer: 1.25393e-06 omega: 0.735997 r99bos: 3.402 r99fer: 0.066 r99tot: 3.534
 Nb/Nf: 103312 Eb/Ef: 149885
mass_bos= 0.206038 mass_fer= 1.37464e-06
compactness= 0.0857156
compactness_boson= 0.0605637
E_binding= 0.173371
