mass= 0.318567numbos: 0.140229 numfer: 1.29175e-08 omega: 0.712787 r99bos: 3.282 r99fer: 0.006 r99tot: 3.444
 Nb/Nf: 1.08557e+07 Eb/Ef: 1.14937e+07
mass_bos= 0.219127 mass_fer= 1.9065e-08
compactness= 0.0924991
compactness_boson= 0.0667662
E_binding= 0.178337
