mass= 0.319265numbos: 0.140761 numfer: 1.11009e-08 omega: 0.719114 r99bos: 3.372 r99fer: 0.012 r99tot: 3.534
 Nb/Nf: 1.26801e+07 Eb/Ef: 1.88155e+07
mass_bos= 0.216291 mass_fer= 1.14953e-08
compactness= 0.0903411
compactness_boson= 0.0641431
E_binding= 0.178504
