mass= 0.430646numbos: 0.231611 numfer: 3.55782e-06 omega: 0.640107 r99bos: 3.606 r99fer: 0.264 r99tot: 3.894
 Nb/Nf: 65099.3 Eb/Ef: 73283.5
mass_bos= 0.262216 mass_fer= 3.5781e-06
compactness= 0.110592
compactness_boson= 0.0727166
E_binding= 0.199031
