mass= 0.30472numbos: 0.130769 numfer: 2.61697e-05 omega: 0.735224 r99bos: 3.414 r99fer: 0.138 r99tot: 3.552
 Nb/Nf: 4996.97 Eb/Ef: 6058.98
mass_bos= 0.206982 mass_fer= 3.41612e-05
compactness= 0.0857884
compactness_boson= 0.0606275
E_binding= 0.173925
