mass= 0.301767numbos: 0.128758 numfer: 5.43132e-05 omega: 0.735626 r99bos: 3.384 r99fer: 0.174 r99tot: 3.516
 Nb/Nf: 2370.66 Eb/Ef: 2887.85
mass_bos= 0.205496 mass_fer= 7.11588e-05
compactness= 0.0858267
compactness_boson= 0.0607258
E_binding= 0.172954
