mass= 0.453225numbos: 0.242429 numfer: 0.0145904 omega: 0.591893 r99bos: 3.204 r99fer: 1.404 r99tot: 3.504
 Nb/Nf: 16.6156 Eb/Ef: 16.5937
mass_bos= 0.283036 mass_fer= 0.0170568
compactness= 0.129345
compactness_boson= 0.0883383
E_binding= 0.196206
