mass= 0.301076numbos: 0.128293 numfer: 7.08734e-07 omega: 0.734188 r99bos: 3.354 r99fer: 0.06 r99tot: 3.492
 Nb/Nf: 181017 Eb/Ef: 271885
mass_bos= 0.205387 mass_fer= 7.55416e-07
compactness= 0.0862187
compactness_boson= 0.0612363
E_binding= 0.172782
