mass= 0.32652numbos: 0.145843 numfer: 2.60747e-08 omega: 0.703794 r99bos: 3.258 r99fer: 0.006 r99tot: 3.438
 Nb/Nf: 5.59329e+06 Eb/Ef: 6.92054e+06
mass_bos= 0.222944 mass_fer= 3.22149e-08
compactness= 0.0949739
compactness_boson= 0.0684298
E_binding= 0.180677
