mass= 0.314299numbos: 0.137324 numfer: 6.4995e-07 omega: 0.725653 r99bos: 3.402 r99fer: 0.042 r99tot: 3.552
 Nb/Nf: 211284 Eb/Ef: 286245
mass_bos= 0.212922 mass_fer= 7.43844e-07
compactness= 0.0884851
compactness_boson= 0.0625872
E_binding= 0.176975
