mass= 0.323908numbos: 0.143994 numfer: 4.39722e-09 omega: 0.70648 r99bos: 3.264 r99fer: 0.006 r99tot: 3.438
 Nb/Nf: 3.27465e+07 Eb/Ef: 4.33849e+07
mass_bos= 0.221678 mass_fer= 5.10957e-09
compactness= 0.0942142
compactness_boson= 0.0679162
E_binding= 0.179915
