mass= 0.302278numbos: 0.129117 numfer: 2.58988e-07 omega: 0.72714 r99bos: 3.282 r99fer: 0.054 r99tot: 3.42
 Nb/Nf: 498543 Eb/Ef: 773552
mass_bos= 0.206846 mass_fer= 2.67398e-07
compactness= 0.0883855
compactness_boson= 0.0630244
E_binding= 0.173161
