mass= 0.309168numbos: 0.133803 numfer: 3.52959e-07 omega: 0.731479 r99bos: 3.42 r99fer: 0.042 r99tot: 3.558
 Nb/Nf: 379089 Eb/Ef: 549376
mass_bos= 0.209636 mass_fer= 3.81589e-07
compactness= 0.0868938
compactness_boson= 0.0612971
E_binding= 0.175365
