mass= 0.327286numbos: 0.146386 numfer: 4.82467e-09 omega: 0.706083 r99bos: 3.3 r99fer: 0.006 r99tot: 3.474
 Nb/Nf: 3.03412e+07 Eb/Ef: 4.45015e+07
mass_bos= 0.222391 mass_fer= 4.99737e-09
compactness= 0.0942101
compactness_boson= 0.0673912
E_binding= 0.1809
