mass= 0.316842numbos: 0.13908 numfer: 1.76548e-07 omega: 0.722403 r99bos: 3.39 r99fer: 0.03 r99tot: 3.546
 Nb/Nf: 787775 Eb/Ef: 1.12018e+06
mass_bos= 0.214624 mass_fer= 1.91597e-07
compactness= 0.0893521
compactness_boson= 0.0633109
E_binding= 0.177762
