mass= 0.321468numbos: 0.142296 numfer: 1.42644e-07 omega: 0.71594 r99bos: 3.36 r99fer: 0.024 r99tot: 3.522
 Nb/Nf: 997556 Eb/Ef: 1.384e+06
mass_bos= 0.217852 mass_fer= 1.57408e-07
compactness= 0.0912743
compactness_boson= 0.064837
E_binding= 0.179172
