mass= 0.327838numbos: 0.146777 numfer: 1.15707e-08 omega: 0.704657 r99bos: 3.288 r99fer: 0.006 r99tot: 3.462
 Nb/Nf: 1.26852e+07 Eb/Ef: 1.76611e+07
mass_bos= 0.222965 mass_fer= 1.26246e-08
compactness= 0.094696
compactness_boson= 0.0678118
E_binding= 0.181061
