mass= 0.321014numbos: 0.14195 numfer: 1.4842e-08 omega: 0.709995 r99bos: 3.27 r99fer: 0.006 r99tot: 3.444
 Nb/Nf: 9.56409e+06 Eb/Ef: 9.59427e+06
mass_bos= 0.220261 mass_fer= 2.29576e-08
compactness= 0.0932096
compactness_boson= 0.0673582
E_binding= 0.179064
