mass= 0.328032numbos: 0.146916 numfer: 9.33166e-09 omega: 0.703697 r99bos: 3.276 r99fer: 0.006 r99tot: 3.456
 Nb/Nf: 1.57438e+07 Eb/Ef: 2.20482e+07
mass_bos= 0.223306 mass_fer= 1.01281e-08
compactness= 0.0949167
compactness_boson= 0.0681643
E_binding= 0.181116
