mass= 0.302918numbos: 0.129546 numfer: 6.66792e-07 omega: 0.735999 r99bos: 3.402 r99fer: 0.054 r99tot: 3.534
 Nb/Nf: 194282 Eb/Ef: 285785
mass_bos= 0.206037 mass_fer= 7.20952e-07
compactness= 0.0857153
compactness_boson= 0.0605636
E_binding= 0.173371
