mass= 0.317067numbos: 0.139182 numfer: 1.34685e-08 omega: 0.714569 r99bos: 3.288 r99fer: 0.006 r99tot: 3.45
 Nb/Nf: 1.03339e+07 Eb/Ef: 1.08382e+07
mass_bos= 0.218407 mass_fer= 2.01516e-08
compactness= 0.0919035
compactness_boson= 0.0664254
E_binding= 0.177885
