mass= 0.374579numbos: 0.183134 numfer: 0.000628189 omega: 0.6258 r99bos: 2.886 r99fer: 0.474 r99tot: 3.138
 Nb/Nf: 291.526 Eb/Ef: 345.692
mass_bos= 0.254992 mass_fer= 0.000737628
compactness= 0.119369
compactness_boson= 0.0883549
E_binding= 0.190818
