mass= 0.321469numbos: 0.142297 numfer: 5.97676e-08 omega: 0.715939 r99bos: 3.36 r99fer: 0.018 r99tot: 3.522
 Nb/Nf: 2.38083e+06 Eb/Ef: 3.35659e+06
mass_bos= 0.217853 mass_fer= 6.49031e-08
compactness= 0.0912747
compactness_boson= 0.0648372
E_binding= 0.179173
