mass= 0.301126numbos: 0.128325 numfer: 3.1836e-05 omega: 0.734153 r99bos: 3.36 r99fer: 0.162 r99tot: 3.492
 Nb/Nf: 4030.81 Eb/Ef: 5200.92
mass_bos= 0.205394 mass_fer= 3.94918e-05
compactness= 0.0862331
compactness_boson= 0.0611291
E_binding= 0.172769
