mass= 0.317832numbos: 0.139715 numfer: 1.37427e-08 omega: 0.713636 r99bos: 3.282 r99fer: 0.006 r99tot: 3.45
 Nb/Nf: 1.01665e+07 Eb/Ef: 1.05687e+07
mass_bos= 0.218778 mass_fer= 2.07006e-08
compactness= 0.0921253
compactness_boson= 0.0666598
E_binding= 0.178117
