mass= 1.1704numbos: 0.109475 numfer: 1.04034 omega: 0.490979 r99bos: 3.384 r99fer: 6.282 r99tot: 6.222
 Nb/Nf: 0.105231 Eb/Ef: 0.115044
mass_bos= 0.138605 mass_fer= 1.20481
compactness= 0.188107
compactness_boson= 0.0409591
E_binding= 0.0205906
