mass= 1.37135numbos: 0.0851265 numfer: 1.32597 omega: 0.587665 r99bos: 4.944 r99fer: 6.864 r99tot: 6.816
 Nb/Nf: 0.0641992 Eb/Ef: 0.0649202
mass_bos= 0.0973994 mass_fer= 1.50029
compactness= 0.201196
compactness_boson= 0.0197005
E_binding= -0.0397475
