mass= 0.863764numbos: 0.148021 numfer: 0.624437 omega: 0.553475 r99bos: 3.372 r99fer: 6.144 r99tot: 6.048
 Nb/Nf: 0.237047 Eb/Ef: 0.259647
mass_bos= 0.181524 mass_fer= 0.699119
compactness= 0.142818
compactness_boson= 0.0538329
E_binding= 0.0913055
