mass= 0.321024numbos: 0.141958 numfer: 1.04448e-08 omega: 0.709985 r99bos: 3.276 r99fer: 0.006 r99tot: 3.444
 Nb/Nf: 1.35913e+07 Eb/Ef: 1.52288e+07
mass_bos= 0.220268 mass_fer= 1.44639e-08
compactness= 0.0932126
compactness_boson= 0.0672367
E_binding= 0.179066
