mass= 0.4118numbos: 0.211143 numfer: 0.0119603 omega: 0.663773 r99bos: 3.708 r99fer: 1.566 r99tot: 3.96
 Nb/Nf: 17.6536 Eb/Ef: 18.3644
mass_bos= 0.241714 mass_fer= 0.013162
compactness= 0.10399
compactness_boson= 0.065187
E_binding= 0.188697
