mass= 0.307516numbos: 0.132744 numfer: 6.56514e-05 omega: 0.714309 r99bos: 3.18 r99fer: 0.21 r99tot: 3.336
 Nb/Nf: 2021.95 Eb/Ef: 2668.88
mass_bos= 0.210923 mass_fer= 7.90308e-05
compactness= 0.0921812
compactness_boson= 0.0663281
E_binding= 0.174707
