mass= 0.452395numbos: 0.242195 numfer: 0.0137514 omega: 0.599298 r99bos: 3.282 r99fer: 1.422 r99tot: 3.582
 Nb/Nf: 17.6124 Eb/Ef: 17.663
mass_bos= 0.279801 mass_fer= 0.0158411
compactness= 0.126297
compactness_boson= 0.0852533
E_binding= 0.196449
