mass= 0.478239numbos: 0.20349 numfer: 0.106031 omega: 0.586811 r99bos: 3.084 r99fer: 2.982 r99tot: 3.246
 Nb/Nf: 1.91915 Eb/Ef: 1.96274
mass_bos= 0.247086 mass_fer= 0.125889
compactness= 0.147332
compactness_boson= 0.0801187
E_binding= 0.168718
