mass= 0.32148numbos: 0.142304 numfer: 2.62562e-06 omega: 0.715926 r99bos: 3.36 r99fer: 0.06 r99tot: 3.522
 Nb/Nf: 54198.1 Eb/Ef: 65109.2
mass_bos= 0.217858 mass_fer= 3.34604e-06
compactness= 0.0912776
compactness_boson= 0.0648388
E_binding= 0.179173
