mass= 0.325362numbos: 0.145022 numfer: 4.57159e-08 omega: 0.704861 r99bos: 3.258 r99fer: 0.006 r99tot: 3.438
 Nb/Nf: 3.17224e+06 Eb/Ef: 3.50906e+06
mass_bos= 0.2224 mass_fer= 6.33786e-08
compactness= 0.094637
compactness_boson= 0.0682626
E_binding= 0.18034
