mass= 0.328023numbos: 0.146909 numfer: 1.0554e-07 omega: 0.703706 r99bos: 3.276 r99fer: 0.012 r99tot: 3.456
 Nb/Nf: 1.39197e+06 Eb/Ef: 1.65201e+06
mass_bos= 0.2233 mass_fer= 1.35169e-07
compactness= 0.094914
compactness_boson= 0.0681625
E_binding= 0.181114
