mass= 0.304334numbos: 0.130535 numfer: 2.27134e-06 omega: 0.721432 r99bos: 3.228 r99fer: 0.096 r99tot: 3.378
 Nb/Nf: 57470.5 Eb/Ef: 85954.7
mass_bos= 0.208544 mass_fer= 2.42621e-06
compactness= 0.0900929
compactness_boson= 0.0646048
E_binding= 0.173796
