mass= 0.326519numbos: 0.145842 numfer: 2.26588e-08 omega: 0.703796 r99bos: 3.258 r99fer: 0.006 r99tot: 3.438
 Nb/Nf: 6.43643e+06 Eb/Ef: 8.5745e+06
mass_bos= 0.222943 mass_fer= 2.60007e-08
compactness= 0.0949734
compactness_boson= 0.0684295
E_binding= 0.180677
