mass= 0.304361numbos: 0.130547 numfer: 5.61313e-05 omega: 0.721461 r99bos: 3.234 r99fer: 0.198 r99tot: 3.378
 Nb/Nf: 2325.75 Eb/Ef: 3061.63
mass_bos= 0.208517 mass_fer= 6.81064e-05
compactness= 0.0901008
compactness_boson= 0.0644765
E_binding= 0.173757
