mass= 0.325367numbos: 0.145026 numfer: 4.12308e-09 omega: 0.704856 r99bos: 3.258 r99fer: 0.006 r99tot: 3.438
 Nb/Nf: 3.51742e+07 Eb/Ef: 4.68278e+07
mass_bos= 0.222403 mass_fer= 4.74937e-09
compactness= 0.0946385
compactness_boson= 0.0682636
E_binding= 0.180341
