mass= 0.318564numbos: 0.140227 numfer: 1.34685e-08 omega: 0.71279 r99bos: 3.282 r99fer: 0.006 r99tot: 3.444
 Nb/Nf: 1.04115e+07 Eb/Ef: 1.08738e+07
mass_bos= 0.219125 mass_fer= 2.01516e-08
compactness= 0.0924982
compactness_boson= 0.0667657
E_binding= 0.178337
