mass= 0.435842numbos: 0.225957 numfer: 0.0176444 omega: 0.588389 r99bos: 3.018 r99fer: 1.374 r99tot: 3.3
 Nb/Nf: 12.8062 Eb/Ef: 12.8075
mass_bos= 0.277638 mass_fer= 0.0216777
compactness= 0.132073
compactness_boson= 0.0919942
E_binding= 0.192241
