mass= 0.896184numbos: 0.136408 numfer: 0.677635 omega: 0.591781 r99bos: 3.714 r99fer: 6.528 r99tot: 6.438
 Nb/Nf: 0.2013 Eb/Ef: 0.222055
mass_bos= 0.165775 mass_fer= 0.746547
compactness= 0.139202
compactness_boson= 0.0446351
E_binding= 0.0821411
