mass= 0.301262numbos: 0.128418 numfer: 2.10205e-05 omega: 0.731355 r99bos: 3.324 r99fer: 0.144 r99tot: 3.456
 Nb/Nf: 6109.19 Eb/Ef: 8190.92
mass_bos= 0.205818 mass_fer= 2.51276e-05
compactness= 0.0871706
compactness_boson= 0.0619188
E_binding= 0.172823
