mass= 0.463612numbos: 0.18144 numfer: 0.121381 omega: 0.656259 r99bos: 3.63 r99fer: 3.678 r99tot: 3.768
 Nb/Nf: 1.4948 Eb/Ef: 1.58404
mass_bos= 0.213518 mass_fer= 0.134793
compactness= 0.123039
compactness_boson= 0.0588204
E_binding= 0.160791
