mass= 0.322277numbos: 0.14284 numfer: 1.70406e-08 omega: 0.708464 r99bos: 3.264 r99fer: 0.006 r99tot: 3.438
 Nb/Nf: 8.38232e+06 Eb/Ef: 7.96231e+06
mass_bos= 0.220864 mass_fer= 2.77387e-08
compactness= 0.0937396
compactness_boson= 0.0676667
E_binding= 0.179437
