mass= 0.321032numbos: 0.141964 numfer: 7.42099e-09 omega: 0.709978 r99bos: 3.276 r99fer: 0.006 r99tot: 3.444
 Nb/Nf: 1.913e+07 Eb/Ef: 2.33095e+07
mass_bos= 0.220272 mass_fer= 9.44989e-09
compactness= 0.0932148
compactness_boson= 0.0672381
E_binding= 0.179068
