mass= 0.327277numbos: 0.14638 numfer: 1.35795e-07 omega: 0.706091 r99bos: 3.3 r99fer: 0.018 r99tot: 3.474
 Nb/Nf: 1.07795e+06 Eb/Ef: 1.4042e+06
mass_bos= 0.222386 mass_fer= 1.58372e-07
compactness= 0.0942077
compactness_boson= 0.0673896
E_binding= 0.180898
