mass= 0.415814numbos: 0.209757 numfer: 0.0163481 omega: 0.597043 r99bos: 2.94 r99fer: 1.29 r99tot: 3.21
 Nb/Nf: 12.8307 Eb/Ef: 13.0102
mass_bos= 0.268524 mass_fer= 0.0206394
compactness= 0.129537
compactness_boson= 0.0913346
E_binding= 0.189709
