mass= 0.30433numbos: 0.130532 numfer: 5.0422e-07 omega: 0.721435 r99bos: 3.228 r99fer: 0.066 r99tot: 3.378
 Nb/Nf: 258880 Eb/Ef: 398486
mass_bos= 0.208543 mass_fer= 5.23338e-07
compactness= 0.0900916
compactness_boson= 0.0646044
E_binding= 0.173797
