mass= 0.363639numbos: 0.174598 numfer: 7.89906e-05 omega: 0.636308 r99bos: 2.886 r99fer: 0.288 r99tot: 3.132
 Nb/Nf: 2210.36 Eb/Ef: 2867.03
mass_bos= 0.24854 mass_fer= 8.6689e-05
compactness= 0.116104
compactness_boson= 0.0861191
E_binding= 0.188962
