mass= 0.317521numbos: 0.139847 numfer: 1.91722e-05 omega: 0.695798 r99bos: 3.072 r99fer: 0.174 r99tot: 3.246
 Nb/Nf: 7294.26 Eb/Ef: 10278.9
mass_bos= 0.218132 mass_fer= 2.12213e-05
compactness= 0.0978192
compactness_boson= 0.0710066
E_binding= 0.177655
