mass= 0.307399numbos: 0.132629 numfer: 0.000252712 omega: 0.714692 r99bos: 3.186 r99fer: 0.294 r99tot: 3.336
 Nb/Nf: 524.821 Eb/Ef: 640.703
mass_bos= 0.210682 mass_fer= 0.00032883
compactness= 0.092146
compactness_boson= 0.0661276
E_binding= 0.174517
