mass= 1.33906numbos: 0.0796003 numfer: 1.29162 omega: 0.490944 r99bos: 3.852 r99fer: 6.108 r99tot: 6.054
 Nb/Nf: 0.0616281 Eb/Ef: 0.0636523
mass_bos= 0.0977644 mass_fer= 1.53591
compactness= 0.221187
compactness_boson= 0.0253802
E_binding= -0.0321601
