mass= 0.32635numbos: 0.145724 numfer: 3.9236e-07 omega: 0.707977 r99bos: 3.312 r99fer: 0.03 r99tot: 3.486
 Nb/Nf: 371404 Eb/Ef: 482661
mass_bos= 0.221572 mass_fer= 4.59062e-07
compactness= 0.0936174
compactness_boson= 0.0668996
E_binding= 0.180626
