mass= 0.411155numbos: 0.213069 numfer: 0.00075642 omega: 0.596342 r99bos: 2.904 r99fer: 0.546 r99tot: 3.198
 Nb/Nf: 281.68 Eb/Ef: 322.424
mass_bos= 0.276851 mass_fer= 0.000858656
compactness= 0.128566
compactness_boson= 0.0953344
E_binding= 0.19733
