mass= 0.327845numbos: 0.146783 numfer: 4.66965e-09 omega: 0.704649 r99bos: 3.288 r99fer: 0.006 r99tot: 3.468
 Nb/Nf: 3.14334e+07 Eb/Ef: 4.61469e+07
mass_bos= 0.22297 mass_fer= 4.83174e-09
compactness= 0.0945344
compactness_boson= 0.0678132
E_binding= 0.181062
