mass= 0.323891numbos: 0.143981 numfer: 9.59498e-08 omega: 0.706497 r99bos: 3.264 r99fer: 0.006 r99tot: 3.438
 Nb/Nf: 1.50058e+06 Eb/Ef: 1.50148e+06
mass_bos= 0.221668 mass_fer= 1.47633e-07
compactness= 0.0942093
compactness_boson= 0.0679131
E_binding= 0.179911
