mass= 0.311726numbos: 0.135555 numfer: 5.34891e-06 omega: 0.72871 r99bos: 3.414 r99fer: 0.084 r99tot: 3.558
 Nb/Nf: 25342.5 Eb/Ef: 31894.4
mass_bos= 0.211245 mass_fer= 6.62327e-06
compactness= 0.0876127
compactness_boson= 0.0618762
E_binding= 0.176166
