mass= 0.440458numbos: 0.233286 numfer: 0.0112827 omega: 0.585417 r99bos: 3.03 r99fer: 1.206 r99tot: 3.33
 Nb/Nf: 20.6764 Eb/Ef: 20.8649
mass_bos= 0.284064 mass_fer= 0.0136144
compactness= 0.13227
compactness_boson= 0.0937504
E_binding= 0.19589
