mass= 0.32103numbos: 0.141962 numfer: 7.972e-09 omega: 0.70998 r99bos: 3.276 r99fer: 0.006 r99tot: 3.444
 Nb/Nf: 1.78076e+07 Eb/Ef: 2.13578e+07
mass_bos= 0.220271 mass_fer= 1.03134e-08
compactness= 0.0932142
compactness_boson= 0.0672377
E_binding= 0.179068
