mass= 0.322299numbos: 0.142857 numfer: 9.61961e-09 omega: 0.708441 r99bos: 3.27 r99fer: 0.006 r99tot: 3.438
 Nb/Nf: 1.48506e+07 Eb/Ef: 1.6953e+07
mass_bos= 0.220878 mass_fer= 1.30288e-08
compactness= 0.0937462
compactness_boson= 0.0675467
E_binding= 0.179442
