mass= 0.304661numbos: 0.130731 numfer: 9.3963e-07 omega: 0.735285 r99bos: 3.414 r99fer: 0.06 r99tot: 3.552
 Nb/Nf: 139130 Eb/Ef: 201099
mass_bos= 0.206964 mass_fer= 1.02917e-06
compactness= 0.0857716
compactness_boson= 0.0606221
E_binding= 0.173929
