mass= 0.457432numbos: 0.250545 numfer: 0.00578397 omega: 0.583506 r99bos: 3.156 r99fer: 1.074 r99tot: 3.468
 Nb/Nf: 43.3171 Eb/Ef: 44.3349
mass_bos= 0.293072 mass_fer= 0.00661041
compactness= 0.131901
compactness_boson= 0.0928617
E_binding= 0.201103
