mass= 0.302281numbos: 0.129118 numfer: 3.75097e-07 omega: 0.727137 r99bos: 3.282 r99fer: 0.06 r99tot: 3.42
 Nb/Nf: 344226 Eb/Ef: 531515
mass_bos= 0.206848 mass_fer= 3.89166e-07
compactness= 0.0883861
compactness_boson= 0.0630248
E_binding= 0.173162
