mass= 0.306793numbos: 0.132182 numfer: 4.00646e-06 omega: 0.733708 r99bos: 3.42 r99fer: 0.084 r99tot: 3.558
 Nb/Nf: 32992.2 Eb/Ef: 44228.5
mass_bos= 0.208192 mass_fer= 4.7072e-06
compactness= 0.0862262
compactness_boson= 0.0608749
E_binding= 0.174607
