mass= 0.327358numbos: 0.146438 numfer: 1.44063e-08 omega: 0.703259 r99bos: 3.264 r99fer: 0.006 r99tot: 3.444
 Nb/Nf: 1.01648e+07 Eb/Ef: 1.35448e+07
mass_bos= 0.223285 mass_fer= 1.64849e-08
compactness= 0.0950516
compactness_boson= 0.0684083
E_binding= 0.18092
