mass= 0.328028numbos: 0.146912 numfer: 4.11283e-07 omega: 0.703701 r99bos: 3.276 r99fer: 0.024 r99tot: 3.456
 Nb/Nf: 357205 Eb/Ef: 416878
mass_bos= 0.223303 mass_fer= 5.35656e-07
compactness= 0.0949154
compactness_boson= 0.0681634
E_binding= 0.181115
