mass= 0.352423numbos: 0.165877 numfer: 1.80314e-05 omega: 0.648416 r99bos: 2.91 r99fer: 0.198 r99tot: 3.138
 Nb/Nf: 9199.35 Eb/Ef: 12582.2
mass_bos= 0.241415 mass_fer= 1.91869e-05
compactness= 0.112308
compactness_boson= 0.0829604
E_binding= 0.186528
