mass= 0.306806numbos: 0.13219 numfer: 8.59394e-06 omega: 0.733693 r99bos: 3.42 r99fer: 0.102 r99tot: 3.558
 Nb/Nf: 15381.8 Eb/Ef: 19681.7
mass_bos= 0.208197 mass_fer= 1.05782e-05
compactness= 0.0862299
compactness_boson= 0.0608764
E_binding= 0.174607
