mass= 0.446862numbos: 0.235871 numfer: 0.0169001 omega: 0.610529 r99bos: 3.36 r99fer: 1.554 r99tot: 3.648
 Nb/Nf: 13.9568 Eb/Ef: 14.0189
mass_bos= 0.271437 mass_fer= 0.0193622
compactness= 0.122495
compactness_boson= 0.0807849
E_binding= 0.19409
