mass= 0.457229numbos: 0.180706 numfer: 0.10376 omega: 0.864526 r99bos: 7.182 r99fer: 4.452 r99tot: 7.02
 Nb/Nf: 1.74158 Eb/Ef: 1.81907
mass_bos= 0.196767 mass_fer= 0.108169
compactness= 0.0651324
compactness_boson= 0.0273973
E_binding= 0.172763
