mass= 0.323897numbos: 0.143985 numfer: 8.26174e-08 omega: 0.706492 r99bos: 3.264 r99fer: 0.006 r99tot: 3.438
 Nb/Nf: 1.74279e+06 Eb/Ef: 1.83432e+06
mass_bos= 0.221671 mass_fer= 1.20847e-07
compactness= 0.0942107
compactness_boson= 0.067914
E_binding= 0.179912
