mass= 0.302921numbos: 0.129548 numfer: 9.17398e-07 omega: 0.735995 r99bos: 3.402 r99fer: 0.06 r99tot: 3.534
 Nb/Nf: 141213 Eb/Ef: 206065
mass_bos= 0.206039 mass_fer= 9.99876e-07
compactness= 0.0857162
compactness_boson= 0.0605642
E_binding= 0.173372
