mass= 0.375494numbos: 0.183991 numfer: 0.000124594 omega: 0.624679 r99bos: 2.88 r99fer: 0.324 r99tot: 3.138
 Nb/Nf: 1476.72 Eb/Ef: 1863.96
mass_bos= 0.255946 mass_fer= 0.000137313
compactness= 0.11966
compactness_boson= 0.0888701
E_binding= 0.191378
