mass= 0.322289numbos: 0.142849 numfer: 1.20951e-08 omega: 0.708451 r99bos: 3.27 r99fer: 0.006 r99tot: 3.438
 Nb/Nf: 1.18105e+07 Eb/Ef: 1.26323e+07
mass_bos= 0.220872 mass_fer= 1.74846e-08
compactness= 0.0937433
compactness_boson= 0.0675449
E_binding= 0.17944
