mass= 0.30918numbos: 0.133811 numfer: 3.97687e-06 omega: 0.731464 r99bos: 3.42 r99fer: 0.078 r99tot: 3.558
 Nb/Nf: 33647.3 Eb/Ef: 43786.9
mass_bos= 0.209641 mass_fer= 4.78776e-06
compactness= 0.0868971
compactness_boson= 0.0612986
E_binding= 0.175365
