mass= 0.322306numbos: 0.142862 numfer: 7.14685e-09 omega: 0.708435 r99bos: 3.27 r99fer: 0.006 r99tot: 3.444
 Nb/Nf: 1.99895e+07 Eb/Ef: 2.44646e+07
mass_bos= 0.220881 mass_fer= 9.02861e-09
compactness= 0.0935847
compactness_boson= 0.0675478
E_binding= 0.179444
