mass= 0.439715numbos: 0.234462 numfer: 0.00889817 omega: 0.624322 r99bos: 3.474 r99fer: 1.356 r99tot: 3.768
 Nb/Nf: 26.3495 Eb/Ef: 27.0107
mass_bos= 0.267291 mass_fer= 0.00989577
compactness= 0.116697
compactness_boson= 0.0769405
E_binding= 0.196355
