mass= 0.358165numbos: 0.177965 numfer: 0.00218943 omega: 0.742625 r99bos: 4.278 r99fer: 1.128 r99tot: 4.488
 Nb/Nf: 81.2834 Eb/Ef: 89.5339
mass_bos= 0.205162 mass_fer= 0.00229144
compactness= 0.0798051
compactness_boson= 0.0479574
E_binding= 0.178011
