mass= 0.326348numbos: 0.145722 numfer: 1.02725e-07 omega: 0.70798 r99bos: 3.312 r99fer: 0.018 r99tot: 3.486
 Nb/Nf: 1.41857e+06 Eb/Ef: 1.91102e+06
mass_bos= 0.22157 mass_fer= 1.15944e-07
compactness= 0.0936166
compactness_boson= 0.0668991
E_binding= 0.180626
