mass= 0.320023numbos: 0.14125 numfer: 2.17147e-08 omega: 0.711137 r99bos: 3.27 r99fer: 0.006 r99tot: 3.438
 Nb/Nf: 6.50482e+06 Eb/Ef: 5.6233e+06
mass_bos= 0.219795 mass_fer= 3.90864e-08
compactness= 0.0930842
compactness_boson= 0.0672155
E_binding= 0.178773
