mass= 0.448688numbos: 0.235977 numfer: 0.0192671 omega: 0.588738 r99bos: 3.126 r99fer: 1.482 r99tot: 3.414
 Nb/Nf: 12.2476 Eb/Ef: 12.1644
mass_bos= 0.280542 mass_fer= 0.0230625
compactness= 0.131426
compactness_boson= 0.0897448
E_binding= 0.193444
