mass= 0.449948numbos: 0.222929 numfer: 0.0424712 omega: 0.593162 r99bos: 3.132 r99fer: 1.98 r99tot: 3.384
 Nb/Nf: 5.24894 Eb/Ef: 5.21249
mass_bos= 0.266523 mass_fer= 0.0511316
compactness= 0.132963
compactness_boson= 0.0850966
E_binding= 0.184549
