mass= 0.327837numbos: 0.146776 numfer: 3.55871e-07 omega: 0.704657 r99bos: 3.288 r99fer: 0.024 r99tot: 3.462
 Nb/Nf: 412442 Eb/Ef: 497815
mass_bos= 0.222964 mass_fer= 4.47886e-07
compactness= 0.0946957
compactness_boson= 0.0678116
E_binding= 0.18106
