mass= 0.322304numbos: 0.14286 numfer: 7.42099e-09 omega: 0.708436 r99bos: 3.27 r99fer: 0.006 r99tot: 3.444
 Nb/Nf: 1.92509e+07 Eb/Ef: 2.33739e+07
mass_bos= 0.220881 mass_fer= 9.44989e-09
compactness= 0.0935842
compactness_boson= 0.0675476
E_binding= 0.179444
