mass= 0.443063numbos: 0.231268 numfer: 0.0191325 omega: 0.587512 r99bos: 3.066 r99fer: 1.44 r99tot: 3.354
 Nb/Nf: 12.0877 Eb/Ef: 12.0291
mass_bos= 0.279421 mass_fer= 0.0232288
compactness= 0.1321
compactness_boson= 0.0911353
E_binding= 0.192662
