mass= 0.495413numbos: 0.199431 numfer: 0.132024 omega: 0.588451 r99bos: 3.138 r99fer: 3.348 r99tot: 3.378
 Nb/Nf: 1.51057 Eb/Ef: 1.55903
mass_bos= 0.240718 mass_fer= 0.154403
compactness= 0.146659
compactness_boson= 0.0767105
E_binding= 0.163959
