mass= 0.321469numbos: 0.142296 numfer: 1.17423e-07 omega: 0.71594 r99bos: 3.36 r99fer: 0.024 r99tot: 3.522
 Nb/Nf: 1.21183e+06 Eb/Ef: 1.70274e+06
mass_bos= 0.217853 mass_fer= 1.27943e-07
compactness= 0.0912746
compactness_boson= 0.0648372
E_binding= 0.179173
