mass= 0.317849numbos: 0.139728 numfer: 1.04448e-08 omega: 0.713619 r99bos: 3.282 r99fer: 0.006 r99tot: 3.45
 Nb/Nf: 1.33778e+07 Eb/Ef: 1.51265e+07
mass_bos= 0.218788 mass_fer= 1.44639e-08
compactness= 0.0921302
compactness_boson= 0.0666629
E_binding= 0.178121
