mass= 0.425458numbos: 0.216673 numfer: 0.0185237 omega: 0.592407 r99bos: 2.97 r99fer: 1.368 r99tot: 3.246
 Nb/Nf: 11.6971 Eb/Ef: 11.7605
mass_bos= 0.27216 mass_fer= 0.0231418
compactness= 0.131071
compactness_boson= 0.0916363
E_binding= 0.190261
