mass= 0.325361numbos: 0.145021 numfer: 4.67274e-08 omega: 0.704862 r99bos: 3.258 r99fer: 0.006 r99tot: 3.438
 Nb/Nf: 3.10357e+06 Eb/Ef: 3.41902e+06
mass_bos= 0.222399 mass_fer= 6.50477e-08
compactness= 0.0946368
compactness_boson= 0.0682625
E_binding= 0.18034
