mass= 0.438682numbos: 0.212282 numfer: 0.0441939 omega: 0.589946 r99bos: 3 r99fer: 1.938 r99tot: 3.246
 Nb/Nf: 4.80342 Eb/Ef: 4.807
mass_bos= 0.263006 mass_fer= 0.0547131
compactness= 0.135145
compactness_boson= 0.0876686
E_binding= 0.182206
