mass= 0.320062numbos: 0.141279 numfer: 1.70406e-08 omega: 0.711098 r99bos: 3.276 r99fer: 0.006 r99tot: 3.444
 Nb/Nf: 8.29074e+06 Eb/Ef: 7.9246e+06
mass_bos= 0.219818 mass_fer= 2.77387e-08
compactness= 0.0929332
compactness_boson= 0.0670995
E_binding= 0.178783
