mass= 0.322284numbos: 0.142846 numfer: 1.29175e-08 omega: 0.708456 r99bos: 3.27 r99fer: 0.006 r99tot: 3.438
 Nb/Nf: 1.10583e+07 Eb/Ef: 1.1585e+07
mass_bos= 0.220869 mass_fer= 1.9065e-08
compactness= 0.0937418
compactness_boson= 0.0675439
E_binding= 0.179439
