mass= 0.301255numbos: 0.128414 numfer: 1.44126e-05 omega: 0.731357 r99bos: 3.324 r99fer: 0.132 r99tot: 3.456
 Nb/Nf: 8909.86 Eb/Ef: 12183.6
mass_bos= 0.205819 mass_fer= 1.68932e-05
compactness= 0.0871687
compactness_boson= 0.0619192
E_binding= 0.172826
