mass= 0.307514numbos: 0.132747 numfer: 2.0317e-05 omega: 0.714257 r99bos: 3.18 r99fer: 0.162 r99tot: 3.33
 Nb/Nf: 6533.81 Eb/Ef: 9127.38
mass_bos= 0.21096 mass_fer= 2.31129e-05
compactness= 0.0923464
compactness_boson= 0.0663396
E_binding= 0.174746
