mass= 0.325066numbos: 0.144819 numfer: 2.85021e-09 omega: 0.710277 r99bos: 3.33 r99fer: 0.006 r99tot: 3.498
 Nb/Nf: 5.08099e+07 Eb/Ef: 7.57424e+07
mass_bos= 0.220535 mass_fer= 2.91165e-09
compactness= 0.0929292
compactness_boson= 0.0662269
E_binding= 0.180247
