mass= 0.317433numbos: 0.139763 numfer: 0.000149305 omega: 0.696053 r99bos: 3.072 r99fer: 0.27 r99tot: 3.246
 Nb/Nf: 936.094 Eb/Ef: 1203.23
mass_bos= 0.217967 mass_fer= 0.000181152
compactness= 0.097792
compactness_boson= 0.0709528
E_binding= 0.17752
