mass= 0.417463numbos: 0.212261 numfer: 0.014248 omega: 0.59585 r99bos: 2.946 r99fer: 1.236 r99tot: 3.222
 Nb/Nf: 14.8976 Eb/Ef: 15.1317
mass_bos= 0.270788 mass_fer= 0.0178954
compactness= 0.129566
compactness_boson= 0.0919172
E_binding= 0.190954
