mass= 0.394252numbos: 0.202078 numfer: 0.00451374 omega: 0.688295 r99bos: 3.876 r99fer: 1.26 r99tot: 4.122
 Nb/Nf: 44.7694 Eb/Ef: 47.8925
mass_bos= 0.231255 mass_fer= 0.00482862
compactness= 0.0956459
compactness_boson= 0.0596632
E_binding= 0.187661
