mass= 0.327349numbos: 0.146431 numfer: 1.23123e-07 omega: 0.703268 r99bos: 3.264 r99fer: 0.012 r99tot: 3.444
 Nb/Nf: 1.18931e+06 Eb/Ef: 1.41799e+06
mass_bos= 0.223279 mass_fer= 1.57462e-07
compactness= 0.095049
compactness_boson= 0.0684067
E_binding= 0.180918
