mass= 0.309192numbos: 0.133819 numfer: 7.72055e-06 omega: 0.731449 r99bos: 3.42 r99fer: 0.09 r99tot: 3.558
 Nb/Nf: 17332.8 Eb/Ef: 21512.3
mass_bos= 0.209646 mass_fer= 9.7454e-06
compactness= 0.0869004
compactness_boson= 0.0613
E_binding= 0.175365
