mass= 0.318573numbos: 0.140234 numfer: 1.15441e-08 omega: 0.71278 r99bos: 3.282 r99fer: 0.006 r99tot: 3.45
 Nb/Nf: 1.21477e+07 Eb/Ef: 1.3318e+07
mass_bos= 0.219131 mass_fer= 1.64538e-08
compactness= 0.0923401
compactness_boson= 0.0667674
E_binding= 0.178339
