mass= 0.316846numbos: 0.139083 numfer: 1.19138e-06 omega: 0.722398 r99bos: 3.39 r99fer: 0.048 r99tot: 3.546
 Nb/Nf: 116741 Eb/Ef: 150420
mass_bos= 0.214626 mass_fer= 1.42685e-06
compactness= 0.0893531
compactness_boson= 0.0633114
E_binding= 0.177762
