mass= 0.323898numbos: 0.143986 numfer: 6.72078e-08 omega: 0.70649 r99bos: 3.264 r99fer: 0.006 r99tot: 3.438
 Nb/Nf: 2.14239e+06 Eb/Ef: 2.40573e+06
mass_bos= 0.221672 mass_fer= 9.21432e-08
compactness= 0.0942111
compactness_boson= 0.0679142
E_binding= 0.179912
