mass= 0.342869numbos: 0.16652 numfer: 0.0048929 omega: 0.770184 r99bos: 4.536 r99fer: 1.428 r99tot: 4.716
 Nb/Nf: 34.0329 Eb/Ef: 37.3588
mass_bos= 0.19262 mass_fer= 0.00515594
compactness= 0.0727033
compactness_boson= 0.0424647
E_binding= 0.171456
