mass= 0.32103numbos: 0.141962 numfer: 8.79716e-09 omega: 0.709979 r99bos: 3.276 r99fer: 0.006 r99tot: 3.444
 Nb/Nf: 1.61373e+07 Eb/Ef: 1.89101e+07
mass_bos= 0.220271 mass_fer= 1.16483e-08
compactness= 0.0932143
compactness_boson= 0.0672378
E_binding= 0.179068
