mass= 0.317442numbos: 0.139771 numfer: 0.000141198 omega: 0.696033 r99bos: 3.072 r99fer: 0.27 r99tot: 3.246
 Nb/Nf: 989.898 Eb/Ef: 1275.43
mass_bos= 0.217979 mass_fer= 0.000170906
compactness= 0.0977948
compactness_boson= 0.0709569
E_binding= 0.177529
