mass= 0.326349numbos: 0.145723 numfer: 8.39754e-08 omega: 0.707978 r99bos: 3.312 r99fer: 0.018 r99tot: 3.486
 Nb/Nf: 1.7353e+06 Eb/Ef: 2.38084e+06
mass_bos= 0.221571 mass_fer= 9.30641e-08
compactness= 0.093617
compactness_boson= 0.0668994
E_binding= 0.180626
