mass= 0.319304numbos: 0.140747 numfer: 1.18182e-08 omega: 0.711956 r99bos: 3.282 r99fer: 0.006 r99tot: 3.444
 Nb/Nf: 1.19093e+07 Eb/Ef: 1.29376e+07
mass_bos= 0.219472 mass_fer= 1.69639e-08
compactness= 0.092713
compactness_boson= 0.0668713
E_binding= 0.178557
