mass= 0.394712numbos: 0.199341 numfer: 0.010404 omega: 0.687879 r99bos: 3.858 r99fer: 1.56 r99tot: 4.098
 Nb/Nf: 19.1601 Eb/Ef: 20.2163
mass_bos= 0.228839 mass_fer= 0.0113195
compactness= 0.0963181
compactness_boson= 0.0593154
E_binding= 0.184967
