mass= 0.304341numbos: 0.130519 numfer: 0.000154033 omega: 0.721613 r99bos: 3.234 r99fer: 0.252 r99tot: 3.378
 Nb/Nf: 847.343 Eb/Ef: 1050.32
mass_bos= 0.208417 mass_fer= 0.000198431
compactness= 0.0900951
compactness_boson= 0.0644456
E_binding= 0.173668
