mass= 0.366783numbos: 0.143853 numfer: 0.0735779 omega: 0.82064 r99bos: 5.346 r99fer: 3.816 r99tot: 5.286
 Nb/Nf: 1.95511 Eb/Ef: 2.14285
mass_bos= 0.166165 mass_fer= 0.0775438
compactness= 0.0693877
compactness_boson= 0.0310821
E_binding= 0.149353
