mass= 0.32444numbos: 0.144858 numfer: 2.3419e-05 omega: 0.684861 r99bos: 3.018 r99fer: 0.186 r99tot: 3.21
 Nb/Nf: 6185.49 Eb/Ef: 8628.5
mass_bos= 0.222896 mass_fer= 2.58325e-05
compactness= 0.101072
compactness_boson= 0.0738555
E_binding= 0.179559
