mass= 0.316996numbos: 0.139129 numfer: 2.06154e-08 omega: 0.714642 r99bos: 3.276 r99fer: 0.006 r99tot: 3.444
 Nb/Nf: 6.74882e+06 Eb/Ef: 6.02006e+06
mass_bos= 0.218364 mass_fer= 3.62728e-08
compactness= 0.0920431
compactness_boson= 0.0666557
E_binding= 0.177867
