mass= 0.306801numbos: 0.132187 numfer: 6.77241e-06 omega: 0.733699 r99bos: 3.42 r99fer: 0.09 r99tot: 3.558
 Nb/Nf: 19518.4 Eb/Ef: 25045.7
mass_bos= 0.208195 mass_fer= 8.3126e-06
compactness= 0.0862284
compactness_boson= 0.0608758
E_binding= 0.174607
