mass= 0.701751numbos: 0.167954 numfer: 0.411352 omega: 0.563497 r99bos: 3.24 r99fer: 5.43 r99tot: 5.298
 Nb/Nf: 0.408296 Eb/Ef: 0.441738
mass_bos= 0.204777 mass_fer= 0.463573
compactness= 0.132456
compactness_boson= 0.0632029
E_binding= 0.122445
