mass= 0.325056numbos: 0.144811 numfer: 3.85759e-07 omega: 0.710287 r99bos: 3.324 r99fer: 0.03 r99tot: 3.498
 Nb/Nf: 375392 Eb/Ef: 482750
mass_bos= 0.220529 mass_fer= 4.56819e-07
compactness= 0.0929262
compactness_boson= 0.0663445
E_binding= 0.180244
