mass= 0.409141numbos: 0.207178 numfer: 0.010588 omega: 0.60033 r99bos: 2.928 r99fer: 1.11 r99tot: 3.198
 Nb/Nf: 19.5672 Eb/Ef: 20.1372
mass_bos= 0.268639 mass_fer= 0.0133404
compactness= 0.127937
compactness_boson= 0.0917483
E_binding= 0.191375
