mass= 0.459304numbos: 0.254297 numfer: 0.000823232 omega: 0.576825 r99bos: 3.102 r99fer: 0.666 r99tot: 3.42
 Nb/Nf: 308.901 Eb/Ef: 336.161
mass_bos= 0.299577 mass_fer= 0.000891172
compactness= 0.134299
compactness_boson= 0.0965755
E_binding= 0.204184
