mass= 0.326513numbos: 0.145838 numfer: 4.40975e-08 omega: 0.703801 r99bos: 3.258 r99fer: 0.006 r99tot: 3.438
 Nb/Nf: 3.30717e+06 Eb/Ef: 3.79505e+06
mass_bos= 0.22294 mass_fer= 5.87449e-08
compactness= 0.0949719
compactness_boson= 0.0684285
E_binding= 0.180675
