mass= 0.311718numbos: 0.135549 numfer: 2.94982e-06 omega: 0.72872 r99bos: 3.414 r99fer: 0.072 r99tot: 3.558
 Nb/Nf: 45951.7 Eb/Ef: 60132
mass_bos= 0.211242 mass_fer= 3.51297e-06
compactness= 0.0876105
compactness_boson= 0.0618751
E_binding= 0.176166
