mass= 1.10666numbos: 0.116061 numfer: 0.954095 omega: 0.560394 r99bos: 3.816 r99fer: 6.696 r99tot: 6.63
 Nb/Nf: 0.121645 Eb/Ef: 0.13337
mass_bos= 0.142428 mass_fer= 1.06791
compactness= 0.166917
compactness_boson= 0.0373238
E_binding= 0.0365014
