mass= 0.332655numbos: 0.150912 numfer: 6.21402e-07 omega: 0.673046 r99bos: 2.976 r99fer: 0.09 r99tot: 3.18
 Nb/Nf: 242858 Eb/Ef: 359708
mass_bos= 0.228455 mass_fer= 6.35113e-07
compactness= 0.104608
compactness_boson= 0.0767658
E_binding= 0.181742
