mass= 0.327857numbos: 0.146791 numfer: 1.09821e-07 omega: 0.70324 r99bos: 3.27 r99fer: 0.012 r99tot: 3.45
 Nb/Nf: 1.33664e+06 Eb/Ef: 1.61903e+06
mass_bos= 0.223403 mass_fer= 1.37986e-07
compactness= 0.0950309
compactness_boson= 0.0683191
E_binding= 0.181065
