mass= 0.301101numbos: 0.12831 numfer: 1.40687e-05 omega: 0.734166 r99bos: 3.36 r99fer: 0.132 r99tot: 3.492
 Nb/Nf: 9120.23 Eb/Ef: 12340.8
mass_bos= 0.205393 mass_fer= 1.66434e-05
compactness= 0.0862261
compactness_boson= 0.0611289
E_binding= 0.172778
