mass= 0.311712numbos: 0.135545 numfer: 1.4149e-06 omega: 0.728727 r99bos: 3.414 r99fer: 0.054 r99tot: 3.558
 Nb/Nf: 95798.3 Eb/Ef: 127682
mass_bos= 0.211239 mass_fer= 1.65442e-06
compactness= 0.0876089
compactness_boson= 0.0618743
E_binding= 0.176166
