mass= 0.448631numbos: 0.240702 numfer: 0.0104488 omega: 0.584125 r99bos: 3.084 r99fer: 1.212 r99tot: 3.39
 Nb/Nf: 23.0363 Eb/Ef: 23.2152
mass_bos= 0.287588 mass_fer= 0.0123879
compactness= 0.132339
compactness_boson= 0.0932516
E_binding= 0.19748
