mass= 0.30229numbos: 0.129125 numfer: 1.139e-07 omega: 0.727127 r99bos: 3.282 r99fer: 0.048 r99tot: 3.42
 Nb/Nf: 1.13367e+06 Eb/Ef: 1.78063e+06
mass_bos= 0.206853 mass_fer= 1.16169e-07
compactness= 0.0883888
compactness_boson= 0.0630266
E_binding= 0.173165
