mass= 0.44555numbos: 0.240156 numfer: 0.00615915 omega: 0.581973 r99bos: 3.042 r99fer: 1.026 r99tot: 3.348
 Nb/Nf: 38.9918 Eb/Ef: 40.0722
mass_bos= 0.290126 mass_fer= 0.00724008
compactness= 0.133079
compactness_boson= 0.0953734
E_binding= 0.199235
