mass= 0.318586numbos: 0.140244 numfer: 5.22238e-09 omega: 0.712768 r99bos: 3.282 r99fer: 0.006 r99tot: 3.45
 Nb/Nf: 2.68543e+07 Eb/Ef: 3.51907e+07
mass_bos= 0.219138 mass_fer= 6.22717e-09
compactness= 0.0923437
compactness_boson= 0.0667697
E_binding= 0.178342
