mass= 0.418307numbos: 0.213485 numfer: 0.0132636 omega: 0.595236 r99bos: 2.946 r99fer: 1.206 r99tot: 3.228
 Nb/Nf: 16.0956 Eb/Ef: 16.368
mass_bos= 0.271896 mass_fer= 0.0166115
compactness= 0.129587
compactness_boson= 0.0922932
E_binding= 0.191558
