mass= 0.363405numbos: 0.174383 numfer: 0.000227504 omega: 0.63664 r99bos: 2.892 r99fer: 0.36 r99tot: 3.138
 Nb/Nf: 766.502 Eb/Ef: 956.691
mass_bos= 0.248277 mass_fer= 0.000259517
compactness= 0.115808
compactness_boson= 0.0858496
E_binding= 0.188795
