mass= 0.327858numbos: 0.146792 numfer: 8.31295e-08 omega: 0.703239 r99bos: 3.27 r99fer: 0.012 r99tot: 3.45
 Nb/Nf: 1.76582e+06 Eb/Ef: 2.24661e+06
mass_bos= 0.223404 mass_fer= 9.94407e-08
compactness= 0.0950312
compactness_boson= 0.0683193
E_binding= 0.181066
