mass= 0.447073numbos: 0.236761 numfer: 0.0156257 omega: 0.610448 r99bos: 3.366 r99fer: 1.524 r99tot: 3.654
 Nb/Nf: 15.152 Eb/Ef: 15.2401
mass_bos= 0.272188 mass_fer= 0.01786
compactness= 0.122352
compactness_boson= 0.0808639
E_binding= 0.194687
