mass= 0.316844numbos: 0.139081 numfer: 9.45369e-08 omega: 0.722401 r99bos: 3.39 r99fer: 0.024 r99tot: 3.546
 Nb/Nf: 1.47119e+06 Eb/Ef: 2.10594e+06
mass_bos= 0.214625 mass_fer= 1.01914e-07
compactness= 0.0893525
compactness_boson= 0.0633112
E_binding= 0.177763
