mass= 0.387941numbos: 0.194066 numfer: 3.06997e-05 omega: 0.613553 r99bos: 2.874 r99fer: 0.258 r99tot: 3.15
 Nb/Nf: 6321.41 Eb/Ef: 8150.51
mass_bos= 0.263674 mass_fer= 3.23506e-05
compactness= 0.123156
compactness_boson= 0.0917445
E_binding= 0.193845
