mass= 0.320113numbos: 0.141317 numfer: 8.25158e-10 omega: 0.711046 r99bos: 3.282 r99fer: 0.006 r99tot: 3.45
 Nb/Nf: 1.71261e+08 Eb/Ef: 2.58572e+08
mass_bos= 0.219849 mass_fer= 8.50243e-10
compactness= 0.0927864
compactness_boson= 0.0669862
E_binding= 0.178796
