mass= 1.31022numbos: 0.0736846 numfer: 1.26111 omega: 0.450268 r99bos: 3.444 r99fer: 5.838 r99tot: 5.784
 Nb/Nf: 0.0584286 Eb/Ef: 0.0614351
mass_bos= 0.0943812 mass_fer= 1.53627
compactness= 0.226524
compactness_boson= 0.0274045
E_binding= -0.0245738
