mass= 0.321009numbos: 0.141947 numfer: 1.31944e-08 omega: 0.71 r99bos: 3.27 r99fer: 0.006 r99tot: 3.444
 Nb/Nf: 1.07581e+07 Eb/Ef: 1.1233e+07
mass_bos= 0.220258 mass_fer= 1.96082e-08
compactness= 0.0932082
compactness_boson= 0.0673573
E_binding= 0.179063
