mass= 0.306832numbos: 0.132208 numfer: 1.88405e-05 omega: 0.733665 r99bos: 3.42 r99fer: 0.126 r99tot: 3.558
 Nb/Nf: 7017.21 Eb/Ef: 8510.41
mass_bos= 0.208206 mass_fer= 2.44649e-05
compactness= 0.0862373
compactness_boson= 0.060879
E_binding= 0.174606
