mass= 0.615064numbos: 0.175213 numfer: 0.302585 omega: 0.589199 r99bos: 3.318 r99fer: 4.98 r99tot: 4.824
 Nb/Nf: 0.579054 Eb/Ef: 0.621414
mass_bos= 0.211094 mass_fer= 0.339699
compactness= 0.127501
compactness_boson= 0.0636208
E_binding= 0.137267
