mass= 0.322308numbos: 0.142864 numfer: 6.04754e-09 omega: 0.708432 r99bos: 3.27 r99fer: 0.006 r99tot: 3.444
 Nb/Nf: 2.36234e+07 Eb/Ef: 2.98695e+07
mass_bos= 0.220883 mass_fer= 7.39493e-09
compactness= 0.0935854
compactness_boson= 0.0675483
E_binding= 0.179445
