mass= 0.467952numbos: 0.187819 numfer: 0.101965 omega: 0.870083 r99bos: 7.506 r99fer: 4.47 r99tot: 7.356
 Nb/Nf: 1.84198 Eb/Ef: 1.91273
mass_bos= 0.202896 mass_fer= 0.106077
compactness= 0.0636151
compactness_boson= 0.0270312
E_binding= 0.178168
