mass= 0.306806numbos: 0.13219 numfer: 8.55257e-06 omega: 0.733693 r99bos: 3.42 r99fer: 0.096 r99tot: 3.558
 Nb/Nf: 15456.2 Eb/Ef: 19559.3
mass_bos= 0.208197 mass_fer= 1.06444e-05
compactness= 0.0862298
compactness_boson= 0.0608764
E_binding= 0.174607
