mass= 0.302933numbos: 0.129556 numfer: 6.38692e-06 omega: 0.735982 r99bos: 3.402 r99fer: 0.102 r99tot: 3.534
 Nb/Nf: 20284.6 Eb/Ef: 27585.7
mass_bos= 0.206043 mass_fer= 7.46921e-06
compactness= 0.0857195
compactness_boson= 0.0605653
E_binding= 0.173371
