mass= 0.317102numbos: 0.139208 numfer: 1.37345e-09 omega: 0.714535 r99bos: 3.288 r99fer: 0.006 r99tot: 3.45
 Nb/Nf: 1.01356e+08 Eb/Ef: 1.51375e+08
mass_bos= 0.218427 mass_fer= 1.44295e-09
compactness= 0.0919135
compactness_boson= 0.0664317
E_binding= 0.177894
