mass= 0.306818numbos: 0.132198 numfer: 1.28723e-05 omega: 0.73368 r99bos: 3.42 r99fer: 0.114 r99tot: 3.558
 Nb/Nf: 10270 Eb/Ef: 12791
mass_bos= 0.208202 mass_fer= 1.62771e-05
compactness= 0.0862331
compactness_boson= 0.0608776
E_binding= 0.174607
