mass= 0.32536numbos: 0.14502 numfer: 5.6405e-08 omega: 0.704863 r99bos: 3.258 r99fer: 0.006 r99tot: 3.438
 Nb/Nf: 2.57106e+06 Eb/Ef: 2.72825e+06
mass_bos= 0.222398 mass_fer= 8.15169e-08
compactness= 0.0946364
compactness_boson= 0.0682623
E_binding= 0.18034
