mass= 0.458313numbos: 0.251718 numfer: 0.00489109 omega: 0.582931 r99bos: 3.156 r99fer: 1.032 r99tot: 3.474
 Nb/Nf: 51.4646 Eb/Ef: 52.9401
mass_bos= 0.294094 mass_fer= 0.00555522
compactness= 0.131927
compactness_boson= 0.0931857
E_binding= 0.201704
