mass= 0.326517numbos: 0.145841 numfer: 3.31577e-08 omega: 0.703797 r99bos: 3.258 r99fer: 0.006 r99tot: 3.438
 Nb/Nf: 4.3984e+06 Eb/Ef: 5.28711e+06
mass_bos= 0.222943 mass_fer= 4.21672e-08
compactness= 0.0949731
compactness_boson= 0.0684293
E_binding= 0.180676
