mass= 0.327858numbos: 0.146792 numfer: 1.23735e-07 omega: 0.703239 r99bos: 3.27 r99fer: 0.012 r99tot: 3.45
 Nb/Nf: 1.18634e+06 Eb/Ef: 1.35688e+06
mass_bos= 0.223404 mass_fer= 1.64646e-07
compactness= 0.0950312
compactness_boson= 0.0683193
E_binding= 0.181066
