mass= 0.318577numbos: 0.140237 numfer: 1.04448e-08 omega: 0.712777 r99bos: 3.282 r99fer: 0.006 r99tot: 3.45
 Nb/Nf: 1.34265e+07 Eb/Ef: 1.51503e+07
mass_bos= 0.219133 mass_fer= 1.44639e-08
compactness= 0.092341
compactness_boson= 0.066768
E_binding= 0.17834
