mass= 0.376436numbos: 0.191422 numfer: 0.000215835 omega: 0.714372 r99bos: 4.062 r99fer: 0.66 r99tot: 4.302
 Nb/Nf: 886.892 Eb/Ef: 995.001
mass_bos= 0.219527 mass_fer= 0.00022063
compactness= 0.0875025
compactness_boson= 0.0540441
E_binding= 0.184798
