mass= 0.307548numbos: 0.132776 numfer: 7.13642e-09 omega: 0.714201 r99bos: 3.186 r99fer: 0.024 r99tot: 3.336
 Nb/Nf: 1.86054e+07 Eb/Ef: 2.9402e+07
mass_bos= 0.210996 mass_fer= 7.17627e-09
compactness= 0.0921907
compactness_boson= 0.0662261
E_binding= 0.174772
