mass= 1.45492numbos: 0.0512677 numfer: 1.48202 omega: 0.501096 r99bos: 4.29 r99fer: 6.24 r99tot: 6.198
 Nb/Nf: 0.0345932 Eb/Ef: 0.0344918
mass_bos= 0.0608056 mass_fer= 1.7629
compactness= 0.23474
compactness_boson= 0.0141738
E_binding= -0.0783685
