mass= 0.319263numbos: 0.140759 numfer: 1.57058e-06 omega: 0.719114 r99bos: 3.372 r99fer: 0.054 r99tot: 3.534
 Nb/Nf: 89622.4 Eb/Ef: 114526
mass_bos= 0.216289 mass_fer= 1.88855e-06
compactness= 0.0903404
compactness_boson= 0.0641426
E_binding= 0.178502
