mass= 1.03108numbos: 0.130268 numfer: 0.84479 omega: 0.513467 r99bos: 3.318 r99fer: 6.288 r99tot: 6.216
 Nb/Nf: 0.154202 Eb/Ef: 0.169225
mass_bos= 0.162838 mass_fer= 0.962262
compactness= 0.165876
compactness_boson= 0.0490773
E_binding= 0.0560238
