mass= 0.301076numbos: 0.128294 numfer: 3.79069e-07 omega: 0.734188 r99bos: 3.354 r99fer: 0.054 r99tot: 3.492
 Nb/Nf: 338445 Eb/Ef: 517121
mass_bos= 0.205387 mass_fer= 3.97175e-07
compactness= 0.0862189
compactness_boson= 0.0612365
E_binding= 0.172782
