mass= 0.449539numbos: 0.221815 numfer: 0.0437168 omega: 0.608367 r99bos: 3.288 r99fer: 2.112 r99tot: 3.534
 Nb/Nf: 5.07391 Eb/Ef: 5.07313
mass_bos= 0.259642 mass_fer= 0.0511799
compactness= 0.127204
compactness_boson= 0.0789666
E_binding= 0.184007
