mass= 0.342014numbos: 0.157928 numfer: 8.16918e-06 omega: 0.660807 r99bos: 2.934 r99fer: 0.162 r99tot: 3.156
 Nb/Nf: 19332.2 Eb/Ef: 27240.8
mass_bos= 0.234648 mass_fer= 8.61387e-06
compactness= 0.10837
compactness_boson= 0.0799756
E_binding= 0.184078
