mass= 0.376108numbos: 0.190708 numfer: 0.00128748 omega: 0.714681 r99bos: 4.062 r99fer: 0.972 r99tot: 4.296
 Nb/Nf: 148.125 Eb/Ef: 163.063
mass_bos= 0.218855 mass_fer= 0.00134215
compactness= 0.0875483
compactness_boson= 0.0538786
E_binding= 0.184112
