mass= 0.435003numbos: 0.233474 numfer: 0.000243316 omega: 0.582195 r99bos: 2.958 r99fer: 0.462 r99tot: 3.264
 Nb/Nf: 959.548 Eb/Ef: 1111.31
mass_bos= 0.290273 mass_fer= 0.0002612
compactness= 0.133273
compactness_boson= 0.0981317
E_binding= 0.201286
