mass= 0.327835numbos: 0.146775 numfer: 4.65541e-08 omega: 0.704659 r99bos: 3.288 r99fer: 0.012 r99tot: 3.462
 Nb/Nf: 3.15279e+06 Eb/Ef: 4.28653e+06
mass_bos= 0.222964 mass_fer= 5.20149e-08
compactness= 0.0946954
compactness_boson= 0.0678114
E_binding= 0.18106
