mass= 0.351057numbos: 0.164636 numfer: 0.000817178 omega: 0.650367 r99bos: 2.916 r99fer: 0.474 r99tot: 3.144
 Nb/Nf: 201.469 Eb/Ef: 238.276
mass_bos= 0.239925 mass_fer= 0.00100692
compactness= 0.111659
compactness_boson= 0.0822786
E_binding= 0.185604
