mass= 0.301686numbos: 0.128709 numfer: 2.31819e-06 omega: 0.735679 r99bos: 3.384 r99fer: 0.078 r99tot: 3.516
 Nb/Nf: 55521.3 Eb/Ef: 79612.7
mass_bos= 0.205489 mass_fer= 2.5811e-06
compactness= 0.0858038
compactness_boson= 0.0607236
E_binding= 0.172975
