mass= 0.302305numbos: 0.129132 numfer: 2.74349e-05 omega: 0.727133 r99bos: 3.282 r99fer: 0.162 r99tot: 3.42
 Nb/Nf: 4706.87 Eb/Ef: 6337.29
mass_bos= 0.206842 mass_fer= 3.26389e-05
compactness= 0.0883933
compactness_boson= 0.0630231
E_binding= 0.173145
