mass= 0.325364numbos: 0.145024 numfer: 4.37591e-08 omega: 0.704859 r99bos: 3.258 r99fer: 0.006 r99tot: 3.438
 Nb/Nf: 3.31413e+06 Eb/Ef: 3.6964e+06
mass_bos= 0.222401 mass_fer= 6.01669e-08
compactness= 0.0946377
compactness_boson= 0.0682631
E_binding= 0.180341
