mass= 0.326525numbos: 0.145847 numfer: 1.65032e-09 omega: 0.70379 r99bos: 3.264 r99fer: 0.006 r99tot: 3.438
 Nb/Nf: 8.83749e+07 Eb/Ef: 1.27351e+08
mass_bos= 0.222947 mass_fer= 1.75066e-09
compactness= 0.0949751
compactness_boson= 0.0683048
E_binding= 0.180678
