mass= 1.4649numbos: 0 numfer: 1.55978 omega: 0.282143 r99bos: 3.276 r99fer: 5.556 r99tot: 5.52
 Nb/Nf: 0 Eb/Ef: 0
mass_bos= 0 mass_fer= 1.98972
compactness= 0.265381
compactness_boson= 0
E_binding= -0.0948816
