mass= 0.306833numbos: 0.132208 numfer: 1.94585e-05 omega: 0.733664 r99bos: 3.42 r99fer: 0.126 r99tot: 3.558
 Nb/Nf: 6794.36 Eb/Ef: 8221.47
mass_bos= 0.208206 mass_fer= 2.53247e-05
compactness= 0.0862376
compactness_boson= 0.0608791
E_binding= 0.174606
