mass= 0.311709numbos: 0.135543 numfer: 5.51248e-07 omega: 0.728732 r99bos: 3.408 r99fer: 0.042 r99tot: 3.558
 Nb/Nf: 245884 Eb/Ef: 341634
mass_bos= 0.211237 mass_fer= 6.18315e-07
compactness= 0.087608
compactness_boson= 0.0619828
E_binding= 0.176166
