mass= 1.31192numbos: 0.0750356 numfer: 1.26173 omega: 0.454968 r99bos: 3.48 r99fer: 5.88 r99tot: 5.826
 Nb/Nf: 0.0594702 Eb/Ef: 0.0625326
mass_bos= 0.0957369 mass_fer= 1.53099
compactness= 0.225183
compactness_boson= 0.0275106
E_binding= -0.0248519
