mass= 0.318591numbos: 0.140248 numfer: 2.19861e-09 omega: 0.712762 r99bos: 3.282 r99fer: 0.006 r99tot: 3.45
 Nb/Nf: 6.37892e+07 Eb/Ef: 9.22041e+07
mass_bos= 0.219142 mass_fer= 2.3767e-09
compactness= 0.0923453
compactness_boson= 0.0667707
E_binding= 0.178344
