mass= 0.320089numbos: 0.1413 numfer: 1.18182e-08 omega: 0.71107 r99bos: 3.276 r99fer: 0.006 r99tot: 3.444
 Nb/Nf: 1.19561e+07 Eb/Ef: 1.2959e+07
mass_bos= 0.219834 mass_fer= 1.69639e-08
compactness= 0.0929411
compactness_boson= 0.0671045
E_binding= 0.17879
