mass= 0.325377numbos: 0.145033 numfer: 1.37345e-09 omega: 0.704846 r99bos: 3.264 r99fer: 0.006 r99tot: 3.438
 Nb/Nf: 1.05598e+08 Eb/Ef: 1.54135e+08
mass_bos= 0.222409 mass_fer= 1.44295e-09
compactness= 0.0946414
compactness_boson= 0.06814
E_binding= 0.180344
