mass= 1.4591numbos: 0.000847928 numfer: 1.55061 omega: 0.420095 r99bos: 3.708 r99fer: 5.544 r99tot: 5.508
 Nb/Nf: 0.000546835 Eb/Ef: 0.000533167
mass_bos= 0.00105642 mass_fer= 1.9814
compactness= 0.264906
compactness_boson= 0.000284902
E_binding= -0.092356
