mass= 0.319259numbos: 0.140757 numfer: 9.08703e-07 omega: 0.719119 r99bos: 3.372 r99fer: 0.042 r99tot: 3.534
 Nb/Nf: 154898 Eb/Ef: 197693
mass_bos= 0.216287 mass_fer= 1.09406e-06
compactness= 0.0903394
compactness_boson= 0.064142
E_binding= 0.178502
