mass= 0.422128numbos: 0.210037 numfer: 0.0252227 omega: 0.594626 r99bos: 2.952 r99fer: 1.518 r99tot: 3.216
 Nb/Nf: 8.32731 Eb/Ef: 8.37259
mass_bos= 0.26626 mass_fer= 0.0318014
compactness= 0.131259
compactness_boson= 0.0901966
E_binding= 0.186869
