mass= 0.321472numbos: 0.142298 numfer: 7.31801e-07 omega: 0.715936 r99bos: 3.36 r99fer: 0.042 r99tot: 3.522
 Nb/Nf: 194449 Eb/Ef: 255980
mass_bos= 0.217854 mass_fer= 8.51061e-07
compactness= 0.0912753
compactness_boson= 0.0648376
E_binding= 0.179173
