mass= 0.316844numbos: 0.139081 numfer: 6.27955e-07 omega: 0.722401 r99bos: 3.39 r99fer: 0.042 r99tot: 3.546
 Nb/Nf: 221482 Eb/Ef: 299076
mass_bos= 0.214624 mass_fer= 7.17626e-07
compactness= 0.0893524
compactness_boson= 0.0633111
E_binding= 0.177762
