mass= 0.362763numbos: 0.173791 numfer: 0.000578946 omega: 0.637478 r99bos: 2.892 r99fer: 0.45 r99tot: 3.138
 Nb/Nf: 300.185 Eb/Ef: 359.634
mass_bos= 0.247602 mass_fer= 0.000688483
compactness= 0.115603
compactness_boson= 0.0856163
E_binding= 0.188392
