mass= 0.435493numbos: 0.233965 numfer: 3.26833e-07 omega: 0.581739 r99bos: 2.958 r99fer: 0.114 r99tot: 3.27
 Nb/Nf: 715854 Eb/Ef: 884509
mass_bos= 0.290748 mass_fer= 3.28712e-07
compactness= 0.133178
compactness_boson= 0.0982921
E_binding= 0.201528
