mass= 0.326353numbos: 0.145726 numfer: 6.9798e-07 omega: 0.707974 r99bos: 3.312 r99fer: 0.036 r99tot: 3.486
 Nb/Nf: 208782 Eb/Ef: 260848
mass_bos= 0.221573 mass_fer= 8.49432e-07
compactness= 0.0936182
compactness_boson= 0.0669001
E_binding= 0.180626
