mass= 0.323418numbos: 0.14366 numfer: 2.89545e-07 omega: 0.712964 r99bos: 3.342 r99fer: 0.03 r99tot: 3.51
 Nb/Nf: 496159 Eb/Ef: 663237
mass_bos= 0.21928 mass_fer= 3.30621e-07
compactness= 0.092142
compactness_boson= 0.0656135
E_binding= 0.179758
