mass= 0.301103numbos: 0.128311 numfer: 1.55586e-05 omega: 0.734165 r99bos: 3.36 r99fer: 0.132 r99tot: 3.492
 Nb/Nf: 8246.95 Eb/Ef: 11060.8
mass_bos= 0.205393 mass_fer= 1.85695e-05
compactness= 0.0862266
compactness_boson= 0.0611289
E_binding= 0.172777
