mass= 1.45403numbos: 0.0590348 numfer: 1.47025 omega: 0.530526 r99bos: 4.56 r99fer: 6.492 r99tot: 6.45
 Nb/Nf: 0.040153 Eb/Ef: 0.0401411
mass_bos= 0.0688715 mass_fer= 1.71573
compactness= 0.225432
compactness_boson= 0.0151034
E_binding= -0.0752465
