mass= 0.317231numbos: 0.139584 numfer: 0.000321245 omega: 0.696483 r99bos: 3.078 r99fer: 0.33 r99tot: 3.252
 Nb/Nf: 434.511 Eb/Ef: 535.462
mass_bos= 0.217691 mass_fer= 0.000406548
compactness= 0.0975494
compactness_boson= 0.0707248
E_binding= 0.177325
