mass= 0.317089numbos: 0.139199 numfer: 9.07131e-09 omega: 0.714547 r99bos: 3.288 r99fer: 0.006 r99tot: 3.45
 Nb/Nf: 1.5345e+07 Eb/Ef: 1.80469e+07
mass_bos= 0.21842 mass_fer= 1.21029e-08
compactness= 0.09191
compactness_boson= 0.0664295
E_binding= 0.177891
