mass= 0.415474numbos: 0.205606 numfer: 0.0265269 omega: 0.661249 r99bos: 3.666 r99fer: 1.98 r99tot: 3.9
 Nb/Nf: 7.75086 Eb/Ef: 7.9937
mass_bos= 0.236987 mass_fer= 0.0296467
compactness= 0.106532
compactness_boson= 0.0646445
E_binding= 0.183341
