mass= 0.319259numbos: 0.140756 numfer: 2.4797e-07 omega: 0.719121 r99bos: 3.372 r99fer: 0.03 r99tot: 3.534
 Nb/Nf: 567634 Eb/Ef: 774822
mass_bos= 0.216286 mass_fer= 2.79143e-07
compactness= 0.0903391
compactness_boson= 0.0641419
E_binding= 0.178502
