mass= 0.30228numbos: 0.129118 numfer: 1.11479e-06 omega: 0.727138 r99bos: 3.282 r99fer: 0.078 r99tot: 3.42
 Nb/Nf: 115823 Eb/Ef: 175372
mass_bos= 0.206847 mass_fer= 1.17947e-06
compactness= 0.088386
compactness_boson= 0.0630246
E_binding= 0.173161
