mass= 0.327834numbos: 0.146775 numfer: 1.79981e-07 omega: 0.70466 r99bos: 3.288 r99fer: 0.018 r99tot: 3.462
 Nb/Nf: 815498 Eb/Ef: 1.0194e+06
mass_bos= 0.222963 mass_fer= 2.1872e-07
compactness= 0.0946951
compactness_boson= 0.0678112
E_binding= 0.18106
