mass= 0.319511numbos: 0.140902 numfer: 0 omega: 0.711763 r99bos: 3.312 r99fer: 0 r99tot: 3.468
 Nb/Nf: inf Eb/Ef: inf
mass_bos= 0.219595 mass_fer= 0
compactness= 0.0921313
compactness_boson= 0.0663029
E_binding= 0.178609
