mass= 0.327279numbos: 0.14638 numfer: 2.74576e-07 omega: 0.70609 r99bos: 3.3 r99fer: 0.024 r99tot: 3.474
 Nb/Nf: 533115 Eb/Ef: 673531
mass_bos= 0.222386 mass_fer= 3.30179e-07
compactness= 0.094208
compactness_boson= 0.0673898
E_binding= 0.180898
