mass= 0.354815numbos: 0.167483 numfer: 0.0145404 omega: 0.876486 r99bos: 6.93 r99fer: 2.412 r99tot: 6.984
 Nb/Nf: 11.5185 Eb/Ef: 12.3306
mass_bos= 0.185545 mass_fer= 0.0150474
compactness= 0.050804
compactness_boson= 0.0267741
E_binding= 0.172792
