mass= 0.422137numbos: 0.218677 numfer: 0.00936529 omega: 0.592413 r99bos: 2.952 r99fer: 1.092 r99tot: 3.24
 Nb/Nf: 23.3497 Eb/Ef: 23.9382
mass_bos= 0.276602 mass_fer= 0.0115548
compactness= 0.130289
compactness_boson= 0.0936999
E_binding= 0.194095
