mass= 0.301249numbos: 0.128412 numfer: 1.16031e-07 omega: 0.731357 r99bos: 3.324 r99fer: 0.042 r99tot: 3.456
 Nb/Nf: 1.10671e+06 Eb/Ef: 1.72531e+06
mass_bos= 0.205825 mass_fer= 1.19298e-07
compactness= 0.0871668
compactness_boson= 0.061921
E_binding= 0.172837
