mass= 0.411762numbos: 0.214298 numfer: 0.00595396 omega: 0.663944 r99bos: 3.72 r99fer: 1.308 r99tot: 3.99
 Nb/Nf: 35.9925 Eb/Ef: 37.9107
mass_bos= 0.244455 mass_fer= 0.0064482
compactness= 0.103199
compactness_boson= 0.0657138
E_binding= 0.19151
