mass= 0.325376numbos: 0.145032 numfer: 1.65032e-09 omega: 0.704848 r99bos: 3.264 r99fer: 0.006 r99tot: 3.438
 Nb/Nf: 8.78816e+07 Eb/Ef: 1.27043e+08
mass_bos= 0.222408 mass_fer= 1.75066e-09
compactness= 0.094641
compactness_boson= 0.0681397
E_binding= 0.180343
