mass= 0.35839numbos: 0.179069 numfer: 0.000126604 omega: 0.742369 r99bos: 4.278 r99fer: 0.606 r99tot: 4.494
 Nb/Nf: 1414.4 Eb/Ef: 1601.89
mass_bos= 0.206212 mass_fer= 0.000128731
compactness= 0.0797486
compactness_boson= 0.0482028
E_binding= 0.179195
