mass= 0.323424numbos: 0.143664 numfer: 1.35604e-06 omega: 0.712957 r99bos: 3.342 r99fer: 0.048 r99tot: 3.51
 Nb/Nf: 105944 Eb/Ef: 131041
mass_bos= 0.219283 mass_fer= 1.67339e-06
compactness= 0.0921435
compactness_boson= 0.0656144
E_binding= 0.179758
