mass= 0.314309numbos: 0.137331 numfer: 3.18162e-06 omega: 0.72564 r99bos: 3.402 r99fer: 0.066 r99tot: 3.552
 Nb/Nf: 43163.8 Eb/Ef: 53814.3
mass_bos= 0.212926 mass_fer= 3.95669e-06
compactness= 0.0884879
compactness_boson= 0.0625886
E_binding= 0.176975
