mass= 0.302959numbos: 0.129572 numfer: 1.82077e-05 omega: 0.735957 r99bos: 3.402 r99fer: 0.126 r99tot: 3.54
 Nb/Nf: 7116.37 Eb/Ef: 9034.44
mass_bos= 0.20605 mass_fer= 2.28072e-05
compactness= 0.0855816
compactness_boson= 0.0605673
E_binding= 0.173368
