mass= 0.323421numbos: 0.143663 numfer: 8.18926e-07 omega: 0.71296 r99bos: 3.342 r99fer: 0.042 r99tot: 3.51
 Nb/Nf: 175428 Eb/Ef: 225429
mass_bos= 0.219282 mass_fer= 9.72731e-07
compactness= 0.0921429
compactness_boson= 0.065614
E_binding= 0.179758
