mass= 0.319294numbos: 0.14074 numfer: 1.37427e-08 omega: 0.711966 r99bos: 3.276 r99fer: 0.006 r99tot: 3.444
 Nb/Nf: 1.02411e+07 Eb/Ef: 1.06019e+07
mass_bos= 0.219466 mass_fer= 2.07006e-08
compactness= 0.0927102
compactness_boson= 0.066992
E_binding= 0.178554
