mass= 0.316846numbos: 0.139083 numfer: 2.71626e-08 omega: 0.7224 r99bos: 3.39 r99fer: 0.018 r99tot: 3.546
 Nb/Nf: 5.12038e+06 Eb/Ef: 7.61796e+06
mass_bos= 0.214626 mass_fer= 2.81737e-08
compactness= 0.0893531
compactness_boson= 0.0633116
E_binding= 0.177763
