mass= 1.40242numbos: 0.046771 numfer: 1.41706 omega: 0.453666 r99bos: 3.774 r99fer: 5.79 r99tot: 5.736
 Nb/Nf: 0.0330058 Eb/Ef: 0.0330178
mass_bos= 0.057728 mass_fer= 1.74839
compactness= 0.244494
compactness_boson= 0.0152962
E_binding= -0.0614077
