mass= 0.320105numbos: 0.141311 numfer: 3.29792e-09 omega: 0.711054 r99bos: 3.282 r99fer: 0.006 r99tot: 3.444
 Nb/Nf: 4.28486e+07 Eb/Ef: 5.94395e+07
mass_bos= 0.219844 mass_fer= 3.69862e-09
compactness= 0.0929457
compactness_boson= 0.0669847
E_binding= 0.178794
