mass= 1.4285numbos: 0.0282539 numfer: 1.47526 omega: 0.438894 r99bos: 3.75 r99fer: 5.682 r99tot: 5.634
 Nb/Nf: 0.0191518 Eb/Ef: 0.0189433
mass_bos= 0.0350009 mass_fer= 1.84766
compactness= 0.253549
compactness_boson= 0.00933356
E_binding= -0.0750198
