mass= 0.321476numbos: 0.142302 numfer: 1.81954e-06 omega: 0.71593 r99bos: 3.36 r99fer: 0.054 r99tot: 3.522
 Nb/Nf: 78207.5 Eb/Ef: 96708.4
mass_bos= 0.217857 mass_fer= 2.25272e-06
compactness= 0.0912767
compactness_boson= 0.0648383
E_binding= 0.179173
