mass= 0.301234numbos: 0.128401 numfer: 1.93746e-07 omega: 0.731372 r99bos: 3.324 r99fer: 0.048 r99tot: 3.456
 Nb/Nf: 662728 Eb/Ef: 1.029e+06
mass_bos= 0.205817 mass_fer= 2.00017e-07
compactness= 0.0871626
compactness_boson= 0.0619184
E_binding= 0.172833
