mass= 0.311711numbos: 0.135545 numfer: 1.13375e-06 omega: 0.728729 r99bos: 3.414 r99fer: 0.054 r99tot: 3.558
 Nb/Nf: 119554 Eb/Ef: 162924
mass_bos= 0.211238 mass_fer= 1.29654e-06
compactness= 0.0876086
compactness_boson= 0.0618742
E_binding= 0.176166
