mass= 0.530771numbos: 0.175467 numfer: 0.206486 omega: 0.633491 r99bos: 3.54 r99fer: 4.512 r99tot: 4.368
 Nb/Nf: 0.849776 Eb/Ef: 0.910271
mass_bos= 0.208391 mass_fer= 0.228933
compactness= 0.121513
compactness_boson= 0.0588676
E_binding= 0.148818
