mass= 0.325361numbos: 0.145021 numfer: 4.54879e-08 omega: 0.704863 r99bos: 3.258 r99fer: 0.006 r99tot: 3.438
 Nb/Nf: 3.18812e+06 Eb/Ef: 3.82772e+06
mass_bos= 0.222399 mass_fer= 5.81022e-08
compactness= 0.0946366
compactness_boson= 0.0682624
E_binding= 0.18034
