mass= 0.302973numbos: 0.129581 numfer: 2.59537e-05 omega: 0.735946 r99bos: 3.402 r99fer: 0.138 r99tot: 3.54
 Nb/Nf: 4992.77 Eb/Ef: 6196.66
mass_bos= 0.206052 mass_fer= 3.32522e-05
compactness= 0.0855855
compactness_boson= 0.060568
E_binding= 0.173366
