mass= 0.327836numbos: 0.146776 numfer: 1.28277e-07 omega: 0.704658 r99bos: 3.288 r99fer: 0.018 r99tot: 3.462
 Nb/Nf: 1.14421e+06 Eb/Ef: 1.52259e+06
mass_bos= 0.222964 mass_fer= 1.46437e-07
compactness= 0.0946955
compactness_boson= 0.0678114
E_binding= 0.18106
