mass= 0.326349numbos: 0.145723 numfer: 3.18774e-07 omega: 0.707978 r99bos: 3.312 r99fer: 0.024 r99tot: 3.486
 Nb/Nf: 457134 Eb/Ef: 559865
mass_bos= 0.22157 mass_fer= 3.95757e-07
compactness= 0.0936169
compactness_boson= 0.0668993
E_binding= 0.180626
