mass= 0.501996numbos: 0.186468 numfer: 0.142449 omega: 0.869003 r99bos: 7.71 r99fer: 5.01 r99tot: 7.464
 Nb/Nf: 1.30902 Eb/Ef: 1.35241
mass_bos= 0.200387 mass_fer= 0.14817
compactness= 0.0672557
compactness_boson= 0.0259905
E_binding= 0.173079
