mass= 0.307502numbos: 0.132742 numfer: 3.01795e-06 omega: 0.714252 r99bos: 3.18 r99fer: 0.102 r99tot: 3.33
 Nb/Nf: 43984 Eb/Ef: 65325.1
mass_bos= 0.210967 mass_fer= 3.22949e-06
compactness= 0.0923431
compactness_boson= 0.0663417
E_binding= 0.174758
