mass= 0.309171numbos: 0.133805 numfer: 1.19007e-06 omega: 0.731475 r99bos: 3.42 r99fer: 0.06 r99tot: 3.558
 Nb/Nf: 112435 Eb/Ef: 157371
mass_bos= 0.209637 mass_fer= 1.33212e-06
compactness= 0.0868947
compactness_boson= 0.0612975
E_binding= 0.175365
