mass= 0.317088numbos: 0.139198 numfer: 9.34546e-09 omega: 0.714548 r99bos: 3.288 r99fer: 0.006 r99tot: 3.45
 Nb/Nf: 1.48947e+07 Eb/Ef: 1.73858e+07
mass_bos= 0.218419 mass_fer= 1.25631e-08
compactness= 0.0919097
compactness_boson= 0.0664293
E_binding= 0.17789
