mass= 0.327343numbos: 0.146427 numfer: 4.40862e-08 omega: 0.703273 r99bos: 3.264 r99fer: 0.006 r99tot: 3.444
 Nb/Nf: 3.32137e+06 Eb/Ef: 3.85336e+06
mass_bos= 0.223276 mass_fer= 5.79433e-08
compactness= 0.0950474
compactness_boson= 0.0684057
E_binding= 0.180917
