mass= 0.319316numbos: 0.140756 numfer: 5.49653e-09 omega: 0.711944 r99bos: 3.282 r99fer: 0.006 r99tot: 3.45
 Nb/Nf: 2.56082e+07 Eb/Ef: 3.32062e+07
mass_bos= 0.219479 mass_fer= 6.60958e-09
compactness= 0.0925553
compactness_boson= 0.0668735
E_binding= 0.17856
