mass= 0.32099numbos: 0.141932 numfer: 1.86909e-08 omega: 0.71002 r99bos: 3.27 r99fer: 0.006 r99tot: 3.438
 Nb/Nf: 7.59364e+06 Eb/Ef: 6.97834e+06
mass_bos= 0.220247 mass_fer= 3.15615e-08
compactness= 0.0933653
compactness_boson= 0.0673538
E_binding= 0.179058
