mass= 0.321023numbos: 0.141957 numfer: 1.07189e-08 omega: 0.709986 r99bos: 3.276 r99fer: 0.006 r99tot: 3.444
 Nb/Nf: 1.32436e+07 Eb/Ef: 1.47318e+07
mass_bos= 0.220267 mass_fer= 1.49518e-08
compactness= 0.0932122
compactness_boson= 0.0672365
E_binding= 0.179066
