mass= 0.327867numbos: 0.146799 numfer: 1.09931e-09 omega: 0.703229 r99bos: 3.27 r99fer: 0.006 r99tot: 3.45
 Nb/Nf: 1.33538e+08 Eb/Ef: 1.95318e+08
mass_bos= 0.22341 mass_fer= 1.14383e-09
compactness= 0.095034
compactness_boson= 0.0683211
E_binding= 0.181068
