mass= 0.301235numbos: 0.128401 numfer: 2.27794e-06 omega: 0.731372 r99bos: 3.324 r99fer: 0.084 r99tot: 3.456
 Nb/Nf: 56367.4 Eb/Ef: 82893.9
mass_bos= 0.205816 mass_fer= 2.48289e-06
compactness= 0.0871629
compactness_boson= 0.0619181
E_binding= 0.172831
