mass= 1.29878numbos: 0.0913131 numfer: 1.22449 omega: 0.517577 r99bos: 3.93 r99fer: 6.378 r99tot: 6.324
 Nb/Nf: 0.0745722 Eb/Ef: 0.0786956
mass_bos= 0.111888 mass_fer= 1.42179
compactness= 0.205373
compactness_boson= 0.0284704
E_binding= -0.0170289
