mass= 0.323918numbos: 0.144001 numfer: 1.65032e-09 omega: 0.70647 r99bos: 3.264 r99fer: 0.006 r99tot: 3.438
 Nb/Nf: 8.72566e+07 Eb/Ef: 1.26629e+08
mass_bos= 0.221684 mass_fer= 1.75066e-09
compactness= 0.0942171
compactness_boson= 0.067918
E_binding= 0.179917
