mass= 0.327344numbos: 0.146427 numfer: 4.28173e-08 omega: 0.703272 r99bos: 3.264 r99fer: 0.006 r99tot: 3.444
 Nb/Nf: 3.41982e+06 Eb/Ef: 3.99153e+06
mass_bos= 0.223277 mass_fer= 5.59376e-08
compactness= 0.0950477
compactness_boson= 0.0684059
E_binding= 0.180917
