mass= 0.322314numbos: 0.142868 numfer: 3.57207e-09 omega: 0.708426 r99bos: 3.27 r99fer: 0.006 r99tot: 3.444
 Nb/Nf: 3.9996e+07 Eb/Ef: 5.46459e+07
mass_bos= 0.220887 mass_fer= 4.04215e-09
compactness= 0.0935872
compactness_boson= 0.0675495
E_binding= 0.179446
