mass= 0.301264numbos: 0.128419 numfer: 2.25072e-05 omega: 0.731354 r99bos: 3.324 r99fer: 0.15 r99tot: 3.456
 Nb/Nf: 5705.71 Eb/Ef: 7638.54
mass_bos= 0.205818 mass_fer= 2.69447e-05
compactness= 0.0871712
compactness_boson= 0.0619188
E_binding= 0.172822
