mass= 0.326352numbos: 0.145725 numfer: 7.76383e-07 omega: 0.707974 r99bos: 3.312 r99fer: 0.036 r99tot: 3.486
 Nb/Nf: 187697 Eb/Ef: 225903
mass_bos= 0.221572 mass_fer= 9.80828e-07
compactness= 0.0936179
compactness_boson= 0.0668999
E_binding= 0.180626
