mass= 0.323424numbos: 0.143665 numfer: 1.54824e-06 omega: 0.712956 r99bos: 3.342 r99fer: 0.048 r99tot: 3.51
 Nb/Nf: 92791.9 Eb/Ef: 111012
mass_bos= 0.219283 mass_fer= 1.97531e-06
compactness= 0.0921436
compactness_boson= 0.0656144
E_binding= 0.179758
