mass= 0.323422numbos: 0.143663 numfer: 1.22953e-06 omega: 0.712959 r99bos: 3.342 r99fer: 0.042 r99tot: 3.51
 Nb/Nf: 116844 Eb/Ef: 139102
mass_bos= 0.219282 mass_fer= 1.57641e-06
compactness= 0.092143
compactness_boson= 0.065614
E_binding= 0.179758
