mass= 0.302282numbos: 0.129119 numfer: 6.52896e-07 omega: 0.727136 r99bos: 3.282 r99fer: 0.066 r99tot: 3.42
 Nb/Nf: 197764 Eb/Ef: 301822
mass_bos= 0.206848 mass_fer= 6.85331e-07
compactness= 0.0883866
compactness_boson= 0.0630251
E_binding= 0.173162
