mass= 0.321017numbos: 0.141953 numfer: 1.37427e-08 omega: 0.709992 r99bos: 3.276 r99fer: 0.006 r99tot: 3.444
 Nb/Nf: 1.03293e+07 Eb/Ef: 1.06404e+07
mass_bos= 0.220263 mass_fer= 2.07006e-08
compactness= 0.0932107
compactness_boson= 0.0672355
E_binding= 0.179065
