mass= 0.306787numbos: 0.132178 numfer: 2.02112e-06 omega: 0.733715 r99bos: 3.42 r99fer: 0.072 r99tot: 3.558
 Nb/Nf: 65398.4 Eb/Ef: 90888.7
mass_bos= 0.20819 mass_fer= 2.2906e-06
compactness= 0.0862247
compactness_boson= 0.0608743
E_binding= 0.174607
