mass= 1.43379numbos: 0.0413922 numfer: 1.46633 omega: 0.462476 r99bos: 3.924 r99fer: 5.892 r99tot: 5.844
 Nb/Nf: 0.0282285 Eb/Ef: 0.0280782
mass_bos= 0.0504496 mass_fer= 1.79675
compactness= 0.245344
compactness_boson= 0.0128567
E_binding= -0.0739286
