mass= 0.301237numbos: 0.128403 numfer: 7.86505e-07 omega: 0.731369 r99bos: 3.324 r99fer: 0.066 r99tot: 3.456
 Nb/Nf: 163258 Eb/Ef: 246863
mass_bos= 0.205818 mass_fer= 8.33733e-07
compactness= 0.0871635
compactness_boson= 0.0619188
E_binding= 0.172833
