mass= 0.342007numbos: 0.157922 numfer: 1.04374e-05 omega: 0.660817 r99bos: 2.934 r99fer: 0.174 r99tot: 3.156
 Nb/Nf: 15130.3 Eb/Ef: 21227.7
mass_bos= 0.234642 mass_fer= 1.10536e-05
compactness= 0.108367
compactness_boson= 0.0799734
E_binding= 0.184075
