mass= 0.311888numbos: 0.135827 numfer: 2.79045e-05 omega: 0.705674 r99bos: 3.126 r99fer: 0.174 r99tot: 3.288
 Nb/Nf: 4867.57 Eb/Ef: 6741.22
mass_bos= 0.214145 mass_fer= 3.17666e-05
compactness= 0.0948564
compactness_boson= 0.0685046
E_binding= 0.176033
