mass= 0.323421numbos: 0.143663 numfer: 1.03139e-06 omega: 0.71296 r99bos: 3.342 r99fer: 0.042 r99tot: 3.51
 Nb/Nf: 139290 Eb/Ef: 171447
mass_bos= 0.219282 mass_fer= 1.27901e-06
compactness= 0.0921429
compactness_boson= 0.065614
E_binding= 0.179758
