mass= 0.330424numbos: 0.15856 numfer: 0.00491735 omega: 0.797043 r99bos: 4.86 r99fer: 1.482 r99tot: 5.016
 Nb/Nf: 32.2451 Eb/Ef: 35.5573
mass_bos= 0.183318 mass_fer= 0.00515555
compactness= 0.0658739
compactness_boson= 0.0377197
E_binding= 0.166946
