mass= 0.361284numbos: 0.174282 numfer: 0.0134051 omega: 0.740392 r99bos: 4.242 r99fer: 1.812 r99tot: 4.428
 Nb/Nf: 13.0012 Eb/Ef: 14.0023
mass_bos= 0.20182 mass_fer= 0.0144133
compactness= 0.0815908
compactness_boson= 0.0475766
E_binding= 0.173597
