mass= 0.317836numbos: 0.139718 numfer: 1.31944e-08 omega: 0.713633 r99bos: 3.282 r99fer: 0.006 r99tot: 3.45
 Nb/Nf: 1.05892e+07 Eb/Ef: 1.11576e+07
mass_bos= 0.21878 mass_fer= 1.96082e-08
compactness= 0.0921262
compactness_boson= 0.0666604
E_binding= 0.178118
