mass= 0.301236numbos: 0.128402 numfer: 3.58571e-07 omega: 0.731371 r99bos: 3.324 r99fer: 0.054 r99tot: 3.456
 Nb/Nf: 358094 Eb/Ef: 549420
mass_bos= 0.205818 mass_fer= 3.74609e-07
compactness= 0.0871631
compactness_boson= 0.0619186
E_binding= 0.172833
