mass= 1.36973numbos: 0.0780965 numfer: 1.33362 omega: 0.513253 r99bos: 4.146 r99fer: 6.264 r99tot: 6.216
 Nb/Nf: 0.0585596 Eb/Ef: 0.0595941
mass_bos= 0.0935197 mass_fer= 1.56928
compactness= 0.220356
compactness_boson= 0.0225566
E_binding= -0.0419856
