mass= 0.353437numbos: 0.145035 numfer: 0.0566354 omega: 0.825953 r99bos: 5.412 r99fer: 3.474 r99tot: 5.388
 Nb/Nf: 2.56085 Eb/Ef: 2.80345
mass_bos= 0.167262 mass_fer= 0.0596629
compactness= 0.0655971
compactness_boson= 0.0309058
E_binding= 0.151767
