mass= 0.309179numbos: 0.13381 numfer: 3.25822e-06 omega: 0.731466 r99bos: 3.42 r99fer: 0.072 r99tot: 3.558
 Nb/Nf: 41068.5 Eb/Ef: 53698.8
mass_bos= 0.209641 mass_fer= 3.90401e-06
compactness= 0.0868967
compactness_boson= 0.0612984
E_binding= 0.175365
