mass= 0.326351numbos: 0.145724 numfer: 4.26438e-07 omega: 0.707976 r99bos: 3.312 r99fer: 0.03 r99tot: 3.486
 Nb/Nf: 341724 Eb/Ef: 439859
mass_bos= 0.221572 mass_fer= 5.03733e-07
compactness= 0.0936175
compactness_boson= 0.0668997
E_binding= 0.180626
