mass= 0.451874numbos: 0.247652 numfer: 0.00137304 omega: 0.577389 r99bos: 3.048 r99fer: 0.72 r99tot: 3.366
 Nb/Nf: 180.368 Eb/Ef: 194.9
mass_bos= 0.296847 mass_fer= 0.00152307
compactness= 0.134247
compactness_boson= 0.0973907
E_binding= 0.202849
