mass= 0.327347numbos: 0.146429 numfer: 3.39992e-08 omega: 0.70327 r99bos: 3.264 r99fer: 0.006 r99tot: 3.444
 Nb/Nf: 4.30684e+06 Eb/Ef: 5.24363e+06
mass_bos= 0.223278 mass_fer= 4.25808e-08
compactness= 0.0950483
compactness_boson= 0.0684063
E_binding= 0.180917
