mass= 0.476836numbos: 0.205067 numfer: 0.102134 omega: 0.595655 r99bos: 3.18 r99fer: 2.988 r99tot: 3.342
 Nb/Nf: 2.00782 Eb/Ef: 2.05014
mass_bos= 0.245521 mass_fer= 0.119758
compactness= 0.14268
compactness_boson= 0.0772079
E_binding= 0.169635
