mass= 0.321469numbos: 0.142296 numfer: 2.22605e-08 omega: 0.71594 r99bos: 3.36 r99fer: 0.012 r99tot: 3.522
 Nb/Nf: 6.39232e+06 Eb/Ef: 9.20264e+06
mass_bos= 0.217853 mass_fer= 2.36728e-08
compactness= 0.0912744
compactness_boson= 0.0648371
E_binding= 0.179173
