mass= 0.32784numbos: 0.146779 numfer: 8.94456e-09 omega: 0.704654 r99bos: 3.288 r99fer: 0.006 r99tot: 3.462
 Nb/Nf: 1.64099e+07 Eb/Ef: 2.31847e+07
mass_bos= 0.222967 mass_fer= 9.61697e-09
compactness= 0.0946968
compactness_boson= 0.0678123
E_binding= 0.181061
