mass= 0.323419numbos: 0.143661 numfer: 3.98437e-07 omega: 0.712963 r99bos: 3.342 r99fer: 0.03 r99tot: 3.51
 Nb/Nf: 360561 Eb/Ef: 460551
mass_bos= 0.21928 mass_fer= 4.76126e-07
compactness= 0.0921421
compactness_boson= 0.0656135
E_binding= 0.179758
