mass= 0.323894numbos: 0.143983 numfer: 9.07131e-09 omega: 0.706494 r99bos: 3.264 r99fer: 0.006 r99tot: 3.438
 Nb/Nf: 1.58723e+07 Eb/Ef: 1.83154e+07
mass_bos= 0.22167 mass_fer= 1.21029e-08
compactness= 0.0942099
compactness_boson= 0.0679135
E_binding= 0.179911
