mass= 0.323903numbos: 0.143989 numfer: 6.8727e-09 omega: 0.706485 r99bos: 3.264 r99fer: 0.006 r99tot: 3.438
 Nb/Nf: 2.09509e+07 Eb/Ef: 2.57377e+07
mass_bos= 0.221675 mass_fer= 8.61287e-09
compactness= 0.0942125
compactness_boson= 0.0679151
E_binding= 0.179913
