mass= 0.323692numbos: 0.144196 numfer: 0.000584677 omega: 0.68628 r99bos: 3.03 r99fer: 0.402 r99tot: 3.216
 Nb/Nf: 246.625 Eb/Ef: 295.858
mass_bos= 0.221951 mass_fer= 0.000750194
compactness= 0.100651
compactness_boson= 0.0732511
E_binding= 0.178912
