mass= 0.32342numbos: 0.143662 numfer: 7.45115e-07 omega: 0.712961 r99bos: 3.342 r99fer: 0.036 r99tot: 3.51
 Nb/Nf: 192805 Eb/Ef: 237086
mass_bos= 0.219281 mass_fer= 9.24902e-07
compactness= 0.0921424
compactness_boson= 0.0656137
E_binding= 0.179758
