mass= 0.307512numbos: 0.132747 numfer: 1.6942e-05 omega: 0.714255 r99bos: 3.18 r99fer: 0.156 r99tot: 3.33
 Nb/Nf: 7835.35 Eb/Ef: 11029.1
mass_bos= 0.210962 mass_fer= 1.91278e-05
compactness= 0.092346
compactness_boson= 0.0663402
E_binding= 0.174748
