mass= 0.317842numbos: 0.139722 numfer: 1.20951e-08 omega: 0.713627 r99bos: 3.282 r99fer: 0.006 r99tot: 3.45
 Nb/Nf: 1.1552e+07 Eb/Ef: 1.25129e+07
mass_bos= 0.218783 mass_fer= 1.74846e-08
compactness= 0.092128
compactness_boson= 0.0666616
E_binding= 0.178119
