mass= 0.328031numbos: 0.146915 numfer: 5.45367e-07 omega: 0.703698 r99bos: 3.276 r99fer: 0.03 r99tot: 3.456
 Nb/Nf: 269387 Eb/Ef: 338503
mass_bos= 0.223305 mass_fer= 6.59684e-07
compactness= 0.0949163
compactness_boson= 0.068164
E_binding= 0.181115
