mass= 0.324193numbos: 0.144636 numfer: 0.000255055 omega: 0.685391 r99bos: 3.024 r99fer: 0.318 r99tot: 3.21
 Nb/Nf: 567.078 Eb/Ef: 711.533
mass_bos= 0.222546 mass_fer= 0.00031277
compactness= 0.100995
compactness_boson= 0.0735932
E_binding= 0.179302
