mass= 1.17771numbos: 0.10866 numfer: 1.0504 omega: 0.519166 r99bos: 3.612 r99fer: 6.474 r99tot: 6.414
 Nb/Nf: 0.103446 Eb/Ef: 0.112926
mass_bos= 0.135529 mass_fer= 1.20016
compactness= 0.183615
compactness_boson= 0.0375218
E_binding= 0.018649
