mass= 0.304332numbos: 0.130533 numfer: 3.20913e-06 omega: 0.721434 r99bos: 3.228 r99fer: 0.102 r99tot: 3.378
 Nb/Nf: 40675.6 Eb/Ef: 60261.5
mass_bos= 0.208542 mass_fer= 3.46062e-06
compactness= 0.0900923
compactness_boson= 0.0646042
E_binding= 0.173795
