mass= 0.454531numbos: 0.244948 numfer: 0.0119682 omega: 0.591169 r99bos: 3.21 r99fer: 1.332 r99tot: 3.516
 Nb/Nf: 20.4666 Eb/Ef: 20.5307
mass_bos= 0.285181 mass_fer= 0.0138904
compactness= 0.129275
compactness_boson= 0.0888414
E_binding= 0.197615
