mass= 0.304362numbos: 0.130545 numfer: 7.861e-05 omega: 0.721488 r99bos: 3.234 r99fer: 0.216 r99tot: 3.378
 Nb/Nf: 1660.67 Eb/Ef: 2144
mass_bos= 0.208498 mass_fer= 9.72471e-05
compactness= 0.0901011
compactness_boson= 0.0644706
E_binding= 0.173738
