mass= 0.301709numbos: 0.128723 numfer: 1.33272e-05 omega: 0.735657 r99bos: 3.384 r99fer: 0.12 r99tot: 3.516
 Nb/Nf: 9658.67 Eb/Ef: 12771.7
mass_bos= 0.205495 mass_fer= 1.60898e-05
compactness= 0.0858103
compactness_boson= 0.0607253
E_binding= 0.172972
