mass= 0.322282numbos: 0.142844 numfer: 1.56671e-08 omega: 0.708459 r99bos: 3.27 r99fer: 0.006 r99tot: 3.438
 Nb/Nf: 9.1174e+06 Eb/Ef: 8.93829e+06
mass_bos= 0.220867 mass_fer= 2.47102e-08
compactness= 0.0937411
compactness_boson= 0.0675434
E_binding= 0.179438
