mass= 0.301684numbos: 0.128707 numfer: 2.1431e-06 omega: 0.735681 r99bos: 3.384 r99fer: 0.078 r99tot: 3.516
 Nb/Nf: 60056.5 Eb/Ef: 86694.8
mass_bos= 0.205487 mass_fer= 2.37024e-06
compactness= 0.0858032
compactness_boson= 0.0607232
E_binding= 0.172975
