mass= 0.459938numbos: 0.253316 numfer: 0.00444773 omega: 0.58788 r99bos: 3.228 r99fer: 1.044 r99tot: 3.546
 Nb/Nf: 56.9539 Eb/Ef: 58.7048
mass_bos= 0.292376 mass_fer= 0.00498044
compactness= 0.129706
compactness_boson= 0.0905749
E_binding= 0.202174
