mass= 0.394692numbos: 0.188482 numfer: 0.0179477 omega: 0.881342 r99bos: 7.464 r99fer: 2.646 r99tot: 7.518
 Nb/Nf: 10.5017 Eb/Ef: 11.0707
mass_bos= 0.205007 mass_fer= 0.018518
compactness= 0.0524996
compactness_boson= 0.0274661
E_binding= 0.188263
