mass= 0.456047numbos: 0.248631 numfer: 0.00729299 omega: 0.584393 r99bos: 3.156 r99fer: 1.14 r99tot: 3.462
 Nb/Nf: 34.0918 Eb/Ef: 34.6491
mass_bos= 0.29141 mass_fer= 0.00841032
compactness= 0.131729
compactness_boson= 0.0923353
E_binding= 0.200123
