mass= 0.452426numbos: 0.245988 numfer: 0.00632787 omega: 0.581663 r99bos: 3.096 r99fer: 1.068 r99tot: 3.408
 Nb/Nf: 38.8738 Eb/Ef: 39.7645
mass_bos= 0.292199 mass_fer= 0.00734824
compactness= 0.132754
compactness_boson= 0.0943796
E_binding= 0.20011
