mass= 0.447665numbos: 0.239245 numfer: 0.0116718 omega: 0.584732 r99bos: 3.084 r99fer: 1.248 r99tot: 3.384
 Nb/Nf: 20.4978 Eb/Ef: 20.5967
mass_bos= 0.286322 mass_fer= 0.0139014
compactness= 0.132289
compactness_boson= 0.0928413
E_binding= 0.196748
