mass= 0.31857numbos: 0.140232 numfer: 1.20951e-08 omega: 0.712783 r99bos: 3.282 r99fer: 0.006 r99tot: 3.444
 Nb/Nf: 1.15941e+07 Eb/Ef: 1.25326e+07
mass_bos= 0.219129 mass_fer= 1.74846e-08
compactness= 0.0925001
compactness_boson= 0.0667669
E_binding= 0.178338
