mass= 0.323906numbos: 0.143992 numfer: 4.67409e-09 omega: 0.706482 r99bos: 3.264 r99fer: 0.006 r99tot: 3.438
 Nb/Nf: 3.08065e+07 Eb/Ef: 4.04597e+07
mass_bos= 0.221677 mass_fer= 5.47896e-09
compactness= 0.0942136
compactness_boson= 0.0679159
E_binding= 0.179914
