mass= 0.424654numbos: 0.215231 numfer: 0.0198907 omega: 0.592944 r99bos: 2.97 r99fer: 1.398 r99tot: 3.24
 Nb/Nf: 10.8207 Eb/Ef: 10.875
mass_bos= 0.270878 mass_fer= 0.0249084
compactness= 0.131066
compactness_boson= 0.0912048
E_binding= 0.189532
