mass= 0.306781numbos: 0.132174 numfer: 2.10795e-07 omega: 0.733723 r99bos: 3.42 r99fer: 0.036 r99tot: 3.558
 Nb/Nf: 627025 Eb/Ef: 925279
mass_bos= 0.208187 mass_fer= 2.24999e-07
compactness= 0.0862229
compactness_boson= 0.0608735
E_binding= 0.174607
