mass= 0.319299numbos: 0.140743 numfer: 1.29175e-08 omega: 0.711962 r99bos: 3.282 r99fer: 0.006 r99tot: 3.444
 Nb/Nf: 1.08955e+07 Eb/Ef: 1.15116e+07
mass_bos= 0.219468 mass_fer= 1.9065e-08
compactness= 0.0927115
compactness_boson= 0.0668703
E_binding= 0.178555
