mass= 0.394313numbos: 0.202527 numfer: 0.00369867 omega: 0.68826 r99bos: 3.876 r99fer: 1.2 r99tot: 4.128
 Nb/Nf: 54.7567 Eb/Ef: 58.7774
mass_bos= 0.231657 mass_fer= 0.00394127
compactness= 0.0955215
compactness_boson= 0.0597671
E_binding= 0.188087
