mass= 0.325058numbos: 0.144812 numfer: 2.48292e-08 omega: 0.710285 r99bos: 3.324 r99fer: 0.012 r99tot: 3.498
 Nb/Nf: 5.83234e+06 Eb/Ef: 8.25198e+06
mass_bos= 0.22053 mass_fer= 2.67245e-08
compactness= 0.0929267
compactness_boson= 0.0663448
E_binding= 0.180245
