mass= 0.414238numbos: 0.207182 numfer: 0.0186398 omega: 0.598178 r99bos: 2.934 r99fer: 1.35 r99tot: 3.204
 Nb/Nf: 11.115 Eb/Ef: 11.2613
mass_bos= 0.266195 mass_fer= 0.0236381
compactness= 0.129288
compactness_boson= 0.0907277
E_binding= 0.188415
