mass= 0.325364numbos: 0.145023 numfer: 4.67409e-09 omega: 0.704859 r99bos: 3.258 r99fer: 0.006 r99tot: 3.438
 Nb/Nf: 3.10271e+07 Eb/Ef: 4.05918e+07
mass_bos= 0.222401 mass_fer= 5.47896e-09
compactness= 0.0946376
compactness_boson= 0.068263
E_binding= 0.180341
