mass= 0.328022numbos: 0.146908 numfer: 2.22964e-08 omega: 0.703707 r99bos: 3.276 r99fer: 0.006 r99tot: 3.456
 Nb/Nf: 6.58887e+06 Eb/Ef: 8.60347e+06
mass_bos= 0.2233 mass_fer= 2.59547e-08
compactness= 0.0949138
compactness_boson= 0.0681625
E_binding= 0.181114
