mass= 0.439985numbos: 0.232595 numfer: 0.0118404 omega: 0.585728 r99bos: 3.03 r99fer: 1.224 r99tot: 3.324
 Nb/Nf: 19.6441 Eb/Ef: 19.7991
mass_bos= 0.283457 mass_fer= 0.0143166
compactness= 0.132366
compactness_boson= 0.09355
E_binding= 0.19555
