mass= 0.327289numbos: 0.146388 numfer: 3.6816e-09 omega: 0.70608 r99bos: 3.3 r99fer: 0.006 r99tot: 3.474
 Nb/Nf: 3.97621e+07 Eb/Ef: 5.87733e+07
mass_bos= 0.222392 mass_fer= 3.7839e-09
compactness= 0.0942109
compactness_boson= 0.0673916
E_binding= 0.180901
