mass= 0.323427numbos: 0.143667 numfer: 3.06109e-09 omega: 0.712956 r99bos: 3.342 r99fer: 0.006 r99tot: 3.51
 Nb/Nf: 4.69331e+07 Eb/Ef: 7.00404e+07
mass_bos= 0.219285 mass_fer= 3.13084e-09
compactness= 0.0921443
compactness_boson= 0.065615
E_binding= 0.17976
