mass= 0.430624numbos: 0.213734 numfer: 0.0310159 omega: 0.591602 r99bos: 2.982 r99fer: 1.662 r99tot: 3.24
 Nb/Nf: 6.8911 Eb/Ef: 6.89067
mass_bos= 0.266937 mass_fer= 0.038739
compactness= 0.132909
compactness_boson= 0.0895162
E_binding= 0.185875
