mass= 0.323418numbos: 0.14366 numfer: 2.54597e-07 omega: 0.712964 r99bos: 3.342 r99fer: 0.03 r99tot: 3.51
 Nb/Nf: 564265 Eb/Ef: 774030
mass_bos= 0.21928 mass_fer= 2.83297e-07
compactness= 0.0921419
compactness_boson= 0.0656135
E_binding= 0.179758
