mass= 0.317847numbos: 0.139726 numfer: 1.09958e-08 omega: 0.713622 r99bos: 3.282 r99fer: 0.006 r99tot: 3.45
 Nb/Nf: 1.27072e+07 Eb/Ef: 1.41608e+07
mass_bos= 0.218786 mass_fer= 1.54502e-08
compactness= 0.0921295
compactness_boson= 0.0666625
E_binding= 0.178121
