mass= 0.319272numbos: 0.140723 numfer: 1.73175e-08 omega: 0.711988 r99bos: 3.276 r99fer: 0.006 r99tot: 3.444
 Nb/Nf: 8.12609e+06 Eb/Ef: 7.73646e+06
mass_bos= 0.219452 mass_fer= 2.8366e-08
compactness= 0.0927038
compactness_boson= 0.0669879
E_binding= 0.178549
