mass= 0.323418numbos: 0.14366 numfer: 1.85335e-07 omega: 0.712964 r99bos: 3.342 r99fer: 0.024 r99tot: 3.51
 Nb/Nf: 775135 Eb/Ef: 1.03056e+06
mass_bos= 0.21928 mass_fer= 2.12778e-07
compactness= 0.0921418
compactness_boson= 0.0656134
E_binding= 0.179757
