mass= 0.411496numbos: 0.21016 numfer: 0.00849078 omega: 0.598471 r99bos: 2.928 r99fer: 1.038 r99tot: 3.21
 Nb/Nf: 24.7516 Eb/Ef: 25.6164
mass_bos= 0.271395 mass_fer= 0.0105946
compactness= 0.128192
compactness_boson= 0.0926895
E_binding= 0.192845
