mass= 0.439037numbos: 0.232189 numfer: 0.0121263 omega: 0.624642 r99bos: 3.468 r99fer: 1.464 r99tot: 3.75
 Nb/Nf: 19.1476 Eb/Ef: 19.5018
mass_bos= 0.265352 mass_fer= 0.0136065
compactness= 0.117077
compactness_boson= 0.0765143
E_binding= 0.194721
