mass= 0.306786numbos: 0.132177 numfer: 7.16325e-08 omega: 0.733718 r99bos: 3.42 r99fer: 0.03 r99tot: 3.558
 Nb/Nf: 1.84522e+06 Eb/Ef: 2.80451e+06
mass_bos= 0.20819 mass_fer= 7.42341e-08
compactness= 0.0862243
compactness_boson= 0.0608743
E_binding= 0.174608
