mass= 0.328025numbos: 0.14691 numfer: 2.78741e-07 omega: 0.703704 r99bos: 3.276 r99fer: 0.018 r99tot: 3.456
 Nb/Nf: 527050 Eb/Ef: 587780
mass_bos= 0.223302 mass_fer= 3.79907e-07
compactness= 0.0949146
compactness_boson= 0.0681629
E_binding= 0.181114
