mass= 0.316843numbos: 0.139081 numfer: 3.16065e-07 omega: 0.722402 r99bos: 3.39 r99fer: 0.036 r99tot: 3.546
 Nb/Nf: 440038 Eb/Ef: 613914
mass_bos= 0.214624 mass_fer= 3.496e-07
compactness= 0.0893523
compactness_boson= 0.063311
E_binding= 0.177762
