mass= 0.372373numbos: 0.184359 numfer: 5.49964e-05 omega: 0.882631 r99bos: 7.326 r99fer: 0.666 r99tot: 7.428
 Nb/Nf: 3352.21 Eb/Ef: 3644.13
mass_bos= 0.201536 mass_fer= 5.53044e-05
compactness= 0.050131
compactness_boson= 0.0275098
E_binding= 0.187959
