mass= 0.433892numbos: 0.229114 numfer: 0.0084053 omega: 0.586596 r99bos: 2.994 r99fer: 1.086 r99tot: 3.288
 Nb/Nf: 27.2582 Eb/Ef: 27.8687
mass_bos= 0.283243 mass_fer= 0.0101635
compactness= 0.131962
compactness_boson= 0.0946034
E_binding= 0.196373
