mass= 0.419354numbos: 0.219227 numfer: 0.00284954 omega: 0.592051 r99bos: 2.928 r99fer: 0.78 r99tot: 3.222
 Nb/Nf: 76.9343 Eb/Ef: 82.8572
mass_bos= 0.279846 mass_fer= 0.00337745
compactness= 0.130153
compactness_boson= 0.0955759
E_binding= 0.197277
