mass= 0.327344numbos: 0.146427 numfer: 1.51126e-07 omega: 0.703273 r99bos: 3.264 r99fer: 0.012 r99tot: 3.444
 Nb/Nf: 968910 Eb/Ef: 1.10187e+06
mass_bos= 0.223276 mass_fer= 2.02634e-07
compactness= 0.0950476
compactness_boson= 0.0684058
E_binding= 0.180917
