mass= 0.323417numbos: 0.143659 numfer: 2.10475e-07 omega: 0.712965 r99bos: 3.342 r99fer: 0.024 r99tot: 3.51
 Nb/Nf: 682547 Eb/Ef: 897365
mass_bos= 0.219279 mass_fer= 2.44359e-07
compactness= 0.0921416
compactness_boson= 0.0656132
E_binding= 0.179757
