mass= 0.451661numbos: 0.238865 numfer: 0.0186161 omega: 0.592711 r99bos: 3.192 r99fer: 1.506 r99tot: 3.486
 Nb/Nf: 12.8311 Eb/Ef: 12.7572
mass_bos= 0.28001 mass_fer= 0.0219492
compactness= 0.129564
compactness_boson= 0.0877224
E_binding= 0.19418
