mass= 0.327834numbos: 0.146774 numfer: 2.24463e-07 omega: 0.70466 r99bos: 3.288 r99fer: 0.018 r99tot: 3.462
 Nb/Nf: 653891 Eb/Ef: 767833
mass_bos= 0.222963 mass_fer= 2.9038e-07
compactness= 0.094695
compactness_boson= 0.0678111
E_binding= 0.18106
