mass= 0.370441numbos: 0.179108 numfer: 0.00284412 omega: 0.630412 r99bos: 2.898 r99fer: 0.696 r99tot: 3.144
 Nb/Nf: 62.9751 Eb/Ef: 69.638
mass_bos= 0.250776 mass_fer= 0.00360114
compactness= 0.117825
compactness_boson= 0.0865342
E_binding= 0.188489
