mass= 0.326352numbos: 0.145725 numfer: 7.21769e-07 omega: 0.707974 r99bos: 3.312 r99fer: 0.036 r99tot: 3.486
 Nb/Nf: 201900 Eb/Ef: 251265
mass_bos= 0.221573 mass_fer= 8.81829e-07
compactness= 0.093618
compactness_boson= 0.0668999
E_binding= 0.180626
