mass= 0.342021numbos: 0.157934 numfer: 2.33509e-06 omega: 0.660795 r99bos: 2.94 r99fer: 0.126 r99tot: 3.156
 Nb/Nf: 67634.9 Eb/Ef: 97280.3
mass_bos= 0.234657 mass_fer= 2.41218e-06
compactness= 0.108372
compactness_boson= 0.0798153
E_binding= 0.184084
