mass= 0.306796numbos: 0.132184 numfer: 5.2391e-06 omega: 0.733704 r99bos: 3.42 r99fer: 0.084 r99tot: 3.558
 Nb/Nf: 25230.3 Eb/Ef: 32856.7
mass_bos= 0.208194 mass_fer= 6.33642e-06
compactness= 0.0862272
compactness_boson= 0.0608753
E_binding= 0.174607
