mass= 0.316843numbos: 0.13908 numfer: 3.45429e-07 omega: 0.722402 r99bos: 3.39 r99fer: 0.036 r99tot: 3.546
 Nb/Nf: 402630 Eb/Ef: 558658
mass_bos= 0.214624 mass_fer= 3.84178e-07
compactness= 0.0893521
compactness_boson= 0.0633109
E_binding= 0.177762
