mass= 0.324114numbos: 0.154781 numfer: 0.00445211 omega: 0.860019 r99bos: 6.156 r99fer: 1.632 r99tot: 6.252
 Nb/Nf: 34.7659 Eb/Ef: 38.0651
mass_bos= 0.175136 mass_fer= 0.00460095
compactness= 0.0518417
compactness_boson= 0.0284496
E_binding= 0.164881
