mass= 0.304664numbos: 0.130733 numfer: 1.45906e-07 omega: 0.735283 r99bos: 3.414 r99fer: 0.036 r99tot: 3.552
 Nb/Nf: 896011 Eb/Ef: 1.35075e+06
mass_bos= 0.206966 mass_fer= 1.53224e-07
compactness= 0.0857725
compactness_boson= 0.0606228
E_binding= 0.173931
