mass= 0.819514numbos: 0.139962 numfer: 0.584227 omega: 0.616444 r99bos: 3.798 r99fer: 6.456 r99tot: 6.36
 Nb/Nf: 0.239568 Eb/Ef: 0.264586
mass_bos= 0.168967 mass_fer= 0.638607
compactness= 0.128854
compactness_boson= 0.0444884
E_binding= 0.0953258
