mass= 0.592343numbos: 0.182705 numfer: 0.266631 omega: 0.567122 r99bos: 3.108 r99fer: 4.56 r99tot: 4.398
 Nb/Nf: 0.685236 Eb/Ef: 0.729698
mass_bos= 0.223408 mass_fer= 0.306165
compactness= 0.134685
compactness_boson= 0.0718815
E_binding= 0.143008
