mass= 0.323895numbos: 0.143983 numfer: 9.09832e-08 omega: 0.706494 r99bos: 3.264 r99fer: 0.006 r99tot: 3.438
 Nb/Nf: 1.58253e+06 Eb/Ef: 1.61296e+06
mass_bos= 0.22167 mass_fer= 1.37431e-07
compactness= 0.0942102
compactness_boson= 0.0679137
E_binding= 0.179911
