mass= 0.400219numbos: 0.204142 numfer: 8.03856e-05 omega: 0.603775 r99bos: 2.886 r99fer: 0.324 r99tot: 3.168
 Nb/Nf: 2539.54 Eb/Ef: 3153.49
mass_bos= 0.271006 mass_fer= 8.59385e-05
compactness= 0.126332
compactness_boson= 0.0939038
E_binding= 0.195997
