mass= 0.327866numbos: 0.146798 numfer: 8.16911e-09 omega: 0.70323 r99bos: 3.27 r99fer: 0.006 r99tot: 3.45
 Nb/Nf: 1.797e+07 Eb/Ef: 2.58695e+07
mass_bos= 0.223409 mass_fer= 8.63602e-09
compactness= 0.0950337
compactness_boson= 0.0683209
E_binding= 0.181068
