mass= 0.327837numbos: 0.146777 numfer: 2.93657e-07 omega: 0.704657 r99bos: 3.288 r99fer: 0.024 r99tot: 3.462
 Nb/Nf: 499823 Eb/Ef: 639075
mass_bos= 0.222965 mass_fer= 3.48887e-07
compactness= 0.0946959
compactness_boson= 0.0678117
E_binding= 0.18106
