mass= 0.408352numbos: 0.206143 numfer: 0.0113438 omega: 0.600949 r99bos: 2.922 r99fer: 1.128 r99tot: 3.198
 Nb/Nf: 18.1723 Eb/Ef: 18.6728
mass_bos= 0.267684 mass_fer= 0.0143355
compactness= 0.12769
compactness_boson= 0.0916098
E_binding= 0.190865
