mass= 0.320104numbos: 0.14131 numfer: 4.12308e-09 omega: 0.711056 r99bos: 3.282 r99fer: 0.006 r99tot: 3.444
 Nb/Nf: 3.42731e+07 Eb/Ef: 4.62889e+07
mass_bos= 0.219843 mass_fer= 4.74937e-09
compactness= 0.0929453
compactness_boson= 0.0669845
E_binding= 0.178793
