mass= 0.318572numbos: 0.140233 numfer: 1.18182e-08 omega: 0.712782 r99bos: 3.282 r99fer: 0.006 r99tot: 3.45
 Nb/Nf: 1.18659e+07 Eb/Ef: 1.29174e+07
mass_bos= 0.21913 mass_fer= 1.69639e-08
compactness= 0.0923397
compactness_boson= 0.0667672
E_binding= 0.178339
