mass= 1.32729numbos: 0.0775916 numfer: 1.27877 omega: 0.474393 r99bos: 3.678 r99fer: 6.006 r99tot: 5.952
 Nb/Nf: 0.0606767 Eb/Ef: 0.0632061
mass_bos= 0.0969629 mass_fer= 1.53407
compactness= 0.223
compactness_boson= 0.0263629
E_binding= -0.0290697
