mass= 0.30435numbos: 0.130547 numfer: 6.75652e-08 omega: 0.721414 r99bos: 3.234 r99fer: 0.042 r99tot: 3.378
 Nb/Nf: 1.93216e+06 Eb/Ef: 3.03754e+06
mass_bos= 0.208555 mass_fer= 6.86593e-08
compactness= 0.0900976
compactness_boson= 0.0644883
E_binding= 0.173802
