mass= 0.319264numbos: 0.14076 numfer: 1.8533e-06 omega: 0.719113 r99bos: 3.372 r99fer: 0.054 r99tot: 3.534
 Nb/Nf: 75950.8 Eb/Ef: 94240
mass_bos= 0.216289 mass_fer= 2.29509e-06
compactness= 0.0903406
compactness_boson= 0.0641426
E_binding= 0.178502
