mass= 0.411882numbos: 0.210635 numfer: 0.0081696 omega: 0.598164 r99bos: 2.928 r99fer: 1.026 r99tot: 3.21
 Nb/Nf: 25.7827 Eb/Ef: 26.7136
mass_bos= 0.271834 mass_fer= 0.0101758
compactness= 0.128312
compactness_boson= 0.0928395
E_binding= 0.193077
