mass= 0.454138numbos: 0.245824 numfer: 0.00964483 omega: 0.585581 r99bos: 3.15 r99fer: 1.224 r99tot: 3.456
 Nb/Nf: 25.4876 Eb/Ef: 25.7
mass_bos= 0.288985 mass_fer= 0.0112446
compactness= 0.131406
compactness_boson= 0.0917413
E_binding= 0.198669
