mass= 0.327277numbos: 0.146379 numfer: 1.42518e-07 omega: 0.706091 r99bos: 3.3 r99fer: 0.018 r99tot: 3.474
 Nb/Nf: 1.02709e+06 Eb/Ef: 1.33015e+06
mass_bos= 0.222385 mass_fer= 1.67188e-07
compactness= 0.0942076
compactness_boson= 0.0673895
E_binding= 0.180898
