mass= 0.438626numbos: 0.216955 numfer: 0.036765 omega: 0.589973 r99bos: 3.018 r99fer: 1.8 r99tot: 3.276
 Nb/Nf: 5.90114 Eb/Ef: 5.8795
mass_bos= 0.267058 mass_fer= 0.045422
compactness= 0.133891
compactness_boson= 0.0884885
E_binding= 0.184906
