mass= 0.438613numbos: 0.228833 numfer: 0.0175399 omega: 0.624714 r99bos: 3.456 r99fer: 1.626 r99tot: 3.732
 Nb/Nf: 13.0464 Eb/Ef: 13.2028
mass_bos= 0.262509 mass_fer= 0.0198829
compactness= 0.117528
compactness_boson= 0.0759574
E_binding= 0.19224
