mass= 0.320059numbos: 0.141277 numfer: 1.75916e-08 omega: 0.711101 r99bos: 3.276 r99fer: 0.006 r99tot: 3.444
 Nb/Nf: 8.03091e+06 Eb/Ef: 7.58176e+06
mass_bos= 0.219816 mass_fer= 2.89927e-08
compactness= 0.0929322
compactness_boson= 0.0670989
E_binding= 0.178782
