mass= 1.13818numbos: 0.111286 numfer: 0.998706 omega: 0.592502 r99bos: 4.206 r99fer: 6.882 r99tot: 6.822
 Nb/Nf: 0.11143 Eb/Ef: 0.120874
mass_bos= 0.134098 mass_fer= 1.10941
compactness= 0.16684
compactness_boson= 0.0318825
E_binding= 0.0281928
