mass= 0.459912numbos: 0.23068 numfer: 0.00637173 omega: 0.918348 r99bos: 10.716 r99fer: 2.634 r99tot: 10.788
 Nb/Nf: 36.2036 Eb/Ef: 37.2592
mass_bos= 0.239954 mass_fer= 0.00644013
compactness= 0.0426318
compactness_boson= 0.0223922
E_binding= 0.22286
