mass= 0.454188numbos: 0.21055 numfer: 0.0668058 omega: 0.615898 r99bos: 3.336 r99fer: 2.568 r99tot: 3.54
 Nb/Nf: 3.15167 Eb/Ef: 3.19538
mass_bos= 0.247165 mass_fer= 0.0773506
compactness= 0.128302
compactness_boson= 0.0740902
E_binding= 0.176832
