mass= 0.342051numbos: 0.157958 numfer: 4.12609e-07 omega: 0.660762 r99bos: 2.94 r99fer: 0.084 r99tot: 3.156
 Nb/Nf: 382828 Eb/Ef: 559234
mass_bos= 0.234677 mass_fer= 4.1964e-07
compactness= 0.108381
compactness_boson= 0.0798222
E_binding= 0.184092
