mass= 0.32371numbos: 0.15534 numfer: 0.00278534 omega: 0.860415 r99bos: 6.162 r99fer: 1.44 r99tot: 6.264
 Nb/Nf: 55.7708 Eb/Ef: 61.2529
mass_bos= 0.175681 mass_fer= 0.00286813
compactness= 0.0516778
compactness_boson= 0.0285104
E_binding= 0.165584
