mass= 1.35215numbos: 0.069792 numfer: 1.3212 omega: 0.470079 r99bos: 3.738 r99fer: 5.922 r99tot: 5.868
 Nb/Nf: 0.0528248 Eb/Ef: 0.0540342
mass_bos= 0.0864533 mass_fer= 1.59997
compactness= 0.230428
compactness_boson= 0.0231282
E_binding= -0.0388409
