mass= 0.326513numbos: 0.145838 numfer: 3.92291e-08 omega: 0.703802 r99bos: 3.258 r99fer: 0.006 r99tot: 3.438
 Nb/Nf: 3.71759e+06 Eb/Ef: 4.35582e+06
mass_bos= 0.22294 mass_fer= 5.1182e-08
compactness= 0.0949717
compactness_boson= 0.0684284
E_binding= 0.180675
