mass= 0.325366numbos: 0.145025 numfer: 4.05023e-08 omega: 0.704858 r99bos: 3.258 r99fer: 0.006 r99tot: 3.438
 Nb/Nf: 3.58066e+06 Eb/Ef: 4.09721e+06
mass_bos= 0.222402 mass_fer= 5.42813e-08
compactness= 0.0946381
compactness_boson= 0.0682633
E_binding= 0.180341
