mass= 0.442113numbos: 0.239292 numfer: 0.00312313 omega: 0.62288 r99bos: 3.492 r99fer: 1.056 r99tot: 3.786
 Nb/Nf: 76.6191 Eb/Ef: 80.4258
mass_bos= 0.271471 mass_fer= 0.00337542
compactness= 0.116776
compactness_boson= 0.0777408
E_binding= 0.199699
