mass= 0.324441numbos: 0.144858 numfer: 2.97336e-05 omega: 0.684867 r99bos: 3.018 r99fer: 0.192 r99tot: 3.21
 Nb/Nf: 4871.86 Eb/Ef: 6741.37
mass_bos= 0.222891 mass_fer= 3.30632e-05
compactness= 0.101072
compactness_boson= 0.073854
E_binding= 0.179553
