mass= 0.317456numbos: 0.139784 numfer: 0.000127524 omega: 0.696 r99bos: 3.072 r99fer: 0.264 r99tot: 3.246
 Nb/Nf: 1096.14 Eb/Ef: 1422.01
mass_bos= 0.218 mass_fer= 0.000153304
compactness= 0.097799
compactness_boson= 0.0709637
E_binding= 0.177544
