mass= 0.438983numbos: 0.210396 numfer: 0.0474992 omega: 0.5898 r99bos: 2.994 r99fer: 1.998 r99tot: 3.234
 Nb/Nf: 4.42946 Eb/Ef: 4.44287
mass_bos= 0.261367 mass_fer= 0.0588284
compactness= 0.13574
compactness_boson= 0.0872968
E_binding= 0.181088
