mass= 0.321054numbos: 0.14198 numfer: 5.5101e-10 omega: 0.709956 r99bos: 3.276 r99fer: 0.006 r99tot: 3.444
 Nb/Nf: 2.57672e+08 Eb/Ef: 3.9183e+08
mass_bos= 0.220285 mass_fer= 5.62196e-10
compactness= 0.0932211
compactness_boson= 0.0672421
E_binding= 0.179074
