mass= 0.317521numbos: 0.139849 numfer: 1.78128e-06 omega: 0.69578 r99bos: 3.072 r99fer: 0.102 r99tot: 3.246
 Nb/Nf: 78510.6 Eb/Ef: 117371
mass_bos= 0.218146 mass_fer= 1.8586e-06
compactness= 0.0978192
compactness_boson= 0.071011
E_binding= 0.17767
