mass= 0.32787numbos: 0.146802 numfer: 9.66785e-07 omega: 0.703225 r99bos: 3.27 r99fer: 0.042 r99tot: 3.45
 Nb/Nf: 151845 Eb/Ef: 195166
mass_bos= 0.223412 mass_fer= 1.14473e-06
compactness= 0.0950349
compactness_boson= 0.0683216
E_binding= 0.181068
