mass= 0.328024numbos: 0.146909 numfer: 7.83235e-08 omega: 0.703705 r99bos: 3.276 r99fer: 0.012 r99tot: 3.456
 Nb/Nf: 1.87568e+06 Eb/Ef: 2.39762e+06
mass_bos= 0.223301 mass_fer= 9.31346e-08
compactness= 0.0949143
compactness_boson= 0.0681627
E_binding= 0.181114
