mass= 0.317542numbos: 0.139866 numfer: 1.64461e-07 omega: 0.695755 r99bos: 3.072 r99fer: 0.06 r99tot: 3.246
 Nb/Nf: 850448 Eb/Ef: 1.30503e+06
mass_bos= 0.21816 mass_fer= 1.67169e-07
compactness= 0.0978257
compactness_boson= 0.0710156
E_binding= 0.177676
