mass= 0.388679numbos: 0.191991 numfer: 0.00709439 omega: 0.614821 r99bos: 2.898 r99fer: 0.948 r99tot: 3.162
 Nb/Nf: 27.0624 Eb/Ef: 28.5674
mass_bos= 0.259026 mass_fer= 0.00906718
compactness= 0.122922
compactness_boson= 0.0893808
E_binding= 0.189593
