mass= 0.327341numbos: 0.146425 numfer: 4.65982e-08 omega: 0.703276 r99bos: 3.264 r99fer: 0.006 r99tot: 3.444
 Nb/Nf: 3.14229e+06 Eb/Ef: 3.60261e+06
mass_bos= 0.223275 mass_fer= 6.19758e-08
compactness= 0.0950467
compactness_boson= 0.0684053
E_binding= 0.180916
