mass= 0.301128numbos: 0.128331 numfer: 1.95469e-09 omega: 0.734135 r99bos: 3.366 r99fer: 0.012 r99tot: 3.492
 Nb/Nf: 6.56529e+07 Eb/Ef: 1.04445e+08
mass_bos= 0.205418 mass_fer= 1.96676e-09
compactness= 0.0862338
compactness_boson= 0.0610274
E_binding= 0.172797
