mass= 0.30679numbos: 0.13218 numfer: 2.84914e-06 omega: 0.733712 r99bos: 3.42 r99fer: 0.072 r99tot: 3.558
 Nb/Nf: 46392.8 Eb/Ef: 62425.5
mass_bos= 0.208191 mass_fer= 3.33503e-06
compactness= 0.0862253
compactness_boson= 0.0608745
E_binding= 0.174607
