mass= 0.321037numbos: 0.141968 numfer: 5.49653e-09 omega: 0.709972 r99bos: 3.276 r99fer: 0.006 r99tot: 3.444
 Nb/Nf: 2.58286e+07 Eb/Ef: 3.33267e+07
mass_bos= 0.220275 mass_fer= 6.60958e-09
compactness= 0.0932164
compactness_boson= 0.0672392
E_binding= 0.17907
