mass= 0.301682numbos: 0.128706 numfer: 3.36925e-07 omega: 0.735683 r99bos: 3.384 r99fer: 0.048 r99tot: 3.516
 Nb/Nf: 382002 Eb/Ef: 577740
mass_bos= 0.205487 mass_fer= 3.55674e-07
compactness= 0.0858026
compactness_boson= 0.0607231
E_binding= 0.172976
