mass= 0.306783numbos: 0.132175 numfer: 5.71306e-07 omega: 0.73372 r99bos: 3.42 r99fer: 0.048 r99tot: 3.558
 Nb/Nf: 231357 Eb/Ef: 332560
mass_bos= 0.208188 mass_fer= 6.26018e-07
compactness= 0.0862235
compactness_boson= 0.0608738
E_binding= 0.174607
