mass= 0.322305numbos: 0.142861 numfer: 6.59584e-09 omega: 0.708435 r99bos: 3.27 r99fer: 0.006 r99tot: 3.444
 Nb/Nf: 2.16593e+07 Eb/Ef: 2.69413e+07
mass_bos= 0.220881 mass_fer= 8.19862e-09
compactness= 0.0935846
compactness_boson= 0.0675478
E_binding= 0.179444
