mass= 0.304663numbos: 0.130732 numfer: 1.73434e-06 omega: 0.735283 r99bos: 3.414 r99fer: 0.072 r99tot: 3.552
 Nb/Nf: 75378.6 Eb/Ef: 107212
mass_bos= 0.206965 mass_fer= 1.93043e-06
compactness= 0.0857722
compactness_boson= 0.0606224
E_binding= 0.173929
