mass= 0.320077numbos: 0.14129 numfer: 1.45678e-08 omega: 0.711083 r99bos: 3.276 r99fer: 0.006 r99tot: 3.444
 Nb/Nf: 9.69879e+06 Eb/Ef: 9.81966e+06
mass_bos= 0.219827 mass_fer= 2.23864e-08
compactness= 0.0929376
compactness_boson= 0.0671022
E_binding= 0.178787
