mass= 0.439462numbos: 0.233725 numfer: 0.00990742 omega: 0.62445 r99bos: 3.474 r99fer: 1.392 r99tot: 3.762
 Nb/Nf: 23.5909 Eb/Ef: 24.1265
mass_bos= 0.26666 mass_fer= 0.0110526
compactness= 0.116816
compactness_boson= 0.0767589
E_binding= 0.19583
