mass= 0.327345numbos: 0.146428 numfer: 1.48104e-07 omega: 0.703272 r99bos: 3.264 r99fer: 0.012 r99tot: 3.444
 Nb/Nf: 988684 Eb/Ef: 1.12982e+06
mass_bos= 0.223277 mass_fer= 1.97622e-07
compactness= 0.0950478
compactness_boson= 0.0684059
E_binding= 0.180917
