mass= 0.35964numbos: 0.175434 numfer: 0.00915601 omega: 0.741521 r99bos: 4.26 r99fer: 1.626 r99tot: 4.452
 Nb/Nf: 19.1605 Eb/Ef: 20.7134
mass_bos= 0.20285 mass_fer= 0.00979314
compactness= 0.0807817
compactness_boson= 0.0476173
E_binding= 0.175051
