mass= 0.311883numbos: 0.135826 numfer: 2.31359e-06 omega: 0.705652 r99bos: 3.126 r99fer: 0.108 r99tot: 3.288
 Nb/Nf: 58708.1 Eb/Ef: 87974.7
mass_bos= 0.214162 mass_fer= 2.43436e-06
compactness= 0.0948548
compactness_boson= 0.0685101
E_binding= 0.176054
