mass= 0.451448numbos: 0.246312 numfer: 0.00429509 omega: 0.608028 r99bos: 3.39 r99fer: 1.098 r99tot: 3.696
 Nb/Nf: 57.3472 Eb/Ef: 59.4296
mass_bos= 0.280345 mass_fer= 0.00471726
compactness= 0.122145
compactness_boson= 0.0826976
E_binding= 0.200841
