mass= 0.452414numbos: 0.240679 numfer: 0.016519 omega: 0.592325 r99bos: 3.198 r99fer: 1.452 r99tot: 3.492
 Nb/Nf: 14.5698 Eb/Ef: 14.5153
mass_bos= 0.281549 mass_fer= 0.0193967
compactness= 0.129557
compactness_boson= 0.0880391
E_binding= 0.195216
