mass= 0.302287numbos: 0.129122 numfer: 8.82851e-06 omega: 0.727135 r99bos: 3.276 r99fer: 0.12 r99tot: 3.42
 Nb/Nf: 14625.5 Eb/Ef: 20715.6
mass_bos= 0.206845 mass_fer= 9.985e-06
compactness= 0.088388
compactness_boson= 0.0631396
E_binding= 0.173156
