mass= 0.448868numbos: 0.241681 numfer: 0.00927256 omega: 0.609561 r99bos: 3.378 r99fer: 1.326 r99tot: 3.678
 Nb/Nf: 26.0641 Eb/Ef: 26.5063
mass_bos= 0.276363 mass_fer= 0.0104263
compactness= 0.122041
compactness_boson= 0.0818127
E_binding= 0.197915
