mass= 0.395122numbos: 0.20463 numfer: 0.000497775 omega: 0.687618 r99bos: 3.882 r99fer: 0.768 r99tot: 4.14
 Nb/Nf: 411.09 Eb/Ef: 454.355
mass_bos= 0.233578 mass_fer= 0.000514086
compactness= 0.0954401
compactness_boson= 0.0601694
E_binding= 0.189994
