mass= 0.45211numbos: 0.247913 numfer: 0.00122097 omega: 0.577208 r99bos: 3.048 r99fer: 0.702 r99tot: 3.366
 Nb/Nf: 203.046 Eb/Ef: 220.18
mass_bos= 0.297085 mass_fer= 0.00134928
compactness= 0.134317
compactness_boson= 0.0974689
E_binding= 0.202976
