mass= 0.311709numbos: 0.135543 numfer: 4.42907e-07 omega: 0.728732 r99bos: 3.408 r99fer: 0.042 r99tot: 3.558
 Nb/Nf: 306030 Eb/Ef: 433594
mass_bos= 0.211237 mass_fer= 4.87178e-07
compactness= 0.0876079
compactness_boson= 0.0619827
E_binding= 0.176166
