mass= 0.307512numbos: 0.132747 numfer: 1.39155e-05 omega: 0.714252 r99bos: 3.18 r99fer: 0.15 r99tot: 3.33
 Nb/Nf: 9539.5 Eb/Ef: 13534
mass_bos= 0.210964 mass_fer= 1.55877e-05
compactness= 0.0923458
compactness_boson= 0.0663409
E_binding= 0.174751
