mass= 1.58953numbos: 0 numfer: 1.73737 omega: 0.555529 r99bos: 3.288 r99fer: 8.088 r99tot: 8.076
 Nb/Nf: 0 Eb/Ef: 0
mass_bos= 0 mass_fer= 1.90493
compactness= 0.196822
compactness_boson= 0
E_binding= -0.147832
