mass= 0.325055numbos: 0.144811 numfer: 5.22203e-07 omega: 0.710287 r99bos: 3.324 r99fer: 0.03 r99tot: 3.498
 Nb/Nf: 277307 Eb/Ef: 338531
mass_bos= 0.220529 mass_fer= 6.51429e-07
compactness= 0.092926
compactness_boson= 0.0663443
E_binding= 0.180244
