mass= 1.39583numbos: 0.0627288 numfer: 1.38815 omega: 0.483514 r99bos: 3.978 r99fer: 6.036 r99tot: 5.988
 Nb/Nf: 0.0451889 Eb/Ef: 0.0455594
mass_bos= 0.0760767 mass_fer= 1.66983
compactness= 0.233104
compactness_boson= 0.0191244
E_binding= -0.0550492
