mass= 0.323901numbos: 0.143988 numfer: 7.14685e-09 omega: 0.706487 r99bos: 3.264 r99fer: 0.006 r99tot: 3.438
 Nb/Nf: 2.01471e+07 Eb/Ef: 2.45524e+07
mass_bos= 0.221674 mass_fer= 9.02861e-09
compactness= 0.0942121
compactness_boson= 0.0679149
E_binding= 0.179913
