mass= 1.40012numbos: 0.0460771 numfer: 1.41478 omega: 0.451184 r99bos: 3.75 r99fer: 5.766 r99tot: 5.712
 Nb/Nf: 0.0325683 Eb/Ef: 0.0325791
mass_bos= 0.0569953 mass_fer= 1.74944
compactness= 0.245118
compactness_boson= 0.0151987
E_binding= -0.0607451
