mass= 0.327346numbos: 0.146429 numfer: 1.39199e-07 omega: 0.703271 r99bos: 3.264 r99fer: 0.012 r99tot: 3.444
 Nb/Nf: 1.05194e+06 Eb/Ef: 1.21969e+06
mass_bos= 0.223278 mass_fer= 1.83061e-07
compactness= 0.0950482
compactness_boson= 0.0684062
E_binding= 0.180917
