mass= 0.304358numbos: 0.130538 numfer: 0.000105869 omega: 0.721529 r99bos: 3.234 r99fer: 0.234 r99tot: 3.378
 Nb/Nf: 1233.01 Eb/Ef: 1563.81
mass_bos= 0.208471 mass_fer= 0.00013331
compactness= 0.0901001
compactness_boson= 0.0644624
E_binding= 0.173714
