mass= 1.54792numbos: 0.0332417 numfer: 1.63096 omega: 0.576322 r99bos: 5.34 r99fer: 7.092 r99tot: 7.056
 Nb/Nf: 0.0203816 Eb/Ef: 0.020198
mass_bos= 0.0374521 mass_fer= 1.85425
compactness= 0.219377
compactness_boson= 0.0070135
E_binding= -0.116281
