mass= 0.441882numbos: 0.235303 numfer: 0.00970229 omega: 0.584472 r99bos: 3.036 r99fer: 1.158 r99tot: 3.336
 Nb/Nf: 24.2523 Eb/Ef: 24.5744
mass_bos= 0.285838 mass_fer= 0.0116315
compactness= 0.132459
compactness_boson= 0.0941496
E_binding= 0.196877
