mass= 0.358729numbos: 0.176436 numfer: 0.00603381 omega: 0.742191 r99bos: 4.272 r99fer: 1.452 r99tot: 4.47
 Nb/Nf: 29.2412 Eb/Ef: 31.7719
mass_bos= 0.203755 mass_fer= 0.00641306
compactness= 0.0802526
compactness_boson= 0.0476955
E_binding= 0.17626
