mass= 0.759386numbos: 0.162897 numfer: 0.484256 omega: 0.546179 r99bos: 3.186 r99fer: 5.634 r99tot: 5.514
 Nb/Nf: 0.336386 Eb/Ef: 0.365512
mass_bos= 0.20034 mass_fer= 0.548107
compactness= 0.13772
compactness_boson= 0.0628813
E_binding= 0.112233
