mass= 0.314301numbos: 0.137325 numfer: 5.81911e-08 omega: 0.725652 r99bos: 3.402 r99fer: 0.024 r99tot: 3.552
 Nb/Nf: 2.3599e+06 Eb/Ef: 3.49754e+06
mass_bos= 0.212923 mass_fer= 6.08778e-08
compactness= 0.0884855
compactness_boson= 0.0625875
E_binding= 0.176976
