mass= 0.326357numbos: 0.145729 numfer: 1.41143e-06 omega: 0.707969 r99bos: 3.312 r99fer: 0.048 r99tot: 3.486
 Nb/Nf: 103249 Eb/Ef: 125509
mass_bos= 0.221575 mass_fer= 1.76542e-06
compactness= 0.0936193
compactness_boson= 0.0669007
E_binding= 0.180627
