mass= 0.32536numbos: 0.14502 numfer: 4.91968e-08 omega: 0.704863 r99bos: 3.258 r99fer: 0.006 r99tot: 3.438
 Nb/Nf: 2.94776e+06 Eb/Ef: 3.47846e+06
mass_bos= 0.222398 mass_fer= 6.39358e-08
compactness= 0.0946364
compactness_boson= 0.0682623
E_binding= 0.18034
