mass= 1.30489numbos: 0.0974873 numfer: 1.22378 omega: 0.565103 r99bos: 4.464 r99fer: 6.624 r99tot: 6.57
 Nb/Nf: 0.0796605 Eb/Ef: 0.0820867
mass_bos= 0.114572 mass_fer= 1.39574
compactness= 0.198613
compactness_boson= 0.0256658
E_binding= -0.0163835
