mass= 0.439625numbos: 0.22247 numfer: 0.0291794 omega: 0.589447 r99bos: 3.042 r99fer: 1.656 r99tot: 3.306
 Nb/Nf: 7.62421 Eb/Ef: 7.57481
mass_bos= 0.271826 mass_fer= 0.0358855
compactness= 0.132978
compactness_boson= 0.0893577
E_binding= 0.187975
