mass= 0.324408numbos: 0.144827 numfer: 7.55718e-05 omega: 0.684955 r99bos: 3.024 r99fer: 0.24 r99tot: 3.21
 Nb/Nf: 1916.41 Eb/Ef: 2554.47
mass_bos= 0.222833 mass_fer= 8.72324e-05
compactness= 0.101062
compactness_boson= 0.073688
E_binding= 0.179505
