mass= 0.460399numbos: 0.255484 numfer: 0.000143788 omega: 0.575968 r99bos: 3.102 r99fer: 0.456 r99tot: 3.426
 Nb/Nf: 1776.81 Eb/Ef: 2003.58
mass_bos= 0.30067 mass_fer= 0.000150066
compactness= 0.134384
compactness_boson= 0.0969276
E_binding= 0.204771
