mass= 0.327836numbos: 0.146776 numfer: 4.36414e-08 omega: 0.704658 r99bos: 3.288 r99fer: 0.012 r99tot: 3.462
 Nb/Nf: 3.36323e+06 Eb/Ef: 4.60177e+06
mass_bos= 0.222964 mass_fer= 4.84518e-08
compactness= 0.0946955
compactness_boson= 0.0678115
E_binding= 0.18106
