mass= 0.319263numbos: 0.140759 numfer: 1.50002e-06 omega: 0.719115 r99bos: 3.372 r99fer: 0.054 r99tot: 3.534
 Nb/Nf: 93838.3 Eb/Ef: 120352
mass_bos= 0.216289 mass_fer= 1.79713e-06
compactness= 0.0903404
compactness_boson= 0.0641425
E_binding= 0.178502
