mass= 0.351806numbos: 0.165318 numfer: 0.000412678 omega: 0.649347 r99bos: 2.916 r99fer: 0.402 r99tot: 3.144
 Nb/Nf: 400.599 Eb/Ef: 490.118
mass_bos= 0.240714 mass_fer= 0.000491136
compactness= 0.111898
compactness_boson= 0.0825495
E_binding= 0.186075
