mass= 0.328028numbos: 0.146912 numfer: 1.16163e-08 omega: 0.703702 r99bos: 3.276 r99fer: 0.006 r99tot: 3.456
 Nb/Nf: 1.26471e+07 Eb/Ef: 1.77665e+07
mass_bos= 0.223303 mass_fer= 1.25688e-08
compactness= 0.0949154
compactness_boson= 0.0681635
E_binding= 0.181115
