mass= 0.317032numbos: 0.139156 numfer: 1.75916e-08 omega: 0.714605 r99bos: 3.282 r99fer: 0.006 r99tot: 3.444
 Nb/Nf: 7.91037e+06 Eb/Ef: 7.53243e+06
mass_bos= 0.218386 mass_fer= 2.89927e-08
compactness= 0.0920535
compactness_boson= 0.0665404
E_binding= 0.177876
