mass= 0.327279numbos: 0.14638 numfer: 1.06152e-08 omega: 0.70609 r99bos: 3.3 r99fer: 0.006 r99tot: 3.474
 Nb/Nf: 1.37897e+07 Eb/Ef: 1.9372e+07
mass_bos= 0.222386 mass_fer= 1.14798e-08
compactness= 0.094208
compactness_boson= 0.0673898
E_binding= 0.180898
