mass= 0.545895numbos: 0.168381 numfer: 0.225294 omega: 0.836892 r99bos: 6.696 r99fer: 5.598 r99tot: 6.3
 Nb/Nf: 0.747383 Eb/Ef: 0.781664
mass_bos= 0.184687 mass_fer= 0.236274
compactness= 0.0866499
compactness_boson= 0.0275817
E_binding= 0.15222
