mass= 0.311737numbos: 0.135563 numfer: 1.00798e-09 omega: 0.728706 r99bos: 3.414 r99fer: 0.006 r99tot: 3.558
 Nb/Nf: 1.3449e+08 Eb/Ef: 2.07998e+08
mass_bos= 0.211254 mass_fer= 1.01565e-09
compactness= 0.0876157
compactness_boson= 0.0618787
E_binding= 0.176173
