mass= 0.317078numbos: 0.13945 numfer: 0.000430738 omega: 0.69678 r99bos: 3.084 r99fer: 0.36 r99tot: 3.252
 Nb/Nf: 323.746 Eb/Ef: 392.113
mass_bos= 0.217499 mass_fer= 0.000554683
compactness= 0.0975023
compactness_boson= 0.0705248
E_binding= 0.177197
