mass= 0.384591numbos: 0.190812 numfer: 0.00183093 omega: 0.617214 r99bos: 2.886 r99fer: 0.636 r99tot: 3.15
 Nb/Nf: 104.216 Eb/Ef: 116.857
mass_bos= 0.260267 mass_fer= 0.00222722
compactness= 0.122092
compactness_boson= 0.0901825
E_binding= 0.191948
