mass= 0.394228numbos: 0.201597 numfer: 0.00542845 omega: 0.688299 r99bos: 3.87 r99fer: 1.32 r99tot: 4.122
 Nb/Nf: 37.1372 Eb/Ef: 39.6004
mass_bos= 0.230826 mass_fer= 0.00582889
compactness= 0.09564
compactness_boson= 0.059645
E_binding= 0.187202
