mass= 0.533342numbos: 0.14033 numfer: 0.262348 omega: 0.803321 r99bos: 5.622 r99fer: 5.934 r99tot: 5.904
 Nb/Nf: 0.5349 Eb/Ef: 0.580627
mass_bos= 0.160285 mass_fer= 0.276054
compactness= 0.0903358
compactness_boson= 0.0285103
E_binding= 0.130664
