mass= 0.31859numbos: 0.140247 numfer: 3.29792e-09 omega: 0.712764 r99bos: 3.282 r99fer: 0.006 r99tot: 3.45
 Nb/Nf: 4.25258e+07 Eb/Ef: 5.92493e+07
mass_bos= 0.219141 mass_fer= 3.69862e-09
compactness= 0.0923448
compactness_boson= 0.0667704
E_binding= 0.178343
