mass= 0.327279numbos: 0.146381 numfer: 3.77761e-07 omega: 0.706089 r99bos: 3.3 r99fer: 0.024 r99tot: 3.474
 Nb/Nf: 387495 Eb/Ef: 456900
mass_bos= 0.222386 mass_fer= 4.86729e-07
compactness= 0.0942081
compactness_boson= 0.0673898
E_binding= 0.180898
