mass= 0.328023numbos: 0.146909 numfer: 2.09913e-08 omega: 0.703706 r99bos: 3.276 r99fer: 0.006 r99tot: 3.456
 Nb/Nf: 6.99857e+06 Eb/Ef: 9.20526e+06
mass_bos= 0.223301 mass_fer= 2.4258e-08
compactness= 0.0949142
compactness_boson= 0.0681627
E_binding= 0.181114
