mass= 0.328025numbos: 0.14691 numfer: 1.83811e-08 omega: 0.703705 r99bos: 3.276 r99fer: 0.006 r99tot: 3.456
 Nb/Nf: 7.99245e+06 Eb/Ef: 1.06667e+07
mass_bos= 0.223302 mass_fer= 2.09345e-08
compactness= 0.0949145
compactness_boson= 0.0681629
E_binding= 0.181114
