mass= 0.314311numbos: 0.137332 numfer: 7.44349e-09 omega: 0.725643 r99bos: 3.402 r99fer: 0.012 r99tot: 3.552
 Nb/Nf: 1.845e+07 Eb/Ef: 2.79346e+07
mass_bos= 0.212929 mass_fer= 7.62241e-09
compactness= 0.0884883
compactness_boson= 0.0625893
E_binding= 0.176978
