mass= 0.479847numbos: 0.20161 numfer: 0.110637 omega: 0.604867 r99bos: 3.264 r99fer: 3.18 r99tot: 3.408
 Nb/Nf: 1.82227 Eb/Ef: 1.87324
mass_bos= 0.23962 mass_fer= 0.127917
compactness= 0.1408
compactness_boson= 0.0734129
E_binding= 0.1676
