mass= 0.323898numbos: 0.143986 numfer: 7.92072e-08 omega: 0.70649 r99bos: 3.264 r99fer: 0.006 r99tot: 3.438
 Nb/Nf: 1.81784e+06 Eb/Ef: 1.9394e+06
mass_bos= 0.221672 mass_fer= 1.14299e-07
compactness= 0.0942112
compactness_boson= 0.0679143
E_binding= 0.179912
