mass= 0.327344numbos: 0.146428 numfer: 3.65168e-08 omega: 0.703272 r99bos: 3.264 r99fer: 0.006 r99tot: 3.444
 Nb/Nf: 4.00987e+06 Eb/Ef: 4.82336e+06
mass_bos= 0.223277 mass_fer= 4.62907e-08
compactness= 0.0950478
compactness_boson= 0.0684059
E_binding= 0.180917
