mass= 0.327836numbos: 0.146776 numfer: 4.01508e-08 omega: 0.704658 r99bos: 3.288 r99fer: 0.012 r99tot: 3.462
 Nb/Nf: 3.65563e+06 Eb/Ef: 5.05036e+06
mass_bos= 0.222964 mass_fer= 4.41483e-08
compactness= 0.0946957
compactness_boson= 0.0678116
E_binding= 0.18106
