mass= 0.319301numbos: 0.140745 numfer: 1.04448e-08 omega: 0.711959 r99bos: 3.282 r99fer: 0.006 r99tot: 3.444
 Nb/Nf: 1.34752e+07 Eb/Ef: 1.51736e+07
mass_bos= 0.21947 mass_fer= 1.44639e-08
compactness= 0.0927122
compactness_boson= 0.0668707
E_binding= 0.178556
