mass= 1.61809numbos: 0 numfer: 1.77278 omega: 0.402141 r99bos: 3.288 r99fer: 6.684 r99tot: 6.648
 Nb/Nf: 0 Eb/Ef: 0
mass_bos= 0 mass_fer= 2.0785
compactness= 0.243395
compactness_boson= 0
E_binding= -0.154686
