mass= 0.846849numbos: 0.15274 numfer: 0.59869 omega: 0.537364 r99bos: 3.234 r99fer: 5.958 r99tot: 5.856
 Nb/Nf: 0.255123 Eb/Ef: 0.278691
mass_bos= 0.188518 mass_fer= 0.676441
compactness= 0.144612
compactness_boson= 0.0582925
E_binding= 0.09542
