mass= 0.31171numbos: 0.135544 numfer: 2.72986e-07 omega: 0.728731 r99bos: 3.414 r99fer: 0.036 r99tot: 3.558
 Nb/Nf: 496523 Eb/Ef: 708866
mass_bos= 0.211238 mass_fer= 2.97994e-07
compactness= 0.0876083
compactness_boson= 0.0618741
E_binding= 0.176166
