mass= 0.778985numbos: 0.128672 numfer: 0.55493 omega: 0.719325 r99bos: 4.878 r99fer: 6.912 r99tot: 6.822
 Nb/Nf: 0.231871 Eb/Ef: 0.254078
mass_bos= 0.150499 mass_fer= 0.592334
compactness= 0.114187
compactness_boson= 0.0308527
E_binding= 0.0953834
