mass= 0.301715numbos: 0.12873 numfer: 2.27179e-09 omega: 0.73565 r99bos: 3.39 r99fer: 0.012 r99tot: 3.522
 Nb/Nf: 5.66647e+07 Eb/Ef: 8.98932e+07
mass_bos= 0.205507 mass_fer= 2.28613e-09
compactness= 0.0856659
compactness_boson= 0.0606216
E_binding= 0.172985
