mass= 0.31705numbos: 0.13917 numfer: 1.56671e-08 omega: 0.714586 r99bos: 3.282 r99fer: 0.006 r99tot: 3.45
 Nb/Nf: 8.88291e+06 Eb/Ef: 8.83831e+06
mass_bos= 0.218397 mass_fer= 2.47102e-08
compactness= 0.0918987
compactness_boson= 0.0665438
E_binding= 0.177881
