mass= 1.45628numbos: 0.054374 numfer: 1.47964 omega: 0.512956 r99bos: 4.398 r99fer: 6.348 r99tot: 6.3
 Nb/Nf: 0.0367481 Eb/Ef: 0.0366774
mass_bos= 0.0640386 mass_fer= 1.74599
compactness= 0.231156
compactness_boson= 0.0145608
E_binding= -0.0777342
