mass= 0.327347numbos: 0.146429 numfer: 1.36323e-07 omega: 0.70327 r99bos: 3.264 r99fer: 0.012 r99tot: 3.444
 Nb/Nf: 1.07413e+06 Eb/Ef: 1.2514e+06
mass_bos= 0.223278 mass_fer= 1.78422e-07
compactness= 0.0950484
compactness_boson= 0.0684063
E_binding= 0.180917
