mass= 0.314304numbos: 0.137327 numfer: 1.84888e-06 omega: 0.725646 r99bos: 3.402 r99fer: 0.06 r99tot: 3.552
 Nb/Nf: 74275.8 Eb/Ef: 96761
mass_bos= 0.212924 mass_fer= 2.20052e-06
compactness= 0.0884865
compactness_boson= 0.062588
E_binding= 0.176975
