mass= 0.304674numbos: 0.130739 numfer: 6.0304e-06 omega: 0.73527 r99bos: 3.414 r99fer: 0.09 r99tot: 3.552
 Nb/Nf: 21680 Eb/Ef: 28651.3
mass_bos= 0.206969 mass_fer= 7.2237e-06
compactness= 0.0857752
compactness_boson= 0.0606235
E_binding= 0.173929
