mass= 0.427311numbos: 0.225594 numfer: 0.00713152 omega: 0.642428 r99bos: 3.588 r99fer: 1.32 r99tot: 3.87
 Nb/Nf: 31.6334 Eb/Ef: 32.869
mass_bos= 0.256888 mass_fer= 0.00781551
compactness= 0.110416
compactness_boson= 0.0715965
E_binding= 0.194585
