mass= 0.327859numbos: 0.146793 numfer: 2.31484e-07 omega: 0.703237 r99bos: 3.27 r99fer: 0.018 r99tot: 3.45
 Nb/Nf: 634138 Eb/Ef: 778329
mass_bos= 0.223405 mass_fer= 2.87031e-07
compactness= 0.0950315
compactness_boson= 0.0683195
E_binding= 0.181066
