mass= 0.319323numbos: 0.140762 numfer: 1.92446e-09 omega: 0.711937 r99bos: 3.282 r99fer: 0.006 r99tot: 3.45
 Nb/Nf: 7.31432e+07 Eb/Ef: 1.06498e+08
mass_bos= 0.219483 mass_fer= 2.06091e-09
compactness= 0.0925574
compactness_boson= 0.0668748
E_binding= 0.178561
