mass= 0.324861numbos: 0.15408 numfer: 0.00679635 omega: 0.85939 r99bos: 6.138 r99fer: 1.83 r99tot: 6.228
 Nb/Nf: 22.671 Eb/Ef: 24.7592
mass_bos= 0.174456 mass_fer= 0.00704612
compactness= 0.0521613
compactness_boson= 0.0284223
E_binding= 0.163984
