mass= 0.447573numbos: 0.23325 numfer: 0.0223696 omega: 0.589329 r99bos: 3.114 r99fer: 1.548 r99tot: 3.402
 Nb/Nf: 10.4271 Eb/Ef: 10.3388
mass_bos= 0.278215 mass_fer= 0.0269098
compactness= 0.131562
compactness_boson= 0.0893432
E_binding= 0.191953
