mass= 0.321481numbos: 0.142305 numfer: 3.02292e-06 omega: 0.715924 r99bos: 3.36 r99fer: 0.06 r99tot: 3.522
 Nb/Nf: 47075.2 Eb/Ef: 54918
mass_bos= 0.217859 mass_fer= 3.96698e-06
compactness= 0.0912779
compactness_boson= 0.0648389
E_binding= 0.179173
