mass= 0.965851numbos: 0.135982 numfer: 0.756441 omega: 0.716381 r99bos: 5.544 r99fer: 7.08 r99tot: 7.008
 Nb/Nf: 0.179765 Eb/Ef: 0.187593
mass_bos= 0.152851 mass_fer= 0.814799
compactness= 0.137821
compactness_boson= 0.0275705
E_binding= 0.073429
