mass= 0.317087numbos: 0.139197 numfer: 9.61961e-09 omega: 0.714549 r99bos: 3.288 r99fer: 0.006 r99tot: 3.45
 Nb/Nf: 1.44702e+07 Eb/Ef: 1.67643e+07
mass_bos= 0.218419 mass_fer= 1.30288e-08
compactness= 0.0919093
compactness_boson= 0.0664291
E_binding= 0.17789
