mass= 0.32389numbos: 0.143979 numfer: 9.84656e-08 omega: 0.706499 r99bos: 3.264 r99fer: 0.006 r99tot: 3.438
 Nb/Nf: 1.46223e+06 Eb/Ef: 1.44973e+06
mass_bos= 0.221667 mass_fer= 1.52903e-07
compactness= 0.0942087
compactness_boson= 0.0679127
E_binding= 0.17991
