mass= 1.49482numbos: 0.00897854 numfer: 1.59077 omega: 0.446176 r99bos: 3.978 r99fer: 5.814 r99tot: 5.772
 Nb/Nf: 0.00564415 Eb/Ef: 0.00551913
mass_bos= 0.0109237 mass_fer= 1.97924
compactness= 0.258979
compactness_boson= 0.00274602
E_binding= -0.104925
