mass= 0.448248numbos: 0.223967 numfer: 0.0386379 omega: 0.609146 r99bos: 3.306 r99fer: 2.016 r99tot: 3.558
 Nb/Nf: 5.79658 Eb/Ef: 5.79017
mass_bos= 0.261446 mass_fer= 0.0451535
compactness= 0.125983
compactness_boson= 0.0790823
E_binding= 0.185643
