mass= 0.327866numbos: 0.146798 numfer: 8.86274e-09 omega: 0.703231 r99bos: 3.27 r99fer: 0.006 r99tot: 3.45
 Nb/Nf: 1.65635e+07 Eb/Ef: 2.37194e+07
mass_bos= 0.223409 mass_fer= 9.41884e-09
compactness= 0.0950335
compactness_boson= 0.0683208
E_binding= 0.181068
