mass= 0.318538numbos: 0.140208 numfer: 1.73175e-08 omega: 0.712816 r99bos: 3.276 r99fer: 0.006 r99tot: 3.444
 Nb/Nf: 8.09632e+06 Eb/Ef: 7.72436e+06
mass_bos= 0.219109 mass_fer= 2.8366e-08
compactness= 0.0924906
compactness_boson= 0.0668832
E_binding= 0.17833
