mass= 0.321014numbos: 0.14195 numfer: 1.23692e-08 omega: 0.709995 r99bos: 3.27 r99fer: 0.006 r99tot: 3.444
 Nb/Nf: 1.14761e+07 Eb/Ef: 1.22327e+07
mass_bos= 0.220261 mass_fer= 1.80059e-08
compactness= 0.0932097
compactness_boson= 0.0673582
E_binding= 0.179064
