mass= 0.327351numbos: 0.146432 numfer: 2.51563e-08 omega: 0.703266 r99bos: 3.264 r99fer: 0.006 r99tot: 3.444
 Nb/Nf: 5.8209e+06 Eb/Ef: 7.39195e+06
mass_bos= 0.223281 mass_fer= 3.02059e-08
compactness= 0.0950496
compactness_boson= 0.0684071
E_binding= 0.180918
