mass= 1.30151numbos: 0.0903616 numfer: 1.22923 omega: 0.513592 r99bos: 3.906 r99fer: 6.348 r99tot: 6.294
 Nb/Nf: 0.073511 Eb/Ef: 0.0775498
mass_bos= 0.110952 mass_fer= 1.43072
compactness= 0.206785
compactness_boson= 0.0284056
E_binding= -0.0180806
