mass= 0.451804numbos: 0.246856 numfer: 0.00376907 omega: 0.6078 r99bos: 3.39 r99fer: 1.068 r99tot: 3.696
 Nb/Nf: 65.4952 Eb/Ef: 68.0913
mass_bos= 0.280818 mass_fer= 0.00412415
compactness= 0.122241
compactness_boson= 0.0828373
E_binding= 0.201179
