mass= 0.325364numbos: 0.145023 numfer: 5.09408e-08 omega: 0.70486 r99bos: 3.258 r99fer: 0.006 r99tot: 3.438
 Nb/Nf: 2.8469e+06 Eb/Ef: 3.08472e+06
mass_bos= 0.222401 mass_fer= 7.20976e-08
compactness= 0.0946375
compactness_boson= 0.0682629
E_binding= 0.18034
