mass= 0.437184numbos: 0.228247 numfer: 0.0155465 omega: 0.587539 r99bos: 3.024 r99fer: 1.32 r99tot: 3.312
 Nb/Nf: 14.6815 Eb/Ef: 14.7117
mass_bos= 0.279643 mass_fer= 0.0190082
compactness= 0.132
compactness_boson= 0.0924745
E_binding= 0.193391
