mass= 0.325363numbos: 0.145023 numfer: 5.20184e-08 omega: 0.70486 r99bos: 3.258 r99fer: 0.006 r99tot: 3.438
 Nb/Nf: 2.78791e+06 Eb/Ef: 3.00829e+06
mass_bos= 0.2224 mass_fer= 7.39292e-08
compactness= 0.0946373
compactness_boson= 0.0682628
E_binding= 0.18034
