mass= 0.325362numbos: 0.145022 numfer: 5.77339e-09 omega: 0.704861 r99bos: 3.258 r99fer: 0.006 r99tot: 3.438
 Nb/Nf: 2.5119e+07 Eb/Ef: 3.17651e+07
mass_bos= 0.2224 mass_fer= 7.00139e-09
compactness= 0.094637
compactness_boson= 0.0682627
E_binding= 0.18034
