mass= 0.414541numbos: 0.206471 numfer: 0.0238537 omega: 0.661836 r99bos: 3.672 r99fer: 1.914 r99tot: 3.906
 Nb/Nf: 8.65572 Eb/Ef: 8.93219
mass_bos= 0.237721 mass_fer= 0.0266139
compactness= 0.106129
compactness_boson= 0.0647388
E_binding= 0.184217
