mass= 0.44511numbos: 0.239596 numfer: 0.00654971 omega: 0.582278 r99bos: 3.042 r99fer: 1.044 r99tot: 3.348
 Nb/Nf: 36.5812 Eb/Ef: 37.5188
mass_bos= 0.28963 mass_fer= 0.00771958
compactness= 0.132948
compactness_boson= 0.0952102
E_binding= 0.198964
