mass= 0.32652numbos: 0.145843 numfer: 2.74962e-09 omega: 0.703795 r99bos: 3.258 r99fer: 0.006 r99tot: 3.438
 Nb/Nf: 5.3041e+07 Eb/Ef: 7.36236e+07
mass_bos= 0.222944 mass_fer= 3.02816e-09
compactness= 0.0949737
compactness_boson= 0.0684297
E_binding= 0.180677
