mass= 0.437642numbos: 0.228992 numfer: 0.0148864 omega: 0.587246 r99bos: 3.024 r99fer: 1.308 r99tot: 3.312
 Nb/Nf: 15.3827 Eb/Ef: 15.4264
mass_bos= 0.280296 mass_fer= 0.0181698
compactness= 0.132138
compactness_boson= 0.0926904
E_binding= 0.193764
