mass= 0.382063numbos: 0.149639 numfer: 0.0796757 omega: 0.849985 r99bos: 6.15 r99fer: 4.062 r99tot: 6.03
 Nb/Nf: 1.87811 Eb/Ef: 2.02841
mass_bos= 0.169137 mass_fer= 0.083384
compactness= 0.0633604
compactness_boson= 0.0275019
E_binding= 0.152748
