mass= 0.323894numbos: 0.143983 numfer: 8.85398e-08 omega: 0.706494 r99bos: 3.264 r99fer: 0.006 r99tot: 3.438
 Nb/Nf: 1.62619e+06 Eb/Ef: 1.67286e+06
mass_bos= 0.22167 mass_fer= 1.3251e-07
compactness= 0.09421
compactness_boson= 0.0679135
E_binding= 0.179911
