mass= 0.327859numbos: 0.146793 numfer: 2.22062e-07 omega: 0.703237 r99bos: 3.27 r99fer: 0.018 r99tot: 3.45
 Nb/Nf: 661044 Eb/Ef: 818429
mass_bos= 0.223405 mass_fer= 2.72968e-07
compactness= 0.0950316
compactness_boson= 0.0683195
E_binding= 0.181066
