mass= 0.32232numbos: 0.142872 numfer: 1.92446e-09 omega: 0.708421 r99bos: 3.27 r99fer: 0.006 r99tot: 3.444
 Nb/Nf: 7.424e+07 Eb/Ef: 1.07181e+08
mass_bos= 0.22089 mass_fer= 2.06091e-09
compactness= 0.0935888
compactness_boson= 0.0675504
E_binding= 0.179448
