mass= 0.453324numbos: 0.247156 numfer: 0.00548353 omega: 0.581061 r99bos: 3.096 r99fer: 1.032 r99tot: 3.408
 Nb/Nf: 45.0724 Eb/Ef: 46.3182
mass_bos= 0.293224 mass_fer= 0.00633063
compactness= 0.133018
compactness_boson= 0.0947104
E_binding= 0.200685
