mass= 0.320098numbos: 0.141306 numfer: 7.42099e-09 omega: 0.711061 r99bos: 3.276 r99fer: 0.006 r99tot: 3.444
 Nb/Nf: 1.90414e+07 Eb/Ef: 2.32637e+07
mass_bos= 0.21984 mass_fer= 9.44989e-09
compactness= 0.0929437
compactness_boson= 0.0671061
E_binding= 0.178792
