mass= 0.317521numbos: 0.139848 numfer: 1.29593e-05 omega: 0.695791 r99bos: 3.072 r99fer: 0.156 r99tot: 3.246
 Nb/Nf: 10791.3 Eb/Ef: 15386.9
mass_bos= 0.218137 mass_fer= 1.41768e-05
compactness= 0.0978193
compactness_boson= 0.0710082
E_binding= 0.17766
