mass= 0.317859numbos: 0.139735 numfer: 4.94823e-09 omega: 0.71361 r99bos: 3.288 r99fer: 0.006 r99tot: 3.45
 Nb/Nf: 2.82394e+07 Eb/Ef: 3.73987e+07
mass_bos= 0.218793 mass_fer= 5.8503e-09
compactness= 0.092133
compactness_boson= 0.066543
E_binding= 0.178124
