mass= 0.309211numbos: 0.133832 numfer: 1.47405e-05 omega: 0.731427 r99bos: 3.42 r99fer: 0.114 r99tot: 3.564
 Nb/Nf: 9079.18 Eb/Ef: 10909.6
mass_bos= 0.209653 mass_fer= 1.92174e-05
compactness= 0.0867597
compactness_boson= 0.0613022
E_binding= 0.175365
