mass= 0.316842numbos: 0.13908 numfer: 1.07876e-07 omega: 0.722403 r99bos: 3.39 r99fer: 0.024 r99tot: 3.546
 Nb/Nf: 1.28925e+06 Eb/Ef: 1.83373e+06
mass_bos= 0.214624 mass_fer= 1.17042e-07
compactness= 0.089352
compactness_boson= 0.0633109
E_binding= 0.177762
