mass= 0.320085numbos: 0.141296 numfer: 1.26434e-08 omega: 0.711074 r99bos: 3.276 r99fer: 0.006 r99tot: 3.444
 Nb/Nf: 1.11755e+07 Eb/Ef: 1.18619e+07
mass_bos= 0.219832 mass_fer= 1.85327e-08
compactness= 0.0929399
compactness_boson= 0.0671037
E_binding= 0.178789
