mass= 0.327846numbos: 0.146783 numfer: 5.66824e-09 omega: 0.704649 r99bos: 3.288 r99fer: 0.006 r99tot: 3.468
 Nb/Nf: 2.58957e+07 Eb/Ef: 3.72827e+07
mass_bos= 0.22297 mass_fer= 5.98053e-09
compactness= 0.0945346
compactness_boson= 0.0678133
E_binding= 0.181063
