mass= 0.31786numbos: 0.139736 numfer: 5.49653e-09 omega: 0.713609 r99bos: 3.288 r99fer: 0.006 r99tot: 3.45
 Nb/Nf: 2.54226e+07 Eb/Ef: 3.31026e+07
mass_bos= 0.218794 mass_fer= 6.60958e-09
compactness= 0.0921333
compactness_boson= 0.0665432
E_binding= 0.178124
