mass= 0.3239numbos: 0.143987 numfer: 7.972e-09 omega: 0.706488 r99bos: 3.264 r99fer: 0.006 r99tot: 3.438
 Nb/Nf: 1.80616e+07 Eb/Ef: 2.14938e+07
mass_bos= 0.221673 mass_fer= 1.03134e-08
compactness= 0.0942117
compactness_boson= 0.0679146
E_binding= 0.179913
