mass= 0.328027numbos: 0.146912 numfer: 4.27197e-07 omega: 0.703702 r99bos: 3.276 r99fer: 0.024 r99tot: 3.456
 Nb/Nf: 343897 Eb/Ef: 398320
mass_bos= 0.223303 mass_fer= 5.60612e-07
compactness= 0.0949153
compactness_boson= 0.0681633
E_binding= 0.181115
