mass= 0.342277numbos: 0.168214 numfer: 0.000575696 omega: 0.770618 r99bos: 4.548 r99fer: 0.864 r99tot: 4.74
 Nb/Nf: 292.192 Eb/Ef: 328.452
mass_bos= 0.194221 mass_fer= 0.000591321
compactness= 0.0722102
compactness_boson= 0.0427046
E_binding= 0.173487
