mass= 0.799316numbos: 0.135271 numfer: 0.567926 omega: 0.647679 r99bos: 4.044 r99fer: 6.6 r99tot: 6.504
 Nb/Nf: 0.238184 Eb/Ef: 0.263801
mass_bos= 0.162292 mass_fer= 0.615207
compactness= 0.122896
compactness_boson= 0.0401315
E_binding= 0.0961184
