mass= 0.436067numbos: 0.23187 numfer: 0.00649946 omega: 0.585033 r99bos: 2.994 r99fer: 1.014 r99tot: 3.294
 Nb/Nf: 35.6753 Eb/Ef: 36.7789
mass_bos= 0.285714 mass_fer= 0.00776842
compactness= 0.132382
compactness_boson= 0.0954289
E_binding= 0.197697
