mass= 0.451968numbos: 0.245382 numfer: 0.00677563 omega: 0.581967 r99bos: 3.096 r99fer: 1.086 r99tot: 3.402
 Nb/Nf: 36.2153 Eb/Ef: 36.9655
mass_bos= 0.291668 mass_fer= 0.00789027
compactness= 0.132854
compactness_boson= 0.0942081
E_binding= 0.199811
