mass= 0.319322numbos: 0.14076 numfer: 2.47276e-09 omega: 0.711939 r99bos: 3.282 r99fer: 0.006 r99tot: 3.45
 Nb/Nf: 5.69244e+07 Eb/Ef: 8.13491e+07
mass_bos= 0.219482 mass_fer= 2.69803e-09
compactness= 0.092557
compactness_boson= 0.0668745
E_binding= 0.178561
