mass= 0.376988numbos: 0.186929 numfer: 0.00996586 omega: 0.714016 r99bos: 4.038 r99fer: 1.602 r99tot: 4.26
 Nb/Nf: 18.7569 Eb/Ef: 20.0396
mass_bos= 0.215438 mass_fer= 0.0107506
compactness= 0.0884948
compactness_boson= 0.0533527
E_binding= 0.180093
