mass= 0.319262numbos: 0.140758 numfer: 1.44528e-06 omega: 0.719115 r99bos: 3.372 r99fer: 0.048 r99tot: 3.534
 Nb/Nf: 97391.8 Eb/Ef: 120950
mass_bos= 0.216288 mass_fer= 1.78824e-06
compactness= 0.0903401
compactness_boson= 0.0641424
E_binding= 0.178502
