mass= 0.321048numbos: 0.141976 numfer: 1.37345e-09 omega: 0.709961 r99bos: 3.276 r99fer: 0.006 r99tot: 3.444
 Nb/Nf: 1.03372e+08 Eb/Ef: 1.52661e+08
mass_bos= 0.220282 mass_fer= 1.44295e-09
compactness= 0.0932197
compactness_boson= 0.0672412
E_binding= 0.179072
