mass= 0.317865numbos: 0.139739 numfer: 1.92446e-09 omega: 0.713604 r99bos: 3.288 r99fer: 0.006 r99tot: 3.45
 Nb/Nf: 7.26121e+07 Eb/Ef: 1.06165e+08
mass_bos= 0.218797 mass_fer= 2.06091e-09
compactness= 0.0921347
compactness_boson= 0.0665441
E_binding= 0.178125
