mass= 0.412663numbos: 0.208912 numfer: 0.0171441 omega: 0.663102 r99bos: 3.69 r99fer: 1.734 r99tot: 3.936
 Nb/Nf: 12.1856 Eb/Ef: 12.6131
mass_bos= 0.2398 mass_fer= 0.0190119
compactness= 0.104843
compactness_boson= 0.0649863
E_binding= 0.186608
