mass= 0.304701numbos: 0.130757 numfer: 1.68373e-05 omega: 0.735242 r99bos: 3.414 r99fer: 0.126 r99tot: 3.552
 Nb/Nf: 7765.89 Eb/Ef: 9740.75
mass_bos= 0.206978 mass_fer= 2.12486e-05
compactness= 0.0857829
compactness_boson= 0.0606262
E_binding= 0.173927
