mass= 0.362887numbos: 0.173906 numfer: 0.00051137 omega: 0.637319 r99bos: 2.892 r99fer: 0.432 r99tot: 3.138
 Nb/Nf: 340.079 Eb/Ef: 409.705
mass_bos= 0.247732 mass_fer= 0.00060466
compactness= 0.115643
compactness_boson= 0.0856612
E_binding= 0.188469
