mass= 0.32536numbos: 0.14502 numfer: 6.32169e-09 omega: 0.704864 r99bos: 3.258 r99fer: 0.006 r99tot: 3.438
 Nb/Nf: 2.29401e+07 Eb/Ef: 2.85345e+07
mass_bos= 0.222398 mass_fer= 7.79401e-09
compactness= 0.0946363
compactness_boson= 0.0682622
E_binding= 0.18034
