mass= 0.327278numbos: 0.14638 numfer: 9.66292e-08 omega: 0.70609 r99bos: 3.3 r99fer: 0.018 r99tot: 3.474
 Nb/Nf: 1.51486e+06 Eb/Ef: 2.07507e+06
mass_bos= 0.222386 mass_fer= 1.0717e-07
compactness= 0.0942078
compactness_boson= 0.0673897
E_binding= 0.180898
