mass= 0.438718numbos: 0.217881 numfer: 0.0354061 omega: 0.589926 r99bos: 3.024 r99fer: 1.776 r99tot: 3.282
 Nb/Nf: 6.15378 Eb/Ef: 6.12707
mass_bos= 0.26786 mass_fer= 0.0437174
compactness= 0.133674
compactness_boson= 0.0885779
E_binding= 0.185431
