mass= 0.3239numbos: 0.143988 numfer: 7.38861e-08 omega: 0.706488 r99bos: 3.264 r99fer: 0.006 r99tot: 3.438
 Nb/Nf: 1.94878e+06 Eb/Ef: 2.1249e+06
mass_bos= 0.221674 mass_fer= 1.04322e-07
compactness= 0.0942119
compactness_boson= 0.0679147
E_binding= 0.179913
