mass= 0.323905numbos: 0.143991 numfer: 5.77339e-09 omega: 0.706483 r99bos: 3.264 r99fer: 0.006 r99tot: 3.438
 Nb/Nf: 2.49405e+07 Eb/Ef: 3.16618e+07
mass_bos= 0.221677 mass_fer= 7.00139e-09
compactness= 0.0942132
compactness_boson= 0.0679156
E_binding= 0.179914
