mass= 0.320046numbos: 0.141267 numfer: 1.92419e-08 omega: 0.711114 r99bos: 3.27 r99fer: 0.006 r99tot: 3.444
 Nb/Nf: 7.34162e+06 Eb/Ef: 6.68465e+06
mass_bos= 0.219808 mass_fer= 3.28825e-08
compactness= 0.0929285
compactness_boson= 0.0672196
E_binding= 0.178779
