mass= 0.325056numbos: 0.144811 numfer: 4.03637e-07 omega: 0.710287 r99bos: 3.324 r99fer: 0.03 r99tot: 3.498
 Nb/Nf: 358765 Eb/Ef: 459204
mass_bos= 0.220529 mass_fer= 4.80241e-07
compactness= 0.0929262
compactness_boson= 0.0663444
E_binding= 0.180244
