mass= 0.328023numbos: 0.146909 numfer: 9.28324e-08 omega: 0.703706 r99bos: 3.276 r99fer: 0.012 r99tot: 3.456
 Nb/Nf: 1.58252e+06 Eb/Ef: 1.91922e+06
mass_bos= 0.223301 mass_fer= 1.1635e-07
compactness= 0.0949142
compactness_boson= 0.0681627
E_binding= 0.181114
