mass= 0.306823numbos: 0.132201 numfer: 1.51068e-05 omega: 0.733675 r99bos: 3.42 r99fer: 0.114 r99tot: 3.558
 Nb/Nf: 8751.1 Eb/Ef: 10720.6
mass_bos= 0.208203 mass_fer= 1.94209e-05
compactness= 0.0862346
compactness_boson= 0.0608781
E_binding= 0.174606
