mass= 0.304725numbos: 0.130772 numfer: 2.82334e-05 omega: 0.73522 r99bos: 3.414 r99fer: 0.144 r99tot: 3.552
 Nb/Nf: 4631.81 Eb/Ef: 5606.37
mass_bos= 0.206983 mass_fer= 3.69193e-05
compactness= 0.0857896
compactness_boson= 0.0606278
E_binding= 0.173924
