mass= 0.328034numbos: 0.146917 numfer: 7.65383e-07 omega: 0.703695 r99bos: 3.276 r99fer: 0.036 r99tot: 3.456
 Nb/Nf: 191952 Eb/Ef: 243640
mass_bos= 0.223307 mass_fer= 9.16544e-07
compactness= 0.0949171
compactness_boson= 0.0681645
E_binding= 0.181116
