mass= 0.323893numbos: 0.143982 numfer: 9.34464e-08 omega: 0.706495 r99bos: 3.264 r99fer: 0.006 r99tot: 3.438
 Nb/Nf: 1.5408e+06 Eb/Ef: 1.55604e+06
mass_bos= 0.221669 mass_fer= 1.42457e-07
compactness= 0.0942098
compactness_boson= 0.0679134
E_binding= 0.179911
