mass= 0.302313numbos: 0.129137 numfer: 4.01281e-05 omega: 0.727138 r99bos: 3.282 r99fer: 0.174 r99tot: 3.42
 Nb/Nf: 3218.11 Eb/Ef: 4236.03
mass_bos= 0.206836 mass_fer= 4.88278e-05
compactness= 0.0883957
compactness_boson= 0.0630214
E_binding= 0.173137
