mass= 0.341925numbos: 0.157847 numfer: 8.82393e-05 omega: 0.660977 r99bos: 2.94 r99fer: 0.27 r99tot: 3.156
 Nb/Nf: 1788.85 Eb/Ef: 2354.31
mass_bos= 0.234529 mass_fer= 9.96167e-05
compactness= 0.108341
compactness_boson= 0.0797717
E_binding= 0.18399
