mass= 0.32636numbos: 0.145731 numfer: 3.97761e-09 omega: 0.707968 r99bos: 3.312 r99fer: 0.006 r99tot: 3.486
 Nb/Nf: 3.66378e+07 Eb/Ef: 5.37094e+07
mass_bos= 0.221577 mass_fer= 4.12549e-09
compactness= 0.0936201
compactness_boson= 0.0669014
E_binding= 0.180629
