mass= 0.316861numbos: 0.139093 numfer: 5.15565e-06 omega: 0.722379 r99bos: 3.39 r99fer: 0.078 r99tot: 3.546
 Nb/Nf: 26978.7 Eb/Ef: 32355.5
mass_bos= 0.214633 mass_fer= 6.63357e-06
compactness= 0.0893573
compactness_boson= 0.0633135
E_binding= 0.177763
