mass= 1.46506numbos: 0.0600183 numfer: 1.48327 omega: 0.578002 r99bos: 5.112 r99fer: 6.942 r99tot: 6.9
 Nb/Nf: 0.0404636 Eb/Ef: 0.0404381
mass_bos= 0.0681864 mass_fer= 1.68619
compactness= 0.212328
compactness_boson= 0.0133385
E_binding= -0.0782236
