mass= 0.444642numbos: 0.24269 numfer: 4.49769e-05 omega: 0.621055 r99bos: 3.492 r99fer: 0.426 r99tot: 3.798
 Nb/Nf: 5395.89 Eb/Ef: 6001.3
mass_bos= 0.274496 mass_fer= 4.57395e-05
compactness= 0.117073
compactness_boson= 0.0786072
E_binding= 0.201906
