mass= 0.319303numbos: 0.140746 numfer: 9.89647e-09 omega: 0.711957 r99bos: 3.282 r99fer: 0.006 r99tot: 3.444
 Nb/Nf: 1.42219e+07 Eb/Ef: 1.62514e+07
mass_bos= 0.219471 mass_fer= 1.35047e-08
compactness= 0.0927128
compactness_boson= 0.0668711
E_binding= 0.178556
