mass= 1.31328numbos: 0.0764362 numfer: 1.26184 omega: 0.459917 r99bos: 3.522 r99fer: 5.922 r99tot: 5.868
 Nb/Nf: 0.060575 Eb/Ef: 0.0637
mass_bos= 0.0971397 mass_fer= 1.52496
compactness= 0.223804
compactness_boson= 0.0275808
E_binding= -0.0249977
