mass= 0.317496numbos: 0.139821 numfer: 7.83822e-05 omega: 0.695896 r99bos: 3.072 r99fer: 0.24 r99tot: 3.246
 Nb/Nf: 1783.83 Eb/Ef: 2372.35
mass_bos= 0.218067 mass_fer= 9.19204e-05
compactness= 0.0978114
compactness_boson= 0.0709855
E_binding= 0.177597
