mass= 0.321474numbos: 0.1423 numfer: 1.12889e-06 omega: 0.715934 r99bos: 3.36 r99fer: 0.048 r99tot: 3.522
 Nb/Nf: 126053 Eb/Ef: 161523
mass_bos= 0.217855 mass_fer= 1.34876e-06
compactness= 0.0912759
compactness_boson= 0.0648379
E_binding= 0.179173
