mass= 0.323417numbos: 0.14366 numfer: 6.13795e-08 omega: 0.712965 r99bos: 3.342 r99fer: 0.018 r99tot: 3.51
 Nb/Nf: 2.34052e+06 Eb/Ef: 3.3088e+06
mass_bos= 0.21928 mass_fer= 6.62716e-08
compactness= 0.0921416
compactness_boson= 0.0656133
E_binding= 0.179757
