mass= 0.458375numbos: 0.253257 numfer: 0.00144349 omega: 0.577519 r99bos: 3.102 r99fer: 0.756 r99tot: 3.42
 Nb/Nf: 175.448 Eb/Ef: 188.012
mass_bos= 0.298636 mass_fer= 0.00158839
compactness= 0.134028
compactness_boson= 0.0962722
E_binding= 0.203674
