mass= 0.322372numbos: 0.153607 numfer: 0.00486315 omega: 0.821754 r99bos: 5.244 r99fer: 1.542 r99tot: 5.37
 Nb/Nf: 31.5859 Eb/Ef: 34.8708
mass_bos= 0.176905 mass_fer= 0.00507315
compactness= 0.060032
compactness_boson= 0.0337347
E_binding= 0.163902
