mass= 0.318587numbos: 0.140244 numfer: 4.12308e-09 omega: 0.712767 r99bos: 3.282 r99fer: 0.006 r99tot: 3.45
 Nb/Nf: 3.40145e+07 Eb/Ef: 4.61406e+07
mass_bos= 0.219139 mass_fer= 4.74937e-09
compactness= 0.092344
compactness_boson= 0.0667699
E_binding= 0.178342
