mass= 0.306801numbos: 0.132187 numfer: 7.0836e-06 omega: 0.733698 r99bos: 3.42 r99fer: 0.09 r99tot: 3.558
 Nb/Nf: 18661 Eb/Ef: 23860.9
mass_bos= 0.208195 mass_fer= 8.72536e-06
compactness= 0.0862285
compactness_boson= 0.0608758
E_binding= 0.174607
