mass= 0.36153numbos: 0.151794 numfer: 0.0536301 omega: 0.780457 r99bos: 4.668 r99fer: 3.174 r99tot: 4.716
 Nb/Nf: 2.83039 Eb/Ef: 3.09578
mass_bos= 0.177148 mass_fer= 0.0572226
compactness= 0.0766603
compactness_boson= 0.0379495
E_binding= 0.156106
