mass= 0.450463numbos: 0.226594 numfer: 0.0373678 omega: 0.599753 r99bos: 3.222 r99fer: 1.938 r99tot: 3.48
 Nb/Nf: 6.0639 Eb/Ef: 6.0247
mass_bos= 0.266662 mass_fer= 0.0442614
compactness= 0.129443
compactness_boson= 0.0827628
E_binding= 0.186501
