mass= 0.301242numbos: 0.128406 numfer: 6.46493e-06 omega: 0.731366 r99bos: 3.324 r99fer: 0.108 r99tot: 3.456
 Nb/Nf: 19861.9 Eb/Ef: 28150.2
mass_bos= 0.205817 mass_fer= 7.31139e-06
compactness= 0.0871649
compactness_boson= 0.0619186
E_binding= 0.17283
