mass= 0.309191numbos: 0.133819 numfer: 7.52073e-06 omega: 0.73145 r99bos: 3.42 r99fer: 0.096 r99tot: 3.558
 Nb/Nf: 17793.3 Eb/Ef: 22420.8
mass_bos= 0.209646 mass_fer= 9.35051e-06
compactness= 0.0869004
compactness_boson= 0.0613
E_binding= 0.175365
