mass= 1.40658numbos: 0.0760692 numfer: 1.38429 omega: 0.592756 r99bos: 5.118 r99fer: 6.972 r99tot: 6.924
 Nb/Nf: 0.0549518 Eb/Ef: 0.0552813
mass_bos= 0.0863883 mass_fer= 1.5627
compactness= 0.203146
compactness_boson= 0.0168793
E_binding= -0.0537768
