mass= 0.32728numbos: 0.146382 numfer: 4.86965e-07 omega: 0.706088 r99bos: 3.3 r99fer: 0.03 r99tot: 3.474
 Nb/Nf: 300600 Eb/Ef: 377642
mass_bos= 0.222387 mass_fer= 5.88884e-07
compactness= 0.0942085
compactness_boson= 0.0673901
E_binding= 0.180898
