mass= 0.318561numbos: 0.140225 numfer: 1.40195e-08 omega: 0.712793 r99bos: 3.282 r99fer: 0.006 r99tot: 3.444
 Nb/Nf: 1.00021e+07 Eb/Ef: 1.03065e+07
mass_bos= 0.219123 mass_fer= 2.12606e-08
compactness= 0.0924972
compactness_boson= 0.0667651
E_binding= 0.178336
