mass= 0.314299numbos: 0.137323 numfer: 2.65778e-07 omega: 0.725654 r99bos: 3.402 r99fer: 0.036 r99tot: 3.552
 Nb/Nf: 516684 Eb/Ef: 735739
mass_bos= 0.212922 mass_fer= 2.89398e-07
compactness= 0.088485
compactness_boson= 0.0625872
E_binding= 0.176975
