mass= 1.48299numbos: 0 numfer: 1.58521 omega: 0.291943 r99bos: 3.282 r99fer: 5.652 r99tot: 5.616
 Nb/Nf: 0 Eb/Ef: 0
mass_bos= 0 mass_fer= 2.00515
compactness= 0.264066
compactness_boson= 0
E_binding= -0.102215
