mass= 0.327833numbos: 0.146774 numfer: 7.80937e-08 omega: 0.704661 r99bos: 3.288 r99fer: 0.012 r99tot: 3.462
 Nb/Nf: 1.87946e+06 Eb/Ef: 2.35585e+06
mass_bos= 0.222962 mass_fer= 9.46422e-08
compactness= 0.0946947
compactness_boson= 0.067811
E_binding= 0.181059
