mass= 0.565507numbos: 0.156993 numfer: 0.272522 omega: 0.666255 r99bos: 3.84 r99fer: 5.31 r99tot: 5.16
 Nb/Nf: 0.576073 Eb/Ef: 0.630855
mass_bos= 0.186695 mass_fer= 0.29594
compactness= 0.109594
compactness_boson= 0.0486185
E_binding= 0.135992
