mass= 0.340138numbos: 0.15624 numfer: 0.00111645 omega: 0.663634 r99bos: 2.952 r99fer: 0.498 r99tot: 3.162
 Nb/Nf: 139.943 Eb/Ef: 163.127
mass_bos= 0.232575 mass_fer= 0.00142572
compactness= 0.10757
compactness_boson= 0.0787854
E_binding= 0.182782
