mass= 0.435205numbos: 0.233679 numfer: 0.000132335 omega: 0.582008 r99bos: 2.958 r99fer: 0.402 r99tot: 3.264
 Nb/Nf: 1765.82 Eb/Ef: 2072.59
mass_bos= 0.290475 mass_fer= 0.000140151
compactness= 0.133335
compactness_boson= 0.0981999
E_binding= 0.201394
