mass= 0.319309numbos: 0.140751 numfer: 8.79716e-09 omega: 0.711952 r99bos: 3.282 r99fer: 0.006 r99tot: 3.444
 Nb/Nf: 1.59995e+07 Eb/Ef: 1.88417e+07
mass_bos= 0.219474 mass_fer= 1.16483e-08
compactness= 0.0927144
compactness_boson= 0.0668722
E_binding= 0.178558
