mass= 0.314315numbos: 0.137336 numfer: 1.64463e-09 omega: 0.725638 r99bos: 3.402 r99fer: 0.006 r99tot: 3.552
 Nb/Nf: 8.35057e+07 Eb/Ef: 1.27757e+08
mass_bos= 0.212932 mass_fer= 1.66669e-09
compactness= 0.0884896
compactness_boson= 0.0625901
E_binding= 0.176979
