mass= 0.307507numbos: 0.132745 numfer: 9.13274e-07 omega: 0.714245 r99bos: 3.18 r99fer: 0.078 r99tot: 3.33
 Nb/Nf: 145351 Eb/Ef: 221187
mass_bos= 0.210971 mass_fer= 9.53814e-07
compactness= 0.0923445
compactness_boson= 0.066343
E_binding= 0.174761
