mass= 0.321031numbos: 0.141963 numfer: 8.5203e-09 omega: 0.709978 r99bos: 3.276 r99fer: 0.006 r99tot: 3.444
 Nb/Nf: 1.66618e+07 Eb/Ef: 1.96762e+07
mass_bos= 0.220272 mass_fer= 1.11948e-08
compactness= 0.0932147
compactness_boson= 0.0672381
E_binding= 0.179068
