mass= 0.31188numbos: 0.135824 numfer: 5.01304e-06 omega: 0.705658 r99bos: 3.12 r99fer: 0.12 r99tot: 3.288
 Nb/Nf: 27094.1 Eb/Ef: 39742.6
mass_bos= 0.214159 mass_fer= 5.38864e-06
compactness= 0.0948539
compactness_boson= 0.0686406
E_binding= 0.176051
