mass= 0.390818numbos: 0.194402 numfer: 0.00558272 omega: 0.612872 r99bos: 2.898 r99fer: 0.882 r99tot: 3.162
 Nb/Nf: 34.8221 Eb/Ef: 37.0403
mass_bos= 0.261355 mass_fer= 0.00705597
compactness= 0.123598
compactness_boson= 0.0901847
E_binding= 0.190833
