mass= 0.886745numbos: 0.148994 numfer: 0.650111 omega: 0.523789 r99bos: 3.186 r99fer: 6.006 r99tot: 5.91
 Nb/Nf: 0.229183 Eb/Ef: 0.250711
mass_bos= 0.185182 mass_fer= 0.738627
compactness= 0.150041
compactness_boson= 0.0581236
E_binding= 0.0876402
