mass= 0.306784numbos: 0.132176 numfer: 1.21165e-06 omega: 0.733719 r99bos: 3.42 r99fer: 0.06 r99tot: 3.558
 Nb/Nf: 109088 Eb/Ef: 153637
mass_bos= 0.208188 mass_fer= 1.35506e-06
compactness= 0.0862237
compactness_boson= 0.0608738
E_binding= 0.174607
