mass= 0.325056numbos: 0.144811 numfer: 3.02846e-07 omega: 0.710286 r99bos: 3.324 r99fer: 0.03 r99tot: 3.498
 Nb/Nf: 478168 Eb/Ef: 642773
mass_bos= 0.220529 mass_fer= 3.43091e-07
compactness= 0.0929263
compactness_boson= 0.0663446
E_binding= 0.180245
