mass= 0.317854numbos: 0.139731 numfer: 9.07131e-09 omega: 0.713615 r99bos: 3.288 r99fer: 0.006 r99tot: 3.45
 Nb/Nf: 1.54037e+07 Eb/Ef: 1.80775e+07
mass_bos= 0.218791 mass_fer= 1.21029e-08
compactness= 0.0921316
compactness_boson= 0.0665421
E_binding= 0.178123
