mass= 0.442412numbos: 0.239756 numfer: 0.00264693 omega: 0.622681 r99bos: 3.492 r99fer: 1.014 r99tot: 3.792
 Nb/Nf: 90.5788 Eb/Ef: 95.418
mass_bos= 0.271878 mass_fer= 0.00284933
compactness= 0.11667
compactness_boson= 0.0778573
E_binding= 0.20001
