mass= 0.317246numbos: 0.139598 numfer: 0.000307588 omega: 0.696451 r99bos: 3.078 r99fer: 0.324 r99tot: 3.252
 Nb/Nf: 453.847 Eb/Ef: 560.066
mass_bos= 0.217712 mass_fer= 0.000388725
compactness= 0.0975541
compactness_boson= 0.0707315
E_binding= 0.17734
