mass= 1.15471numbos: 0.11919 numfer: 1.00662 omega: 0.648063 r99bos: 5.052 r99fer: 7.02 r99tot: 6.96
 Nb/Nf: 0.118405 Eb/Ef: 0.122945
mass_bos= 0.136233 mass_fer= 1.10809
compactness= 0.165906
compactness_boson= 0.0269662
E_binding= 0.0288971
