mass= 0.321479numbos: 0.142304 numfer: 2.38573e-06 omega: 0.715927 r99bos: 3.36 r99fer: 0.06 r99tot: 3.522
 Nb/Nf: 59647.9 Eb/Ef: 72294.9
mass_bos= 0.217858 mass_fer= 3.01347e-06
compactness= 0.0912774
compactness_boson= 0.0648387
E_binding= 0.179173
