mass= 0.306783numbos: 0.132175 numfer: 7.89434e-07 omega: 0.73372 r99bos: 3.42 r99fer: 0.054 r99tot: 3.558
 Nb/Nf: 167430 Eb/Ef: 239714
mass_bos= 0.208188 mass_fer= 8.68485e-07
compactness= 0.0862234
compactness_boson= 0.0608737
E_binding= 0.174607
