mass= 0.351128numbos: 0.164701 numfer: 0.00077969 omega: 0.650273 r99bos: 2.916 r99fer: 0.468 r99tot: 3.144
 Nb/Nf: 211.239 Eb/Ef: 250.424
mass_bos= 0.239998 mass_fer= 0.000958367
compactness= 0.111682
compactness_boson= 0.0823039
E_binding= 0.185647
