mass= 1.32348numbos: 0.0846476 numfer: 1.26488 omega: 0.500013 r99bos: 3.87 r99fer: 6.21 r99tot: 6.156
 Nb/Nf: 0.0669212 Eb/Ef: 0.0698151
mass_bos= 0.104038 mass_fer= 1.4902
compactness= 0.21499
compactness_boson= 0.0268833
E_binding= -0.0260528
