mass= 0.32232numbos: 0.142873 numfer: 1.65032e-09 omega: 0.70842 r99bos: 3.27 r99fer: 0.006 r99tot: 3.444
 Nb/Nf: 8.65728e+07 Eb/Ef: 1.26176e+08
mass_bos= 0.22089 mass_fer= 1.75066e-09
compactness= 0.0935889
compactness_boson= 0.0675505
E_binding= 0.179448
