mass= 0.989787numbos: 0.135344 numfer: 0.785348 omega: 0.732468 r99bos: 5.982 r99fer: 7.224 r99tot: 7.164
 Nb/Nf: 0.172336 Eb/Ef: 0.177546
mass_bos= 0.149666 mass_fer= 0.842974
compactness= 0.138161
compactness_boson= 0.0250194
E_binding= 0.0690954
