mass= 0.318578numbos: 0.140238 numfer: 1.01706e-08 omega: 0.712776 r99bos: 3.282 r99fer: 0.006 r99tot: 3.45
 Nb/Nf: 1.37885e+07 Eb/Ef: 1.5673e+07
mass_bos= 0.219133 mass_fer= 1.39815e-08
compactness= 0.0923414
compactness_boson= 0.0667682
E_binding= 0.17834
