mass= 0.307509numbos: 0.132734 numfer: 9.45552e-05 omega: 0.714355 r99bos: 3.18 r99fer: 0.234 r99tot: 3.336
 Nb/Nf: 1403.77 Eb/Ef: 1817.96
mass_bos= 0.210894 mass_fer= 0.000116005
compactness= 0.0921789
compactness_boson= 0.0663188
E_binding= 0.17468
