mass= 0.412185numbos: 0.215814 numfer: 0.00356795 omega: 0.663689 r99bos: 3.726 r99fer: 1.158 r99tot: 3.996
 Nb/Nf: 60.4867 Eb/Ef: 64.337
mass_bos= 0.245794 mass_fer= 0.00382041
compactness= 0.103149
compactness_boson= 0.0659673
E_binding= 0.192804
