mass= 0.362828numbos: 0.173851 numfer: 0.000544883 omega: 0.637396 r99bos: 2.892 r99fer: 0.444 r99tot: 3.138
 Nb/Nf: 319.062 Eb/Ef: 383.344
mass_bos= 0.247669 mass_fer= 0.000646076
compactness= 0.115624
compactness_boson= 0.0856395
E_binding= 0.188432
