mass= 0.363544numbos: 0.17451 numfer: 0.00014167 omega: 0.636446 r99bos: 2.892 r99fer: 0.324 r99tot: 3.132
 Nb/Nf: 1231.8 Eb/Ef: 1566.26
mass_bos= 0.248431 mass_fer= 0.000158614
compactness= 0.116074
compactness_boson= 0.0859029
E_binding= 0.188892
