mass= 0.426877numbos: 0.223565 numfer: 0.0103352 omega: 0.642617 r99bos: 3.582 r99fer: 1.452 r99tot: 3.858
 Nb/Nf: 21.6315 Eb/Ef: 22.3103
mass_bos= 0.255139 mass_fer= 0.0114359
compactness= 0.110647
compactness_boson= 0.0712281
E_binding= 0.192977
