mass= 0.453655numbos: 0.243291 numfer: 0.0136771 omega: 0.591658 r99bos: 3.21 r99fer: 1.38 r99tot: 3.504
 Nb/Nf: 17.7881 Eb/Ef: 17.7899
mass_bos= 0.283769 mass_fer= 0.0159511
compactness= 0.129468
compactness_boson= 0.0884015
E_binding= 0.196687
