mass= 0.314313numbos: 0.137333 numfer: 4.291e-06 omega: 0.725635 r99bos: 3.402 r99fer: 0.078 r99tot: 3.552
 Nb/Nf: 32005 Eb/Ef: 39941.9
mass_bos= 0.212928 mass_fer= 5.33095e-06
compactness= 0.088489
compactness_boson= 0.0625892
E_binding= 0.176975
