mass= 0.321488numbos: 0.142311 numfer: 2.74148e-10 omega: 0.715921 r99bos: 3.36 r99fer: 0.006 r99tot: 3.522
 Nb/Nf: 5.19102e+08 Eb/Ef: 7.8675e+08
mass_bos= 0.217864 mass_fer= 2.76917e-10
compactness= 0.09128
compactness_boson= 0.0648406
E_binding= 0.179178
