mass= 0.321472numbos: 0.142299 numfer: 8.24856e-07 omega: 0.715936 r99bos: 3.36 r99fer: 0.042 r99tot: 3.522
 Nb/Nf: 172513 Eb/Ef: 220924
mass_bos= 0.217855 mass_fer= 9.86107e-07
compactness= 0.0912755
compactness_boson= 0.0648377
E_binding= 0.179173
