mass= 0.441485numbos: 0.227828 numfer: 0.0228009 omega: 0.588418 r99bos: 3.054 r99fer: 1.524 r99tot: 3.336
 Nb/Nf: 9.99205 Eb/Ef: 9.92744
mass_bos= 0.276451 mass_fer= 0.0278472
compactness= 0.13234
compactness_boson= 0.090521
E_binding= 0.190856
