mass= 0.321477numbos: 0.142302 numfer: 1.99224e-06 omega: 0.715929 r99bos: 3.36 r99fer: 0.054 r99tot: 3.522
 Nb/Nf: 71428 Eb/Ef: 86108.9
mass_bos= 0.217857 mass_fer= 2.53002e-06
compactness= 0.0912767
compactness_boson= 0.0648383
E_binding= 0.179173
