mass= 0.309197numbos: 0.133823 numfer: 9.48768e-06 omega: 0.731443 r99bos: 3.42 r99fer: 0.102 r99tot: 3.558
 Nb/Nf: 14104.9 Eb/Ef: 17490
mass_bos= 0.209648 mass_fer= 1.19868e-05
compactness= 0.086902
compactness_boson= 0.0613007
E_binding= 0.175365
