mass= 0.314301numbos: 0.137326 numfer: 7.31642e-08 omega: 0.725651 r99bos: 3.402 r99fer: 0.024 r99tot: 3.552
 Nb/Nf: 1.87695e+06 Eb/Ef: 2.74114e+06
mass_bos= 0.212923 mass_fer= 7.76768e-08
compactness= 0.0884857
compactness_boson= 0.0625877
E_binding= 0.176976
