mass= 0.468123numbos: 0.17019 numfer: 0.138202 omega: 0.929517 r99bos: 12.186 r99fer: 6.258 r99tot: 11.7
 Nb/Nf: 1.23146 Eb/Ef: 1.24833
mass_bos= 0.17577 mass_fer= 0.140804
compactness= 0.0400105
compactness_boson= 0.0144239
E_binding= 0.159731
