mass= 0.444211numbos: 0.238436 numfer: 0.00737218 omega: 0.582896 r99bos: 3.042 r99fer: 1.074 r99tot: 3.342
 Nb/Nf: 32.3427 Eb/Ef: 33.044
mass_bos= 0.288603 mass_fer= 0.00873388
compactness= 0.132918
compactness_boson= 0.0948727
E_binding= 0.198403
