mass= 1.28793numbos: 0.0911391 numfer: 1.2109 omega: 0.504953 r99bos: 3.78 r99fer: 6.318 r99tot: 6.264
 Nb/Nf: 0.0752656 Eb/Ef: 0.0801575
mass_bos= 0.113141 mass_fer= 1.41148
compactness= 0.205608
compactness_boson= 0.0299314
E_binding= -0.0141117
