mass= 1.08998numbos: 0.11542 numfer: 0.934968 omega: 0.593042 r99bos: 4.092 r99fer: 6.87 r99tot: 6.804
 Nb/Nf: 0.123448 Eb/Ef: 0.135026
mass_bos= 0.139773 mass_fer= 1.03516
compactness= 0.160196
compactness_boson= 0.0341577
E_binding= 0.0395886
