mass= 0.352478numbos: 0.165924 numfer: 2.17966e-07 omega: 0.648345 r99bos: 2.91 r99fer: 0.078 r99tot: 3.138
 Nb/Nf: 761239 Eb/Ef: 1.09557e+06
mass_bos= 0.241463 mass_fer= 2.20399e-07
compactness= 0.112326
compactness_boson= 0.0829769
E_binding= 0.186553
