mass= 0.319309numbos: 0.140751 numfer: 8.5203e-09 omega: 0.711951 r99bos: 3.282 r99fer: 0.006 r99tot: 3.444
 Nb/Nf: 1.65195e+07 Eb/Ef: 1.9605e+07
mass_bos= 0.219475 mass_fer= 1.11948e-08
compactness= 0.0927147
compactness_boson= 0.0668723
E_binding= 0.178558
