mass= 1.15063numbos: 0.119562 numfer: 1.00116 omega: 0.677805 r99bos: 5.532 r99fer: 7.2 r99tot: 7.146
 Nb/Nf: 0.119423 Eb/Ef: 0.122546
mass_bos= 0.133887 mass_fer= 1.09254
compactness= 0.161017
compactness_boson= 0.0242023
E_binding= 0.0299053
