mass= 0.326521numbos: 0.145844 numfer: 2.49489e-08 omega: 0.703794 r99bos: 3.264 r99fer: 0.006 r99tot: 3.438
 Nb/Nf: 5.84569e+06 Eb/Ef: 7.26603e+06
mass_bos= 0.222945 mass_fer= 3.06831e-08
compactness= 0.094974
compactness_boson= 0.0683041
E_binding= 0.180677
