mass= 0.319263numbos: 0.14076 numfer: 1.78012e-06 omega: 0.719113 r99bos: 3.372 r99fer: 0.054 r99tot: 3.534
 Nb/Nf: 79072.9 Eb/Ef: 98463.4
mass_bos= 0.216289 mass_fer= 2.19664e-06
compactness= 0.0903405
compactness_boson= 0.0641426
E_binding= 0.178502
