mass= 0.323424numbos: 0.143665 numfer: 1.64704e-06 omega: 0.712956 r99bos: 3.342 r99fer: 0.048 r99tot: 3.51
 Nb/Nf: 87225.9 Eb/Ef: 103678
mass_bos= 0.219283 mass_fer= 2.11505e-06
compactness= 0.0921437
compactness_boson= 0.0656144
E_binding= 0.179758
