mass= 1.60335numbos: 0.00168709 numfer: 1.75034 omega: 0.508921 r99bos: 4.776 r99fer: 6.54 r99tot: 6.504
 Nb/Nf: 0.000963862 Eb/Ef: 0.00094268
mass_bos= 0.00195084 mass_fer= 2.06947
compactness= 0.246518
compactness_boson= 0.000408468
E_binding= -0.148678
