mass= 0.396783numbos: 0.196603 numfer: 0.0181003 omega: 0.686422 r99bos: 3.834 r99fer: 1.83 r99tot: 4.062
 Nb/Nf: 10.8619 Eb/Ef: 11.3838
mass_bos= 0.226464 mass_fer= 0.0198935
compactness= 0.0976818
compactness_boson= 0.0590674
E_binding= 0.18208
