mass= 0.321034numbos: 0.141965 numfer: 6.8727e-09 omega: 0.709976 r99bos: 3.276 r99fer: 0.006 r99tot: 3.444
 Nb/Nf: 2.06564e+07 Eb/Ef: 2.55749e+07
mass_bos= 0.220273 mass_fer= 8.61287e-09
compactness= 0.0932153
compactness_boson= 0.0672385
E_binding= 0.179069
