mass= 0.301719numbos: 0.12873 numfer: 1.98886e-05 omega: 0.735649 r99bos: 3.384 r99fer: 0.132 r99tot: 3.516
 Nb/Nf: 6472.54 Eb/Ef: 8360.63
mass_bos= 0.205496 mass_fer= 2.4579e-05
compactness= 0.0858132
compactness_boson= 0.0607257
E_binding= 0.17297
