mass= 0.325359numbos: 0.14502 numfer: 4.67177e-08 omega: 0.704864 r99bos: 3.258 r99fer: 0.006 r99tot: 3.438
 Nb/Nf: 3.10418e+06 Eb/Ef: 3.70545e+06
mass_bos= 0.222398 mass_fer= 6.00192e-08
compactness= 0.0946363
compactness_boson= 0.0682622
E_binding= 0.180339
