mass= 0.456358numbos: 0.248063 numfer: 0.00896073 omega: 0.590106 r99bos: 3.216 r99fer: 1.236 r99tot: 3.528
 Nb/Nf: 27.6834 Eb/Ef: 27.9756
mass_bos= 0.287845 mass_fer= 0.0102892
compactness= 0.129353
compactness_boson= 0.0895041
E_binding= 0.199334
