mass= 0.412458numbos: 0.206749 numfer: 0.000688071 omega: 0.885608 r99bos: 7.818 r99fer: 1.242 r99tot: 7.926
 Nb/Nf: 300.476 Eb/Ef: 319.936
mass_bos= 0.22254 mass_fer= 0.000695577
compactness= 0.0520386
compactness_boson= 0.0284651
E_binding= 0.205021
