mass= 0.321035numbos: 0.141966 numfer: 6.04754e-09 omega: 0.709975 r99bos: 3.276 r99fer: 0.006 r99tot: 3.444
 Nb/Nf: 2.3475e+07 Eb/Ef: 2.97871e+07
mass_bos= 0.220274 mass_fer= 7.39493e-09
compactness= 0.0932156
compactness_boson= 0.0672387
E_binding= 0.179069
