mass= 0.318595numbos: 0.14025 numfer: 8.25158e-10 omega: 0.712759 r99bos: 3.282 r99fer: 0.006 r99tot: 3.45
 Nb/Nf: 1.69968e+08 Eb/Ef: 2.57742e+08
mass_bos= 0.219144 mass_fer= 8.50243e-10
compactness= 0.0923463
compactness_boson= 0.0667714
E_binding= 0.178344
