mass= 0.331809numbos: 0.157592 numfer: 0.00856372 omega: 0.79602 r99bos: 4.842 r99fer: 1.728 r99tot: 4.986
 Nb/Nf: 18.4023 Eb/Ef: 20.1924
mass_bos= 0.182416 mass_fer= 0.00903392
compactness= 0.0665481
compactness_boson= 0.0376737
E_binding= 0.165653
