mass= 0.323887numbos: 0.143977 numfer: 1.02293e-07 omega: 0.706502 r99bos: 3.264 r99fer: 0.006 r99tot: 3.438
 Nb/Nf: 1.4075e+06 Eb/Ef: 1.37637e+06
mass_bos= 0.221665 mass_fer= 1.61051e-07
compactness= 0.0942079
compactness_boson= 0.0679122
E_binding= 0.179909
