mass= 0.31171numbos: 0.135544 numfer: 3.97185e-07 omega: 0.728731 r99bos: 3.414 r99fer: 0.042 r99tot: 3.558
 Nb/Nf: 341260 Eb/Ef: 486168
mass_bos= 0.211238 mass_fer= 4.34495e-07
compactness= 0.0876081
compactness_boson= 0.061874
E_binding= 0.176166
