mass= 0.322301numbos: 0.142858 numfer: 7.972e-09 omega: 0.70844 r99bos: 3.27 r99fer: 0.006 r99tot: 3.438
 Nb/Nf: 1.79199e+07 Eb/Ef: 2.14167e+07
mass_bos= 0.220878 mass_fer= 1.03134e-08
compactness= 0.0937466
compactness_boson= 0.0675469
E_binding= 0.179443
