mass= 0.307519numbos: 0.132747 numfer: 5.50383e-05 omega: 0.714293 r99bos: 3.18 r99fer: 0.198 r99tot: 3.336
 Nb/Nf: 2411.9 Eb/Ef: 3210.23
mass_bos= 0.210934 mass_fer= 6.57069e-05
compactness= 0.092182
compactness_boson= 0.0663315
E_binding= 0.174717
