mass= 0.31686numbos: 0.139092 numfer: 4.98959e-06 omega: 0.722379 r99bos: 3.39 r99fer: 0.078 r99tot: 3.546
 Nb/Nf: 27876.5 Eb/Ef: 33516.1
mass_bos= 0.214633 mass_fer= 6.40386e-06
compactness= 0.0893571
compactness_boson= 0.0633134
E_binding= 0.177763
