mass= 0.429827numbos: 0.223559 numfer: 0.0125933 omega: 0.589441 r99bos: 2.982 r99fer: 1.212 r99tot: 3.27
 Nb/Nf: 17.7523 Eb/Ef: 17.9556
mass_bos= 0.278285 mass_fer= 0.0154985
compactness= 0.131445
compactness_boson= 0.0933215
E_binding= 0.193674
