mass= 0.328033numbos: 0.146917 numfer: 7.26559e-07 omega: 0.703695 r99bos: 3.276 r99fer: 0.036 r99tot: 3.456
 Nb/Nf: 202209 Eb/Ef: 259350
mass_bos= 0.223307 mass_fer= 8.61025e-07
compactness= 0.0949171
compactness_boson= 0.0681645
E_binding= 0.181116
