mass= 1.45647numbos: 0.0328366 numfer: 1.508 omega: 0.460973 r99bos: 3.978 r99fer: 5.898 r99tot: 5.856
 Nb/Nf: 0.0217749 Eb/Ef: 0.0215444
mass_bos= 0.0398775 mass_fer= 1.85094
compactness= 0.248714
compactness_boson= 0.0100245
E_binding= -0.0843713
