mass= 0.327281numbos: 0.146382 numfer: 5.40259e-07 omega: 0.706087 r99bos: 3.3 r99fer: 0.03 r99tot: 3.474
 Nb/Nf: 270948 Eb/Ef: 325995
mass_bos= 0.222388 mass_fer= 6.82182e-07
compactness= 0.0942086
compactness_boson= 0.0673902
E_binding= 0.180898
