mass= 0.324329numbos: 0.144756 numfer: 0.000148993 omega: 0.685124 r99bos: 3.024 r99fer: 0.282 r99tot: 3.21
 Nb/Nf: 971.563 Eb/Ef: 1253.74
mass_bos= 0.222722 mass_fer= 0.000177646
compactness= 0.101037
compactness_boson= 0.0736513
E_binding= 0.179424
