mass= 0.318562numbos: 0.140226 numfer: 1.37427e-08 omega: 0.712791 r99bos: 3.282 r99fer: 0.006 r99tot: 3.444
 Nb/Nf: 1.02037e+07 Eb/Ef: 1.05854e+07
mass_bos= 0.219124 mass_fer= 2.07006e-08
compactness= 0.0924977
compactness_boson= 0.0667654
E_binding= 0.178336
