mass= 0.449224numbos: 0.24242 numfer: 0.00841493 omega: 0.609363 r99bos: 3.384 r99fer: 1.296 r99tot: 3.678
 Nb/Nf: 28.8083 Eb/Ef: 29.3641
mass_bos= 0.276995 mass_fer= 0.00943312
compactness= 0.122138
compactness_boson= 0.0818542
E_binding= 0.198389
