mass= 0.321004numbos: 0.141943 numfer: 1.64923e-08 omega: 0.710006 r99bos: 3.27 r99fer: 0.006 r99tot: 3.444
 Nb/Nf: 8.6066e+06 Eb/Ef: 8.30744e+06
mass_bos= 0.220255 mass_fer= 2.6513e-08
compactness= 0.0932067
compactness_boson= 0.0673564
E_binding= 0.179061
