mass= 0.306791numbos: 0.132181 numfer: 3.38221e-06 omega: 0.73371 r99bos: 3.42 r99fer: 0.078 r99tot: 3.558
 Nb/Nf: 39081.2 Eb/Ef: 52467.1
mass_bos= 0.208192 mass_fer= 3.96804e-06
compactness= 0.0862257
compactness_boson= 0.0608747
E_binding= 0.174607
