mass= 1.25235numbos: 0.0940419 numfer: 1.16201 omega: 0.479227 r99bos: 3.474 r99fer: 6.186 r99tot: 6.126
 Nb/Nf: 0.0809306 Eb/Ef: 0.0875082
mass_bos= 0.119547 mass_fer= 1.36613
compactness= 0.204432
compactness_boson= 0.034412
E_binding= -0.00369612
