mass= 0.440188numbos: 0.222216 numfer: 0.0308944 omega: 0.623419 r99bos: 3.42 r99fer: 1.932 r99tot: 3.672
 Nb/Nf: 7.19276 Eb/Ef: 7.24212
mass_bos= 0.256947 mass_fer= 0.0354795
compactness= 0.119877
compactness_boson= 0.0751307
E_binding= 0.187077
