mass= 0.324139numbos: 0.144589 numfer: 0.000293895 omega: 0.685492 r99bos: 3.024 r99fer: 0.33 r99tot: 3.216
 Nb/Nf: 491.975 Eb/Ef: 612.564
mass_bos= 0.222479 mass_fer= 0.000363193
compactness= 0.100789
compactness_boson= 0.0735711
E_binding= 0.179256
