mass= 0.458502numbos: 0.252634 numfer: 0.00330763 omega: 0.595681 r99bos: 3.306 r99fer: 1.002 r99tot: 3.618
 Nb/Nf: 76.3793 Eb/Ef: 79.4313
mass_bos= 0.28875 mass_fer= 0.00363522
compactness= 0.126728
compactness_boson= 0.0873411
E_binding= 0.20256
