mass= 0.326534numbos: 0.145853 numfer: 5.5101e-10 omega: 0.703781 r99bos: 3.264 r99fer: 0.006 r99tot: 3.438
 Nb/Nf: 2.64702e+08 Eb/Ef: 3.96574e+08
mass_bos= 0.222952 mass_fer= 5.62196e-10
compactness= 0.0949778
compactness_boson= 0.0683065
E_binding= 0.18068
