mass= 1.51126numbos: 0.0408367 numfer: 1.57204 omega: 0.619575 r99bos: 5.814 r99fer: 7.47 r99tot: 7.434
 Nb/Nf: 0.0259769 Eb/Ef: 0.0258559
mass_bos= 0.0452794 mass_fer= 1.75122
compactness= 0.203291
compactness_boson= 0.007788
E_binding= -0.101611
