mass= 0.301235numbos: 0.128402 numfer: 5.51741e-07 omega: 0.731371 r99bos: 3.324 r99fer: 0.066 r99tot: 3.456
 Nb/Nf: 232721 Eb/Ef: 356950
mass_bos= 0.205817 mass_fer= 5.76599e-07
compactness= 0.087163
compactness_boson= 0.0619185
E_binding= 0.172833
