mass= 0.377521numbos: 0.186335 numfer: 0.0117717 omega: 0.713635 r99bos: 4.032 r99fer: 1.674 r99tot: 4.248
 Nb/Nf: 15.829 Eb/Ef: 16.8771
mass_bos= 0.214913 mass_fer= 0.012734
compactness= 0.0888704
compactness_boson= 0.0533019
E_binding= 0.179415
