mass= 0.316847numbos: 0.139084 numfer: 1.4439e-06 omega: 0.722396 r99bos: 3.39 r99fer: 0.054 r99tot: 3.546
 Nb/Nf: 96325.1 Eb/Ef: 124617
mass_bos= 0.214626 mass_fer= 1.72229e-06
compactness= 0.0893535
compactness_boson= 0.0633116
E_binding= 0.177762
