mass= 0.30124numbos: 0.128405 numfer: 5.03871e-06 omega: 0.731367 r99bos: 3.324 r99fer: 0.108 r99tot: 3.456
 Nb/Nf: 25483.7 Eb/Ef: 36713.2
mass_bos= 0.205817 mass_fer= 5.60608e-06
compactness= 0.0871644
compactness_boson= 0.0619186
E_binding= 0.17283
