mass= 0.309172numbos: 0.133806 numfer: 1.30898e-06 omega: 0.731474 r99bos: 3.42 r99fer: 0.06 r99tot: 3.558
 Nb/Nf: 102222 Eb/Ef: 141223
mass_bos= 0.209638 mass_fer= 1.48444e-06
compactness= 0.0868949
compactness_boson= 0.0612976
E_binding= 0.175365
