mass= 0.324241numbos: 0.144678 numfer: 0.000219563 omega: 0.685299 r99bos: 3.024 r99fer: 0.306 r99tot: 3.21
 Nb/Nf: 658.937 Eb/Ef: 833.458
mass_bos= 0.222606 mass_fer= 0.000267088
compactness= 0.10101
compactness_boson= 0.0736132
E_binding= 0.179343
