mass= 0.302328numbos: 0.129134 numfer: 0.000127121 omega: 0.727234 r99bos: 3.282 r99fer: 0.234 r99tot: 3.42
 Nb/Nf: 1015.83 Eb/Ef: 1249.92
mass_bos= 0.206767 mass_fer= 0.000165424
compactness= 0.0883999
compactness_boson= 0.0630004
E_binding= 0.173067
