mass= 0.301121numbos: 0.128322 numfer: 2.85078e-05 omega: 0.734155 r99bos: 3.36 r99fer: 0.15 r99tot: 3.492
 Nb/Nf: 4501.28 Eb/Ef: 5817.74
mass_bos= 0.205393 mass_fer= 3.53046e-05
compactness= 0.0862317
compactness_boson= 0.0611289
E_binding= 0.172771
