mass= 0.431991numbos: 0.21792 numfer: 0.0259679 omega: 0.590769 r99bos: 2.994 r99fer: 1.56 r99tot: 3.264
 Nb/Nf: 8.3919 Eb/Ef: 8.3772
mass_bos= 0.270605 mass_fer= 0.0323026
compactness= 0.13235
compactness_boson= 0.0903824
E_binding= 0.188103
