mass= 0.470317numbos: 0.203298 numfer: 0.0741338 omega: 0.900848 r99bos: 9.324 r99fer: 4.476 r99tot: 9.204
 Nb/Nf: 2.74231 Eb/Ef: 2.81094
mass_bos= 0.21412 mass_fer= 0.0761738
compactness= 0.0510992
compactness_boson= 0.0229644
E_binding= 0.192885
