mass= 0.327871numbos: 0.146802 numfer: 9.55525e-07 omega: 0.703225 r99bos: 3.27 r99fer: 0.042 r99tot: 3.45
 Nb/Nf: 153635 Eb/Ef: 198000
mass_bos= 0.223412 mass_fer= 1.12834e-06
compactness= 0.0950349
compactness_boson= 0.0683216
E_binding= 0.181068
