mass= 0.306782numbos: 0.132174 numfer: 2.89365e-07 omega: 0.733722 r99bos: 3.42 r99fer: 0.042 r99tot: 3.558
 Nb/Nf: 456773 Eb/Ef: 674384
mass_bos= 0.208188 mass_fer= 3.08708e-07
compactness= 0.0862231
compactness_boson= 0.0608736
E_binding= 0.174607
