mass= 0.317105numbos: 0.13921 numfer: 5.5101e-10 omega: 0.714531 r99bos: 3.288 r99fer: 0.006 r99tot: 3.45
 Nb/Nf: 2.52646e+08 Eb/Ef: 3.88529e+08
mass_bos= 0.218429 mass_fer= 5.62196e-10
compactness= 0.0919144
compactness_boson= 0.0664323
E_binding= 0.177894
