mass= 0.309186numbos: 0.133815 numfer: 5.97446e-06 omega: 0.731456 r99bos: 3.42 r99fer: 0.084 r99tot: 3.558
 Nb/Nf: 22397.9 Eb/Ef: 28249.6
mass_bos= 0.209644 mass_fer= 7.42112e-06
compactness= 0.0868989
compactness_boson= 0.0612994
E_binding= 0.175365
