mass= 0.320094numbos: 0.141303 numfer: 8.79716e-09 omega: 0.711065 r99bos: 3.276 r99fer: 0.006 r99tot: 3.444
 Nb/Nf: 1.60624e+07 Eb/Ef: 1.88729e+07
mass_bos= 0.219837 mass_fer= 1.16483e-08
compactness= 0.0929426
compactness_boson= 0.0671054
E_binding= 0.178791
