mass= 0.44775numbos: 0.225025 numfer: 0.0362921 omega: 0.609466 r99bos: 3.312 r99fer: 1.974 r99tot: 3.564
 Nb/Nf: 6.20038 Eb/Ef: 6.19178
mass_bos= 0.262332 mass_fer= 0.0423678
compactness= 0.125631
compactness_boson= 0.0792066
E_binding= 0.186433
