mass= 0.326353numbos: 0.145726 numfer: 8.14597e-07 omega: 0.707974 r99bos: 3.312 r99fer: 0.036 r99tot: 3.486
 Nb/Nf: 178893 Eb/Ef: 213548
mass_bos= 0.221573 mass_fer= 1.03758e-06
compactness= 0.0936181
compactness_boson= 0.0669
E_binding= 0.180626
