mass= 0.323418numbos: 0.14366 numfer: 7.53458e-08 omega: 0.712965 r99bos: 3.342 r99fer: 0.018 r99tot: 3.51
 Nb/Nf: 1.90668e+06 Eb/Ef: 2.62834e+06
mass_bos= 0.21928 mass_fer= 8.34289e-08
compactness= 0.0921418
compactness_boson= 0.0656134
E_binding= 0.179758
