mass= 0.342408numbos: 0.167263 numfer: 0.00277529 omega: 0.770545 r99bos: 4.548 r99fer: 1.236 r99tot: 4.728
 Nb/Nf: 60.2688 Eb/Ef: 66.6056
mass_bos= 0.193314 mass_fer= 0.00290237
compactness= 0.0724213
compactness_boson= 0.0425052
E_binding= 0.17237
