mass= 1.56277numbos: 0 numfer: 1.70378 omega: 0.578812 r99bos: 3.288 r99fer: 8.304 r99tot: 8.292
 Nb/Nf: 0 Eb/Ef: 0
mass_bos= 0 mass_fer= 1.85379
compactness= 0.188467
compactness_boson= 0
E_binding= -0.141017
