mass= 0.320973numbos: 0.141919 numfer: 2.08895e-08 omega: 0.710037 r99bos: 3.27 r99fer: 0.006 r99tot: 3.438
 Nb/Nf: 6.7938e+06 Eb/Ef: 5.9578e+06
mass_bos= 0.220237 mass_fer= 3.69661e-08
compactness= 0.0933604
compactness_boson= 0.0673506
E_binding= 0.179054
