mass= 0.322322numbos: 0.142874 numfer: 1.37345e-09 omega: 0.708419 r99bos: 3.27 r99fer: 0.006 r99tot: 3.444
 Nb/Nf: 1.04025e+08 Eb/Ef: 1.53083e+08
mass_bos= 0.220891 mass_fer= 1.44295e-09
compactness= 0.0935893
compactness_boson= 0.0675508
E_binding= 0.179448
