mass= 0.46071numbos: 0.254746 numfer: 0.00272756 omega: 0.581319 r99bos: 3.162 r99fer: 0.9 r99tot: 3.48
 Nb/Nf: 93.3973 Eb/Ef: 97.7869
mass_bos= 0.296748 mass_fer= 0.00303464
compactness= 0.132388
compactness_boson= 0.0938481
E_binding= 0.203236
