mass= 0.319258numbos: 0.140756 numfer: 3.2178e-07 omega: 0.719121 r99bos: 3.372 r99fer: 0.036 r99tot: 3.534
 Nb/Nf: 437429 Eb/Ef: 610667
mass_bos= 0.216286 mass_fer= 3.5418e-07
compactness= 0.090339
compactness_boson= 0.0641418
E_binding= 0.178502
