mass= 0.316852numbos: 0.139087 numfer: 9.33751e-09 omega: 0.722394 r99bos: 3.39 r99fer: 0.012 r99tot: 3.546
 Nb/Nf: 1.48955e+07 Eb/Ef: 2.23172e+07
mass_bos= 0.21463 mass_fer= 9.61723e-09
compactness= 0.0893547
compactness_boson= 0.0633126
E_binding= 0.177765
