mass= 0.327345numbos: 0.146428 numfer: 1.42121e-07 omega: 0.703271 r99bos: 3.264 r99fer: 0.012 r99tot: 3.444
 Nb/Nf: 1.03031e+06 Eb/Ef: 1.18888e+06
mass_bos= 0.223277 mass_fer= 1.87805e-07
compactness= 0.095048
compactness_boson= 0.068406
E_binding= 0.180917
