mass= 1.35139numbos: 0.0806975 numfer: 1.30809 omega: 0.655741 r99bos: 5.856 r99fer: 7.476 r99tot: 7.434
 Nb/Nf: 0.0616913 Eb/Ef: 0.0621309
mass_bos= 0.0893348 mass_fer= 1.43785
compactness= 0.181786
compactness_boson= 0.0152553
E_binding= -0.0373891
