mass= 0.323913numbos: 0.143997 numfer: 3.02377e-09 omega: 0.706475 r99bos: 3.264 r99fer: 0.006 r99tot: 3.438
 Nb/Nf: 4.76217e+07 Eb/Ef: 6.59644e+07
mass_bos= 0.221681 mass_fer= 3.36062e-09
compactness= 0.0942155
compactness_boson= 0.0679171
E_binding= 0.179916
