mass= 0.321043numbos: 0.141972 numfer: 3.29792e-09 omega: 0.709967 r99bos: 3.276 r99fer: 0.006 r99tot: 3.444
 Nb/Nf: 4.30489e+07 Eb/Ef: 5.95571e+07
mass_bos= 0.220279 mass_fer= 3.69862e-09
compactness= 0.093218
compactness_boson= 0.0672401
E_binding= 0.179071
