mass= 1.37603numbos: 0.0822084 numfer: 1.33631 omega: 0.614497 r99bos: 5.31 r99fer: 7.116 r99tot: 7.068
 Nb/Nf: 0.0615188 Eb/Ef: 0.0620233
mass_bos= 0.0926566 mass_fer= 1.4939
compactness= 0.194684
compactness_boson= 0.0174495
E_binding= -0.0424929
