mass= 1.54893numbos: 0 numfer: 1.67747 omega: 0.33352 r99bos: 3.282 r99fer: 6.036 r99tot: 6
 Nb/Nf: 0 Eb/Ef: 0
mass_bos= 0 mass_fer= 2.05415
compactness= 0.258155
compactness_boson= 0
E_binding= -0.128538
