mass= 0.368647numbos: 0.177289 numfer: 0.00388453 omega: 0.632331 r99bos: 2.898 r99fer: 0.762 r99tot: 3.144
 Nb/Nf: 45.6398 Eb/Ef: 49.822
mass_bos= 0.248911 mass_fer= 0.004996
compactness= 0.117254
compactness_boson= 0.0858906
E_binding= 0.187473
