mass= 0.304345numbos: 0.130541 numfer: 1.49854e-05 omega: 0.721431 r99bos: 3.228 r99fer: 0.15 r99tot: 3.378
 Nb/Nf: 8711.21 Eb/Ef: 12253.4
mass_bos= 0.208541 mass_fer= 1.7019e-05
compactness= 0.0900961
compactness_boson= 0.0646039
E_binding= 0.173788
