mass= 0.397094numbos: 0.149128 numfer: 0.0979517 omega: 0.766375 r99bos: 4.56 r99fer: 3.984 r99tot: 4.518
 Nb/Nf: 1.52246 Eb/Ef: 1.67212
mass_bos= 0.174756 mass_fer= 0.104512
compactness= 0.0878916
compactness_boson= 0.0383237
E_binding= 0.150014
