mass= 0.3068numbos: 0.132187 numfer: 6.51651e-06 omega: 0.733699 r99bos: 3.42 r99fer: 0.096 r99tot: 3.558
 Nb/Nf: 20284.9 Eb/Ef: 26426.4
mass_bos= 0.208195 mass_fer= 7.87831e-06
compactness= 0.0862283
compactness_boson= 0.0608758
E_binding= 0.174607
