mass= 0.311743numbos: 0.135566 numfer: 1.04929e-05 omega: 0.72869 r99bos: 3.414 r99fer: 0.102 r99tot: 3.558
 Nb/Nf: 12919.7 Eb/Ef: 15493.5
mass_bos= 0.211252 mass_fer= 1.36349e-05
compactness= 0.0876173
compactness_boson= 0.0618781
E_binding= 0.176166
