mass= 0.328023numbos: 0.146909 numfer: 8.50035e-08 omega: 0.703706 r99bos: 3.276 r99fer: 0.012 r99tot: 3.456
 Nb/Nf: 1.72827e+06 Eb/Ef: 2.18172e+06
mass_bos= 0.223301 mass_fer= 1.02351e-07
compactness= 0.0949141
compactness_boson= 0.0681626
E_binding= 0.181114
