mass= 0.325371numbos: 0.145029 numfer: 2.74962e-09 omega: 0.704852 r99bos: 3.264 r99fer: 0.006 r99tot: 3.438
 Nb/Nf: 5.2745e+07 Eb/Ef: 7.34456e+07
mass_bos= 0.222405 mass_fer= 3.02816e-09
compactness= 0.0946396
compactness_boson= 0.0681388
E_binding= 0.180342
