mass= 0.327368numbos: 0.146445 numfer: 1.48342e-06 omega: 0.703248 r99bos: 3.264 r99fer: 0.054 r99tot: 3.444
 Nb/Nf: 98721.6 Eb/Ef: 129440
mass_bos= 0.223291 mass_fer= 1.72505e-06
compactness= 0.0950546
compactness_boson= 0.0684102
E_binding= 0.180921
