mass= 0.317102numbos: 0.139208 numfer: 1.09931e-09 omega: 0.714534 r99bos: 3.288 r99fer: 0.006 r99tot: 3.45
 Nb/Nf: 1.26633e+08 Eb/Ef: 1.90962e+08
mass_bos= 0.218428 mass_fer= 1.14383e-09
compactness= 0.0919136
compactness_boson= 0.0664318
E_binding= 0.177894
