mass= 0.31701numbos: 0.139391 numfer: 0.000477537 omega: 0.696908 r99bos: 3.084 r99fer: 0.366 r99tot: 3.252
 Nb/Nf: 291.896 Eb/Ef: 351.473
mass_bos= 0.217415 mass_fer= 0.000618583
compactness= 0.0974817
compactness_boson= 0.0704979
E_binding= 0.177142
