mass= 0.453158numbos: 0.243872 numfer: 0.0118291 omega: 0.598896 r99bos: 3.288 r99fer: 1.368 r99tot: 3.588
 Nb/Nf: 20.6163 Eb/Ef: 20.7442
mass_bos= 0.281224 mass_fer= 0.0135568
compactness= 0.126298
compactness_boson= 0.0855305
E_binding= 0.197457
