mass= 0.325053numbos: 0.144809 numfer: 9.13999e-08 omega: 0.71029 r99bos: 3.324 r99fer: 0.018 r99tot: 3.498
 Nb/Nf: 1.58435e+06 Eb/Ef: 2.16605e+06
mass_bos= 0.220527 mass_fer= 1.01811e-07
compactness= 0.0929254
compactness_boson= 0.066344
E_binding= 0.180244
