mass= 0.321012numbos: 0.141949 numfer: 1.26434e-08 omega: 0.709997 r99bos: 3.27 r99fer: 0.006 r99tot: 3.444
 Nb/Nf: 1.12272e+07 Eb/Ef: 1.1885e+07
mass_bos= 0.22026 mass_fer= 1.85327e-08
compactness= 0.0932092
compactness_boson= 0.0673579
E_binding= 0.179063
