mass= 0.323921numbos: 0.144003 numfer: 1.09931e-09 omega: 0.706467 r99bos: 3.264 r99fer: 0.006 r99tot: 3.438
 Nb/Nf: 1.30995e+08 Eb/Ef: 1.93811e+08
mass_bos= 0.221686 mass_fer= 1.14383e-09
compactness= 0.0942179
compactness_boson= 0.0679186
E_binding= 0.179918
