mass= 0.450705numbos: 0.245122 numfer: 0.0054837 omega: 0.60849 r99bos: 3.39 r99fer: 1.164 r99tot: 3.69
 Nb/Nf: 44.7001 Eb/Ef: 46.0446
mass_bos= 0.279316 mass_fer= 0.0060662
compactness= 0.122142
compactness_boson= 0.082394
E_binding= 0.2001
