mass= 0.318592numbos: 0.140249 numfer: 1.65032e-09 omega: 0.712761 r99bos: 3.282 r99fer: 0.006 r99tot: 3.45
 Nb/Nf: 8.49828e+07 Eb/Ef: 1.25177e+08
mass_bos= 0.219142 mass_fer= 1.75066e-09
compactness= 0.0923456
compactness_boson= 0.0667709
E_binding= 0.178344
