mass= 0.309189numbos: 0.133817 numfer: 6.98638e-06 omega: 0.731452 r99bos: 3.42 r99fer: 0.09 r99tot: 3.558
 Nb/Nf: 19154 Eb/Ef: 24065.4
mass_bos= 0.209645 mass_fer= 8.71148e-06
compactness= 0.0868998
compactness_boson= 0.0612997
E_binding= 0.175365
