mass= 0.327835numbos: 0.146775 numfer: 1.6719e-07 omega: 0.704659 r99bos: 3.288 r99fer: 0.018 r99tot: 3.462
 Nb/Nf: 877895 Eb/Ef: 1.10916e+06
mass_bos= 0.222963 mass_fer= 2.0102e-07
compactness= 0.0946952
compactness_boson= 0.0678113
E_binding= 0.18106
