mass= 0.376034numbos: 0.190439 numfer: 0.00175248 omega: 0.714746 r99bos: 4.062 r99fer: 1.044 r99tot: 4.296
 Nb/Nf: 108.668 Eb/Ef: 119.123
mass_bos= 0.218604 mass_fer= 0.00183511
compactness= 0.0875312
compactness_boson= 0.0538169
E_binding= 0.183843
