mass= 0.309177numbos: 0.133809 numfer: 2.83517e-06 omega: 0.731468 r99bos: 3.42 r99fer: 0.072 r99tot: 3.558
 Nb/Nf: 47196 Eb/Ef: 62637.2
mass_bos= 0.20964 mass_fer= 3.34689e-06
compactness= 0.0868962
compactness_boson= 0.0612982
E_binding= 0.175365
