mass= 0.319258numbos: 0.140756 numfer: 9.01456e-08 omega: 0.719121 r99bos: 3.372 r99fer: 0.024 r99tot: 3.534
 Nb/Nf: 1.56143e+06 Eb/Ef: 2.24187e+06
mass_bos= 0.216286 mass_fer= 9.6476e-08
compactness= 0.0903391
compactness_boson= 0.0641418
E_binding= 0.178502
