mass= 0.325054numbos: 0.144809 numfer: 1.07967e-07 omega: 0.710289 r99bos: 3.324 r99fer: 0.018 r99tot: 3.498
 Nb/Nf: 1.34124e+06 Eb/Ef: 1.7814e+06
mass_bos= 0.220528 mass_fer= 1.23795e-07
compactness= 0.0929256
compactness_boson= 0.0663441
E_binding= 0.180244
