mass= 0.319261numbos: 0.140758 numfer: 3.0327e-08 omega: 0.719119 r99bos: 3.372 r99fer: 0.018 r99tot: 3.534
 Nb/Nf: 4.64133e+06 Eb/Ef: 6.85073e+06
mass_bos= 0.216288 mass_fer= 3.15715e-08
compactness= 0.0903397
compactness_boson= 0.0641423
E_binding= 0.178503
