mass= 0.317378numbos: 0.139714 numfer: 0.000200098 omega: 0.696176 r99bos: 3.078 r99fer: 0.294 r99tot: 3.252
 Nb/Nf: 698.229 Eb/Ef: 882.677
mass_bos= 0.217888 mass_fer= 0.000246849
compactness= 0.0975946
compactness_boson= 0.0707889
E_binding= 0.177463
