mass= 1.32215numbos: 0.0714854 numfer: 1.27946 omega: 0.453441 r99bos: 3.516 r99fer: 5.826 r99tot: 5.772
 Nb/Nf: 0.0558718 Eb/Ef: 0.0581701
mass_bos= 0.0907915 mass_fer= 1.56079
compactness= 0.229063
compactness_boson= 0.0258224
E_binding= -0.0287892
