mass= 1.43202numbos: 0.0195587 numfer: 1.49057 omega: 0.429351 r99bos: 3.696 r99fer: 5.598 r99tot: 5.556
 Nb/Nf: 0.0131216 Eb/Ef: 0.0129224
mass_bos= 0.0243633 mass_fer= 1.88536
compactness= 0.257743
compactness_boson= 0.0065918
E_binding= -0.0781084
