mass= 0.320097numbos: 0.141306 numfer: 6.8727e-09 omega: 0.711062 r99bos: 3.276 r99fer: 0.006 r99tot: 3.444
 Nb/Nf: 2.05604e+07 Eb/Ef: 2.55245e+07
mass_bos= 0.219839 mass_fer= 8.61287e-09
compactness= 0.0929434
compactness_boson= 0.067106
E_binding= 0.178792
