mass= 0.459514numbos: 0.252739 numfer: 0.00490722 omega: 0.588154 r99bos: 3.228 r99fer: 1.068 r99tot: 3.54
 Nb/Nf: 51.5035 Eb/Ef: 52.9345
mass_bos= 0.291875 mass_fer= 0.0055139
compactness= 0.129806
compactness_boson= 0.0904199
E_binding= 0.201868
