mass= 0.418729numbos: 0.214086 numfer: 0.0127886 omega: 0.594928 r99bos: 2.946 r99fer: 1.194 r99tot: 3.228
 Nb/Nf: 16.7404 Eb/Ef: 17.0347
mass_bos= 0.27244 mass_fer= 0.0159932
compactness= 0.129718
compactness_boson= 0.0924778
E_binding= 0.191855
