mass= 0.327283numbos: 0.146384 numfer: 6.12629e-09 omega: 0.706086 r99bos: 3.3 r99fer: 0.006 r99tot: 3.474
 Nb/Nf: 2.38944e+07 Eb/Ef: 3.47471e+07
mass_bos= 0.222389 mass_fer= 6.40022e-09
compactness= 0.0942092
compactness_boson= 0.0673906
E_binding= 0.180899
