mass= 0.327871numbos: 0.146802 numfer: 8.92217e-07 omega: 0.703225 r99bos: 3.27 r99fer: 0.042 r99tot: 3.45
 Nb/Nf: 164536 Eb/Ef: 218559
mass_bos= 0.223412 mass_fer= 1.02221e-06
compactness= 0.0950351
compactness_boson= 0.0683217
E_binding= 0.181068
