mass= 0.321469numbos: 0.142296 numfer: 2.77466e-07 omega: 0.71594 r99bos: 3.36 r99fer: 0.03 r99tot: 3.522
 Nb/Nf: 512841 Eb/Ef: 694571
mass_bos= 0.217853 mass_fer= 3.13651e-07
compactness= 0.0912745
compactness_boson= 0.0648371
E_binding= 0.179172
