mass= 0.452707numbos: 0.22121 numfer: 0.0487352 omega: 0.598376 r99bos: 3.192 r99fer: 2.136 r99tot: 3.438
 Nb/Nf: 4.53902 Eb/Ef: 4.52399
mass_bos= 0.26213 mass_fer= 0.0579422
compactness= 0.131677
compactness_boson= 0.0821208
E_binding= 0.182762
