mass= 0.329585numbos: 0.159842 numfer: 0.00117348 omega: 0.797715 r99bos: 4.872 r99fer: 1.044 r99tot: 5.034
 Nb/Nf: 136.211 Eb/Ef: 152.417
mass_bos= 0.184537 mass_fer= 0.00121074
compactness= 0.0654719
compactness_boson= 0.0378771
E_binding= 0.16857
