mass= 1.43133numbos: 0.0407168 numfer: 1.46382 omega: 0.459778 r99bos: 3.9 r99fer: 5.862 r99tot: 5.814
 Nb/Nf: 0.0278154 Eb/Ef: 0.0276647
mass_bos= 0.0497363 mass_fer= 1.79782
compactness= 0.246186
compactness_boson= 0.0127529
E_binding= -0.0732116
