mass= 0.3239numbos: 0.143987 numfer: 7.42099e-09 omega: 0.706489 r99bos: 3.264 r99fer: 0.006 r99tot: 3.438
 Nb/Nf: 1.94026e+07 Eb/Ef: 2.34577e+07
mass_bos= 0.221673 mass_fer= 9.44989e-09
compactness= 0.0942116
compactness_boson= 0.0679146
E_binding= 0.179913
