mass= 0.41265numbos: 0.211569 numfer: 0.00754631 omega: 0.597551 r99bos: 2.928 r99fer: 1.002 r99tot: 3.21
 Nb/Nf: 28.036 Eb/Ef: 29.1186
mass_bos= 0.272699 mass_fer= 0.00936511
compactness= 0.128551
compactness_boson= 0.093135
E_binding= 0.193535
