mass= 0.314297numbos: 0.137322 numfer: 1.96179e-07 omega: 0.725655 r99bos: 3.402 r99fer: 0.03 r99tot: 3.552
 Nb/Nf: 699984 Eb/Ef: 991781
mass_bos= 0.212921 mass_fer= 2.14685e-07
compactness= 0.0884846
compactness_boson= 0.0625869
E_binding= 0.176975
