mass= 0.378217numbos: 0.185709 numfer: 0.0138234 omega: 0.713156 r99bos: 4.026 r99fer: 1.758 r99tot: 4.236
 Nb/Nf: 13.4344 Eb/Ef: 14.2991
mass_bos= 0.214363 mass_fer= 0.0149914
compactness= 0.0892864
compactness_boson= 0.0532447
E_binding= 0.178685
