mass= 0.322294numbos: 0.142853 numfer: 1.12699e-08 omega: 0.708446 r99bos: 3.27 r99fer: 0.006 r99tot: 3.438
 Nb/Nf: 1.26756e+07 Eb/Ef: 1.38486e+07
mass_bos= 0.220875 mass_fer= 1.59492e-08
compactness= 0.0937447
compactness_boson= 0.0675457
E_binding= 0.179441
