mass= 0.327349numbos: 0.146431 numfer: 3.02077e-08 omega: 0.703267 r99bos: 3.264 r99fer: 0.006 r99tot: 3.444
 Nb/Nf: 4.84749e+06 Eb/Ef: 6.01021e+06
mass_bos= 0.22328 mass_fer= 3.71501e-08
compactness= 0.0950491
compactness_boson= 0.0684068
E_binding= 0.180918
