mass= 0.425036numbos: 0.222308 numfer: 0.00687661 omega: 0.590231 r99bos: 2.958 r99fer: 1.002 r99tot: 3.252
 Nb/Nf: 32.3282 Eb/Ef: 33.4605
mass_bos= 0.279906 mass_fer= 0.00836528
compactness= 0.1307
compactness_boson= 0.0946268
E_binding= 0.195851
