mass= 1.41249numbos: 0.0364556 numfer: 1.44335 omega: 0.442557 r99bos: 3.726 r99fer: 5.7 r99tot: 5.652
 Nb/Nf: 0.0252576 Eb/Ef: 0.0251148
mass_bos= 0.0452174 mass_fer= 1.80043
compactness= 0.249909
compactness_boson= 0.0121357
E_binding= -0.0673245
