mass= 0.423879numbos: 0.213764 numfer: 0.0213282 omega: 0.593461 r99bos: 2.964 r99fer: 1.434 r99tot: 3.234
 Nb/Nf: 10.0226 Eb/Ef: 10.071
mass_bos= 0.269574 mass_fer= 0.0267675
compactness= 0.131069
compactness_boson= 0.0909494
E_binding= 0.188787
