mass= 0.398713numbos: 0.199313 numfer: 0.00900364 omega: 0.607304 r99bos: 2.91 r99fer: 1.032 r99tot: 3.174
 Nb/Nf: 22.1369 Eb/Ef: 23.0424
mass_bos= 0.263699 mass_fer= 0.0114441
compactness= 0.125618
compactness_boson= 0.0906183
E_binding= 0.190397
