mass= 0.320097numbos: 0.141305 numfer: 7.69514e-09 omega: 0.711062 r99bos: 3.276 r99fer: 0.006 r99tot: 3.444
 Nb/Nf: 1.83629e+07 Eb/Ef: 2.22583e+07
mass_bos= 0.219839 mass_fer= 9.87672e-09
compactness= 0.0929434
compactness_boson= 0.0671059
E_binding= 0.178792
