mass= 0.32147numbos: 0.142297 numfer: 4.94032e-07 omega: 0.715938 r99bos: 3.36 r99fer: 0.036 r99tot: 3.522
 Nb/Nf: 288032 Eb/Ef: 379708
mass_bos= 0.217853 mass_fer= 5.7374e-07
compactness= 0.0912749
compactness_boson= 0.0648373
E_binding= 0.179173
