mass= 0.311736numbos: 0.135561 numfer: 8.35559e-06 omega: 0.728698 r99bos: 3.414 r99fer: 0.096 r99tot: 3.558
 Nb/Nf: 16224 Eb/Ef: 19787.4
mass_bos= 0.211249 mass_fer= 1.0676e-05
compactness= 0.0876155
compactness_boson= 0.0618773
E_binding= 0.176166
