mass= 0.426295numbos: 0.218101 numfer: 0.0172166 omega: 0.591845 r99bos: 2.976 r99fer: 1.338 r99tot: 3.252
 Nb/Nf: 12.6681 Eb/Ef: 12.7455
mass_bos= 0.273429 mass_fer= 0.021453
compactness= 0.131087
compactness_boson= 0.0918781
E_binding= 0.190977
