mass= 0.325366numbos: 0.145025 numfer: 4.11595e-08 omega: 0.704857 r99bos: 3.258 r99fer: 0.006 r99tot: 3.438
 Nb/Nf: 3.52349e+06 Eb/Ef: 3.97923e+06
mass_bos= 0.222402 mass_fer= 5.58908e-08
compactness= 0.0946382
compactness_boson= 0.0682634
E_binding= 0.180341
