mass= 1.15318numbos: 0.112477 numfer: 1.01535 omega: 0.504217 r99bos: 3.45 r99fer: 6.366 r99tot: 6.3
 Nb/Nf: 0.110776 Eb/Ef: 0.121228
mass_bos= 0.141404 mass_fer= 1.16643
compactness= 0.183044
compactness_boson= 0.0409868
E_binding= 0.0253507
