mass= 0.319267numbos: 0.140762 numfer: 2.6335e-06 omega: 0.719109 r99bos: 3.372 r99fer: 0.06 r99tot: 3.534
 Nb/Nf: 53450.5 Eb/Ef: 64742.2
mass_bos= 0.21629 mass_fer= 3.3408e-06
compactness= 0.0903415
compactness_boson= 0.0641431
E_binding= 0.178502
