mass= 0.45288numbos: 0.246583 numfer: 0.00589279 omega: 0.58136 r99bos: 3.096 r99fer: 1.05 r99tot: 3.408
 Nb/Nf: 41.8448 Eb/Ef: 42.8993
mass_bos= 0.292721 mass_fer= 0.00682345
compactness= 0.132887
compactness_boson= 0.0945481
E_binding= 0.200405
