mass= 0.31784numbos: 0.139721 numfer: 1.23692e-08 omega: 0.713628 r99bos: 3.282 r99fer: 0.006 r99tot: 3.45
 Nb/Nf: 1.12959e+07 Eb/Ef: 1.21506e+07
mass_bos= 0.218782 mass_fer= 1.80059e-08
compactness= 0.0921276
compactness_boson= 0.0666613
E_binding= 0.178119
