mass= 0.321001numbos: 0.141941 numfer: 1.70406e-08 omega: 0.710008 r99bos: 3.27 r99fer: 0.006 r99tot: 3.444
 Nb/Nf: 8.32956e+06 Eb/Ef: 7.94031e+06
mass_bos= 0.220254 mass_fer= 2.77387e-08
compactness= 0.093206
compactness_boson= 0.0673559
E_binding= 0.179061
