mass= 0.43881numbos: 0.211335 numfer: 0.0458274 omega: 0.589884 r99bos: 3 r99fer: 1.968 r99tot: 3.24
 Nb/Nf: 4.61154 Eb/Ef: 4.62004
mass_bos= 0.262183 mass_fer= 0.056749
compactness= 0.135435
compactness_boson= 0.0873943
E_binding= 0.181648
