mass= 0.324419numbos: 0.144837 numfer: 5.9367e-05 omega: 0.684924 r99bos: 3.018 r99fer: 0.228 r99tot: 3.21
 Nb/Nf: 2439.7 Eb/Ef: 3288.39
mass_bos= 0.222853 mass_fer= 6.77697e-05
compactness= 0.101065
compactness_boson= 0.0738414
E_binding= 0.179522
