mass= 0.318528numbos: 0.1402 numfer: 1.84168e-08 omega: 0.712826 r99bos: 3.276 r99fer: 0.006 r99tot: 3.444
 Nb/Nf: 7.61264e+06 Eb/Ef: 7.08784e+06
mass_bos= 0.219103 mass_fer= 3.09125e-08
compactness= 0.0924877
compactness_boson= 0.0668813
E_binding= 0.178327
