mass= 0.321006numbos: 0.141944 numfer: 1.62182e-08 omega: 0.710004 r99bos: 3.27 r99fer: 0.006 r99tot: 3.444
 Nb/Nf: 8.75217e+06 Eb/Ef: 8.50132e+06
mass_bos= 0.220256 mass_fer= 2.59085e-08
compactness= 0.0932073
compactness_boson= 0.0673567
E_binding= 0.179062
