mass= 0.449959numbos: 0.229745 numfer: 0.0316072 omega: 0.600169 r99bos: 3.234 r99fer: 1.83 r99tot: 3.504
 Nb/Nf: 7.26874 Eb/Ef: 7.2176
mass_bos= 0.26931 mass_fer= 0.0373129
compactness= 0.128413
compactness_boson= 0.0832745
E_binding= 0.188608
