mass= 0.323913numbos: 0.143997 numfer: 3.29792e-09 omega: 0.706475 r99bos: 3.264 r99fer: 0.006 r99tot: 3.438
 Nb/Nf: 4.36631e+07 Eb/Ef: 5.99364e+07
mass_bos= 0.221682 mass_fer= 3.69862e-09
compactness= 0.0942157
compactness_boson= 0.0679171
E_binding= 0.179916
