mass= 0.302918numbos: 0.129546 numfer: 2.4851e-07 omega: 0.735999 r99bos: 3.402 r99fer: 0.042 r99tot: 3.534
 Nb/Nf: 521291 Eb/Ef: 785061
mass_bos= 0.206038 mass_fer= 2.62448e-07
compactness= 0.0857153
compactness_boson= 0.0605637
E_binding= 0.173372
