mass= 1.32977numbos: 0.0934402 numfer: 1.26105 omega: 0.565443 r99bos: 4.548 r99fer: 6.636 r99tot: 6.582
 Nb/Nf: 0.0740972 Eb/Ef: 0.0757696
mass_bos= 0.109128 mass_fer= 1.44025
compactness= 0.202031
compactness_boson= 0.0239946
E_binding= -0.024722
