mass= 0.428443numbos: 0.228364 numfer: 0.00337105 omega: 0.641742 r99bos: 3.6 r99fer: 1.11 r99tot: 3.882
 Nb/Nf: 67.7426 Eb/Ef: 71.5019
mass_bos= 0.259307 mass_fer= 0.00362658
compactness= 0.110367
compactness_boson= 0.0720298
E_binding= 0.196708
