mass= 0.306798numbos: 0.132185 numfer: 5.70947e-06 omega: 0.733702 r99bos: 3.42 r99fer: 0.09 r99tot: 3.558
 Nb/Nf: 23151.9 Eb/Ef: 30209.5
mass_bos= 0.208194 mass_fer= 6.89169e-06
compactness= 0.0862277
compactness_boson= 0.0608756
E_binding= 0.174607
