mass= 0.627317numbos: 0.140799 numfer: 0.366036 omega: 0.697064 r99bos: 4.23 r99fer: 6.102 r99tot: 5.976
 Nb/Nf: 0.38466 Eb/Ef: 0.426371
mass_bos= 0.16728 mass_fer= 0.392334
compactness= 0.104973
compactness_boson= 0.0395461
E_binding= 0.120481
