mass= 0.430222numbos: 0.212033 numfer: 0.0332384 omega: 0.591852 r99bos: 2.976 r99fer: 1.71 r99tot: 3.234
 Nb/Nf: 6.37915 Eb/Ef: 6.38626
mass_bos= 0.265445 mass_fer= 0.041565
compactness= 0.133031
compactness_boson= 0.0891953
E_binding= 0.184951
