mass= 0.321468numbos: 0.142295 numfer: 1.72225e-07 omega: 0.715941 r99bos: 3.36 r99fer: 0.024 r99tot: 3.522
 Nb/Nf: 826220 Eb/Ef: 1.11738e+06
mass_bos= 0.217852 mass_fer= 1.94967e-07
compactness= 0.0912742
compactness_boson= 0.0648369
E_binding= 0.179172
