mass= 0.44548numbos: 0.224658 numfer: 0.0337215 omega: 0.590318 r99bos: 3.084 r99fer: 1.776 r99tot: 3.354
 Nb/Nf: 6.66217 Eb/Ef: 6.60444
mass_bos= 0.270882 mass_fer= 0.0410151
compactness= 0.13282
compactness_boson= 0.0878346
E_binding= 0.1871
