mass= 0.427726numbos: 0.226795 numfer: 0.00541557 omega: 0.642194 r99bos: 3.594 r99fer: 1.236 r99tot: 3.876
 Nb/Nf: 41.8783 Eb/Ef: 43.767
mass_bos= 0.257932 mass_fer= 0.00589329
compactness= 0.110352
compactness_boson= 0.0717673
E_binding= 0.195516
