mass= 0.319267numbos: 0.14072 numfer: 1.78658e-08 omega: 0.711993 r99bos: 3.276 r99fer: 0.006 r99tot: 3.444
 Nb/Nf: 7.87651e+06 Eb/Ef: 7.40758e+06
mass_bos= 0.21945 mass_fer= 2.9625e-08
compactness= 0.0927025
compactness_boson= 0.0669871
E_binding= 0.178548
