mass= 0.317082numbos: 0.139194 numfer: 1.07189e-08 omega: 0.714554 r99bos: 3.288 r99fer: 0.006 r99tot: 3.45
 Nb/Nf: 1.29858e+07 Eb/Ef: 1.4608e+07
mass_bos= 0.218416 mass_fer= 1.49518e-08
compactness= 0.091908
compactness_boson= 0.0664282
E_binding= 0.177889
