mass= 0.309205numbos: 0.133827 numfer: 1.21467e-05 omega: 0.731435 r99bos: 3.42 r99fer: 0.108 r99tot: 3.564
 Nb/Nf: 11017.6 Eb/Ef: 13425
mass_bos= 0.209651 mass_fer= 1.56165e-05
compactness= 0.0867578
compactness_boson= 0.0613015
E_binding= 0.175365
