mass= 0.32104numbos: 0.141969 numfer: 3.84893e-09 omega: 0.70997 r99bos: 3.276 r99fer: 0.006 r99tot: 3.444
 Nb/Nf: 3.68855e+07 Eb/Ef: 5.01232e+07
mass_bos= 0.220277 mass_fer= 4.39471e-09
compactness= 0.0932171
compactness_boson= 0.0672396
E_binding= 0.17907
