mass= 1.42618numbos: 0.0394142 numfer: 1.45844 omega: 0.45455 r99bos: 3.846 r99fer: 5.814 r99tot: 5.766
 Nb/Nf: 0.0270249 Eb/Ef: 0.0268747
mass_bos= 0.0483583 mass_fer= 1.7994
compactness= 0.247344
compactness_boson= 0.0125737
E_binding= -0.0716679
