mass= 0.301752numbos: 0.12875 numfer: 4.17254e-05 omega: 0.73563 r99bos: 3.384 r99fer: 0.162 r99tot: 3.516
 Nb/Nf: 3085.65 Eb/Ef: 3825.27
mass_bos= 0.205498 mass_fer= 5.37212e-05
compactness= 0.0858225
compactness_boson= 0.0607264
E_binding= 0.17296
