mass= 0.3193numbos: 0.140744 numfer: 1.26434e-08 omega: 0.71196 r99bos: 3.282 r99fer: 0.006 r99tot: 3.444
 Nb/Nf: 1.11319e+07 Eb/Ef: 1.18423e+07
mass_bos= 0.219469 mass_fer= 1.85327e-08
compactness= 0.092712
compactness_boson= 0.0668706
E_binding= 0.178556
