mass= 0.327279numbos: 0.146381 numfer: 2.84339e-07 omega: 0.706089 r99bos: 3.3 r99fer: 0.024 r99tot: 3.474
 Nb/Nf: 514809 Eb/Ef: 647365
mass_bos= 0.222386 mass_fer= 3.43526e-07
compactness= 0.0942081
compactness_boson= 0.0673898
E_binding= 0.180898
