mass= 0.306783numbos: 0.132175 numfer: 6.05428e-07 omega: 0.73372 r99bos: 3.42 r99fer: 0.054 r99tot: 3.558
 Nb/Nf: 218317 Eb/Ef: 318488
mass_bos= 0.208188 mass_fer= 6.53677e-07
compactness= 0.0862235
compactness_boson= 0.0608738
E_binding= 0.174607
