mass= 0.301075numbos: 0.128293 numfer: 6.11013e-07 omega: 0.734189 r99bos: 3.354 r99fer: 0.06 r99tot: 3.492
 Nb/Nf: 209967 Eb/Ef: 317661
mass_bos= 0.205386 mass_fer= 6.46559e-07
compactness= 0.0862186
compactness_boson= 0.0612362
E_binding= 0.172782
