mass= 0.351846numbos: 0.165354 numfer: 0.00038952 omega: 0.64929 r99bos: 2.916 r99fer: 0.396 r99tot: 3.144
 Nb/Nf: 424.507 Eb/Ef: 521.117
mass_bos= 0.240758 mass_fer= 0.000462004
compactness= 0.11191
compactness_boson= 0.0825645
E_binding= 0.186102
