mass= 0.317768numbos: 0.139667 numfer: 2.08895e-08 omega: 0.713703 r99bos: 3.276 r99fer: 0.006 r99tot: 3.444
 Nb/Nf: 6.68598e+06 Eb/Ef: 5.91727e+06
mass_bos= 0.218739 mass_fer= 3.69661e-08
compactness= 0.092267
compactness_boson= 0.06677
E_binding= 0.178101
