mass= 0.420861numbos: 0.217004 numfer: 0.0105752 omega: 0.59336 r99bos: 2.952 r99fer: 1.128 r99tot: 3.234
 Nb/Nf: 20.5202 Eb/Ef: 20.9698
mass_bos= 0.275084 mass_fer= 0.0131181
compactness= 0.130136
compactness_boson= 0.0931856
E_binding= 0.193282
