mass= 0.301684numbos: 0.128707 numfer: 1.19395e-06 omega: 0.735681 r99bos: 3.384 r99fer: 0.072 r99tot: 3.516
 Nb/Nf: 107799 Eb/Ef: 159625
mass_bos= 0.205488 mass_fer= 1.28731e-06
compactness= 0.0858031
compactness_boson= 0.0607233
E_binding= 0.172975
