mass= 0.443288numbos: 0.237218 numfer: 0.00825769 omega: 0.583526 r99bos: 3.036 r99fer: 1.11 r99tot: 3.342
 Nb/Nf: 28.7269 Eb/Ef: 29.2453
mass_bos= 0.287526 mass_fer= 0.00983153
compactness= 0.132642
compactness_boson= 0.0947057
E_binding= 0.197813
