mass= 0.316842numbos: 0.13908 numfer: 8.22276e-08 omega: 0.722403 r99bos: 3.39 r99fer: 0.024 r99tot: 3.546
 Nb/Nf: 1.6914e+06 Eb/Ef: 2.45634e+06
mass_bos= 0.214624 mass_fer= 8.73754e-08
compactness= 0.0893521
compactness_boson= 0.0633109
E_binding= 0.177762
