mass= 1.44823numbos: 0 numfer: 1.56364 omega: 0.647732 r99bos: 3.288 r99fer: 8.916 r99tot: 8.916
 Nb/Nf: 0 Eb/Ef: 0
mass_bos= 0 mass_fer= 1.66748
compactness= 0.16243
compactness_boson= 0
E_binding= -0.115414
