mass= 0.517073numbos: 0.193741 numfer: 0.165127 omega: 0.591212 r99bos: 3.198 r99fer: 3.774 r99tot: 3.678
 Nb/Nf: 1.17329 Eb/Ef: 1.22418
mass_bos= 0.232918 mass_fer= 0.190264
compactness= 0.140585
compactness_boson= 0.0728323
E_binding= 0.158205
