mass= 0.320083numbos: 0.141295 numfer: 1.34685e-08 omega: 0.711077 r99bos: 3.276 r99fer: 0.006 r99tot: 3.444
 Nb/Nf: 1.04907e+07 Eb/Ef: 1.09088e+07
mass_bos= 0.21983 mass_fer= 2.01516e-08
compactness= 0.0929392
compactness_boson= 0.0671033
E_binding= 0.178788
