mass= 0.328031numbos: 0.146915 numfer: 1.05753e-08 omega: 0.703698 r99bos: 3.276 r99fer: 0.006 r99tot: 3.456
 Nb/Nf: 1.38923e+07 Eb/Ef: 1.93359e+07
mass_bos= 0.223306 mass_fer= 1.15487e-08
compactness= 0.0949164
compactness_boson= 0.0681641
E_binding= 0.181116
