mass= 0.322307numbos: 0.142862 numfer: 6.32169e-09 omega: 0.708434 r99bos: 3.27 r99fer: 0.006 r99tot: 3.444
 Nb/Nf: 2.25988e+07 Eb/Ef: 2.834e+07
mass_bos= 0.220882 mass_fer= 7.79401e-09
compactness= 0.093585
compactness_boson= 0.0675481
E_binding= 0.179444
