mass= 0.325057numbos: 0.144812 numfer: 4.67447e-07 omega: 0.710286 r99bos: 3.324 r99fer: 0.03 r99tot: 3.498
 Nb/Nf: 309793 Eb/Ef: 383368
mass_bos= 0.220529 mass_fer= 5.75242e-07
compactness= 0.0929264
compactness_boson= 0.0663446
E_binding= 0.180245
