mass= 0.32342numbos: 0.143662 numfer: 5.49154e-09 omega: 0.712962 r99bos: 3.342 r99fer: 0.006 r99tot: 3.51
 Nb/Nf: 2.61606e+07 Eb/Ef: 3.83112e+07
mass_bos= 0.219281 mass_fer= 5.72369e-09
compactness= 0.0921425
compactness_boson= 0.0656138
E_binding= 0.179758
