mass= 0.317861numbos: 0.139736 numfer: 4.39722e-09 omega: 0.713608 r99bos: 3.288 r99fer: 0.006 r99tot: 3.45
 Nb/Nf: 3.17783e+07 Eb/Ef: 4.28205e+07
mass_bos= 0.218795 mass_fer= 5.10957e-09
compactness= 0.0921336
compactness_boson= 0.0665434
E_binding= 0.178124
