mass= 0.306786numbos: 0.132177 numfer: 1.74477e-06 omega: 0.733716 r99bos: 3.42 r99fer: 0.066 r99tot: 3.558
 Nb/Nf: 75756.1 Eb/Ef: 105057
mass_bos= 0.208189 mass_fer= 1.98168e-06
compactness= 0.0862243
compactness_boson= 0.0608741
E_binding= 0.174607
