mass= 0.309173numbos: 0.133806 numfer: 1.64916e-06 omega: 0.731473 r99bos: 3.42 r99fer: 0.066 r99tot: 3.558
 Nb/Nf: 81136.2 Eb/Ef: 111942
mass_bos= 0.209638 mass_fer= 1.87274e-06
compactness= 0.0868952
compactness_boson= 0.0612977
E_binding= 0.175365
