mass= 0.309169numbos: 0.133804 numfer: 4.207e-07 omega: 0.731477 r99bos: 3.42 r99fer: 0.042 r99tot: 3.558
 Nb/Nf: 318051 Eb/Ef: 454470
mass_bos= 0.209637 mass_fer= 4.61277e-07
compactness= 0.0868941
compactness_boson= 0.0612972
E_binding= 0.175365
