mass= 0.307444numbos: 0.132671 numfer: 0.000197928 omega: 0.714568 r99bos: 3.186 r99fer: 0.276 r99tot: 3.336
 Nb/Nf: 670.297 Eb/Ef: 829.734
mass_bos= 0.21076 mass_fer= 0.000254009
compactness= 0.0921595
compactness_boson= 0.0661519
E_binding= 0.174575
