mass= 0.3143numbos: 0.137324 numfer: 6.91118e-07 omega: 0.725652 r99bos: 3.402 r99fer: 0.048 r99tot: 3.552
 Nb/Nf: 198699 Eb/Ef: 275991
mass_bos= 0.212922 mass_fer= 7.71483e-07
compactness= 0.0884853
compactness_boson= 0.0625874
E_binding= 0.176975
