mass= 0.368271numbos: 0.145793 numfer: 0.0717559 omega: 0.799306 r99bos: 4.962 r99fer: 3.672 r99tot: 4.938
 Nb/Nf: 2.03179 Eb/Ef: 2.2314
mass_bos= 0.169683 mass_fer= 0.0760432
compactness= 0.0745789
compactness_boson= 0.0341965
E_binding= 0.150722
