mass= 0.3171numbos: 0.139207 numfer: 2.19861e-09 omega: 0.714536 r99bos: 3.288 r99fer: 0.006 r99tot: 3.45
 Nb/Nf: 6.33158e+07 Eb/Ef: 9.19033e+07
mass_bos= 0.218427 mass_fer= 2.3767e-09
compactness= 0.0919131
compactness_boson= 0.0664314
E_binding= 0.177893
