mass= 0.327856numbos: 0.146791 numfer: 2.78517e-08 omega: 0.70324 r99bos: 3.27 r99fer: 0.006 r99tot: 3.45
 Nb/Nf: 5.27044e+06 Eb/Ef: 6.65801e+06
mass_bos= 0.223403 mass_fer= 3.3554e-08
compactness= 0.0950307
compactness_boson= 0.0683189
E_binding= 0.181065
