mass= 0.324339numbos: 0.144765 numfer: 0.000140731 omega: 0.685104 r99bos: 3.024 r99fer: 0.276 r99tot: 3.21
 Nb/Nf: 1028.66 Eb/Ef: 1332.09
mass_bos= 0.222735 mass_fer= 0.000167207
compactness= 0.10104
compactness_boson= 0.0736558
E_binding= 0.179433
