mass= 0.316848numbos: 0.139084 numfer: 1.58974e-06 omega: 0.722396 r99bos: 3.39 r99fer: 0.054 r99tot: 3.546
 Nb/Nf: 87488.2 Eb/Ef: 112267
mass_bos= 0.214627 mass_fer= 1.91175e-06
compactness= 0.0893535
compactness_boson= 0.0633117
E_binding= 0.177762
