mass= 0.322273numbos: 0.142837 numfer: 1.4842e-08 omega: 0.708468 r99bos: 3.264 r99fer: 0.006 r99tot: 3.438
 Nb/Nf: 9.62382e+06 Eb/Ef: 9.62041e+06
mass_bos= 0.220861 mass_fer= 2.29576e-08
compactness= 0.0937384
compactness_boson= 0.0676659
E_binding= 0.179436
