mass= 0.314298numbos: 0.137323 numfer: 3.65619e-07 omega: 0.725654 r99bos: 3.402 r99fer: 0.036 r99tot: 3.552
 Nb/Nf: 375591 Eb/Ef: 521177
mass_bos= 0.212921 mass_fer= 4.08539e-07
compactness= 0.0884848
compactness_boson= 0.062587
E_binding= 0.176975
