mass= 0.32148numbos: 0.142304 numfer: 2.93714e-06 omega: 0.715924 r99bos: 3.36 r99fer: 0.06 r99tot: 3.522
 Nb/Nf: 48450 Eb/Ef: 56680.2
mass_bos= 0.217859 mass_fer= 3.84364e-06
compactness= 0.0912778
compactness_boson= 0.0648389
E_binding= 0.179173
