mass= 0.323896numbos: 0.143984 numfer: 8.37775e-08 omega: 0.706492 r99bos: 3.264 r99fer: 0.006 r99tot: 3.438
 Nb/Nf: 1.71865e+06 Eb/Ef: 1.80071e+06
mass_bos= 0.221671 mass_fer= 1.23102e-07
compactness= 0.0942105
compactness_boson= 0.0679139
E_binding= 0.179912
