mass= 0.427133numbos: 0.224941 numfer: 0.00811994 omega: 0.642517 r99bos: 3.588 r99fer: 1.368 r99tot: 3.864
 Nb/Nf: 27.7023 Eb/Ef: 28.7082
mass_bos= 0.256323 mass_fer= 0.00892858
compactness= 0.110542
compactness_boson= 0.0714391
E_binding= 0.194073
