mass= 0.322281numbos: 0.142843 numfer: 1.62182e-08 omega: 0.708459 r99bos: 3.27 r99fer: 0.006 r99tot: 3.438
 Nb/Nf: 8.80762e+06 Eb/Ef: 8.52488e+06
mass_bos= 0.220867 mass_fer= 2.59085e-08
compactness= 0.093741
compactness_boson= 0.0675434
E_binding= 0.179438
