mass= 0.31926numbos: 0.140757 numfer: 8.65673e-07 omega: 0.719118 r99bos: 3.372 r99fer: 0.042 r99tot: 3.534
 Nb/Nf: 162598 Eb/Ef: 208447
mass_bos= 0.216287 mass_fer= 1.03761e-06
compactness= 0.0903395
compactness_boson= 0.0641421
E_binding= 0.178502
