mass= 1.17378numbos: 0.108896 numfer: 1.04521 omega: 0.593236 r99bos: 4.326 r99fer: 6.876 r99tot: 6.816
 Nb/Nf: 0.104185 Eb/Ef: 0.111905
mass_bos= 0.130307 mass_fer= 1.16444
compactness= 0.17221
compactness_boson= 0.0301217
E_binding= 0.0196746
