mass= 0.320106numbos: 0.141312 numfer: 3.02377e-09 omega: 0.711053 r99bos: 3.282 r99fer: 0.006 r99tot: 3.444
 Nb/Nf: 4.67338e+07 Eb/Ef: 6.54179e+07
mass_bos= 0.219844 mass_fer= 3.36062e-09
compactness= 0.092946
compactness_boson= 0.0669849
E_binding= 0.178794
