mass= 0.465835numbos: 0.204785 numfer: 0.0892744 omega: 0.585607 r99bos: 3.036 r99fer: 2.712 r99tot: 3.216
 Nb/Nf: 2.29388 Eb/Ef: 2.33483
mass_bos= 0.251034 mass_fer= 0.107517
compactness= 0.144849
compactness_boson= 0.0826859
E_binding= 0.171776
