mass= 0.317806numbos: 0.139695 numfer: 1.73175e-08 omega: 0.713664 r99bos: 3.282 r99fer: 0.006 r99tot: 3.444
 Nb/Nf: 8.06672e+06 Eb/Ef: 7.7121e+06
mass_bos= 0.218761 mass_fer= 2.8366e-08
compactness= 0.092278
compactness_boson= 0.0666549
E_binding= 0.17811
