mass= 0.314299numbos: 0.137324 numfer: 3.32895e-07 omega: 0.725653 r99bos: 3.402 r99fer: 0.036 r99tot: 3.552
 Nb/Nf: 412514 Eb/Ef: 575628
mass_bos= 0.212922 mass_fer= 3.69895e-07
compactness= 0.0884852
compactness_boson= 0.0625873
E_binding= 0.176975
