mass= 0.316843numbos: 0.139081 numfer: 4.1796e-08 omega: 0.722402 r99bos: 3.39 r99fer: 0.018 r99tot: 3.546
 Nb/Nf: 3.32761e+06 Eb/Ef: 4.84768e+06
mass_bos= 0.214624 mass_fer= 4.42737e-08
compactness= 0.0893523
compactness_boson= 0.063311
E_binding= 0.177762
