mass= 0.309174numbos: 0.133807 numfer: 1.92411e-06 omega: 0.731472 r99bos: 3.42 r99fer: 0.066 r99tot: 3.558
 Nb/Nf: 69542.4 Eb/Ef: 94307.2
mass_bos= 0.209639 mass_fer= 2.22293e-06
compactness= 0.0868954
compactness_boson= 0.0612978
E_binding= 0.175365
