mass= 1.02349numbos: 0.131099 numfer: 0.834644 omega: 0.516962 r99bos: 3.33 r99fer: 6.3 r99tot: 6.222
 Nb/Nf: 0.157071 Eb/Ef: 0.17239
mass_bos= 0.163593 mass_fer= 0.948973
compactness= 0.164496
compactness_boson= 0.0491272
E_binding= 0.0577491
