mass= 0.328036numbos: 0.146919 numfer: 9.76511e-07 omega: 0.703693 r99bos: 3.276 r99fer: 0.042 r99tot: 3.456
 Nb/Nf: 150453 Eb/Ef: 193550
mass_bos= 0.223308 mass_fer= 1.15375e-06
compactness= 0.0949178
compactness_boson= 0.0681649
E_binding= 0.181116
