mass= 0.441129numbos: 0.226953 numfer: 0.0237852 omega: 0.588618 r99bos: 3.054 r99fer: 1.542 r99tot: 3.33
 Nb/Nf: 9.54177 Eb/Ef: 9.47817
mass_bos= 0.275696 mass_fer= 0.0290875
compactness= 0.132471
compactness_boson= 0.0902737
E_binding= 0.190391
