mass= 1.48864numbos: 0.0449258 numfer: 1.53566 omega: 0.515553 r99bos: 4.518 r99fer: 6.414 r99tot: 6.372
 Nb/Nf: 0.0292551 Eb/Ef: 0.0290556
mass_bos= 0.0525696 mass_fer= 1.80928
compactness= 0.233622
compactness_boson= 0.0116356
E_binding= -0.0919465
