mass= 0.317094numbos: 0.139203 numfer: 7.42099e-09 omega: 0.714542 r99bos: 3.288 r99fer: 0.006 r99tot: 3.45
 Nb/Nf: 1.87579e+07 Eb/Ef: 2.31138e+07
mass_bos= 0.218423 mass_fer= 9.44989e-09
compactness= 0.0919114
compactness_boson= 0.0664304
E_binding= 0.177892
