mass= 0.30176numbos: 0.128754 numfer: 4.77613e-05 omega: 0.735627 r99bos: 3.384 r99fer: 0.168 r99tot: 3.516
 Nb/Nf: 2695.79 Eb/Ef: 3312.15
mass_bos= 0.205497 mass_fer= 6.20435e-05
compactness= 0.0858247
compactness_boson= 0.0607262
E_binding= 0.172958
