mass= 1.39653numbos: 0.0637042 numfer: 1.38783 omega: 0.486756 r99bos: 4.002 r99fer: 6.066 r99tot: 6.012
 Nb/Nf: 0.0459022 Eb/Ef: 0.046288
mass_bos= 0.0770893 mass_fer= 1.66543
compactness= 0.232291
compactness_boson= 0.0192627
E_binding= -0.0549982
