mass= 0.321027numbos: 0.14196 numfer: 9.89647e-09 omega: 0.709982 r99bos: 3.276 r99fer: 0.006 r99tot: 3.444
 Nb/Nf: 1.43445e+07 Eb/Ef: 1.63105e+07
mass_bos= 0.220269 mass_fer= 1.35047e-08
compactness= 0.0932134
compactness_boson= 0.0672372
E_binding= 0.179067
