mass= 1.33408numbos: 0.0693475 numfer: 1.29781 omega: 0.456651 r99bos: 3.582 r99fer: 5.826 r99tot: 5.772
 Nb/Nf: 0.0534342 Eb/Ef: 0.0551142
mass_bos= 0.087326 mass_fer= 1.58446
compactness= 0.23113
compactness_boson= 0.0243791
E_binding= -0.0330747
