mass= 0.450687numbos: 0.236063 numfer: 0.0220642 omega: 0.593182 r99bos: 3.186 r99fer: 1.584 r99tot: 3.468
 Nb/Nf: 10.6989 Eb/Ef: 10.6135
mass_bos= 0.277637 mass_fer= 0.0261588
compactness= 0.129956
compactness_boson= 0.0871427
E_binding= 0.19256
