mass= 0.328034numbos: 0.146917 numfer: 7.36252e-07 omega: 0.703695 r99bos: 3.276 r99fer: 0.036 r99tot: 3.456
 Nb/Nf: 199547 Eb/Ef: 255054
mass_bos= 0.223307 mass_fer= 8.75527e-07
compactness= 0.0949171
compactness_boson= 0.0681645
E_binding= 0.181116
