mass= 0.327283numbos: 0.146384 numfer: 7.86238e-07 omega: 0.706085 r99bos: 3.3 r99fer: 0.036 r99tot: 3.474
 Nb/Nf: 186182 Eb/Ef: 225921
mass_bos= 0.222389 mass_fer= 9.84365e-07
compactness= 0.0942093
compactness_boson= 0.0673905
E_binding= 0.180898
