mass= 0.3239numbos: 0.143987 numfer: 7.59464e-08 omega: 0.706488 r99bos: 3.264 r99fer: 0.006 r99tot: 3.438
 Nb/Nf: 1.8959e+06 Eb/Ef: 2.04966e+06
mass_bos= 0.221673 mass_fer= 1.08151e-07
compactness= 0.0942117
compactness_boson= 0.0679146
E_binding= 0.179913
