mass= 0.316854numbos: 0.139088 numfer: 3.34874e-06 omega: 0.722387 r99bos: 3.39 r99fer: 0.066 r99tot: 3.546
 Nb/Nf: 41534.5 Eb/Ef: 50744.1
mass_bos= 0.21463 mass_fer= 4.22964e-06
compactness= 0.0893553
compactness_boson= 0.0633126
E_binding= 0.177763
