mass= 0.31173numbos: 0.135557 numfer: 6.60697e-06 omega: 0.728705 r99bos: 3.414 r99fer: 0.084 r99tot: 3.558
 Nb/Nf: 20517.3 Eb/Ef: 25070.7
mass_bos= 0.211247 mass_fer= 8.42606e-06
compactness= 0.0876139
compactness_boson= 0.0618767
E_binding= 0.176166
