mass= 0.316858numbos: 0.139091 numfer: 4.31661e-06 omega: 0.722382 r99bos: 3.39 r99fer: 0.072 r99tot: 3.546
 Nb/Nf: 32222.2 Eb/Ef: 38699.4
mass_bos= 0.214631 mass_fer= 5.54612e-06
compactness= 0.0893564
compactness_boson= 0.0633131
E_binding= 0.177763
