mass= 1.3928numbos: 0.0797284 numfer: 1.36127 omega: 0.569055 r99bos: 4.788 r99fer: 6.738 r99tot: 6.69
 Nb/Nf: 0.0585693 Eb/Ef: 0.0591159
mass_bos= 0.0918884 mass_fer= 1.55438
compactness= 0.208192
compactness_boson= 0.0191914
E_binding= -0.0481902
