mass= 0.321472numbos: 0.142298 numfer: 6.63553e-07 omega: 0.715937 r99bos: 3.36 r99fer: 0.042 r99tot: 3.522
 Nb/Nf: 214449 Eb/Ef: 284977
mass_bos= 0.217854 mass_fer= 7.64464e-07
compactness= 0.0912753
compactness_boson= 0.0648376
E_binding= 0.179173
