mass= 0.323417numbos: 0.14366 numfer: 8.25733e-08 omega: 0.712965 r99bos: 3.342 r99fer: 0.018 r99tot: 3.51
 Nb/Nf: 1.73978e+06 Eb/Ef: 2.38308e+06
mass_bos= 0.21928 mass_fer= 9.20151e-08
compactness= 0.0921416
compactness_boson= 0.0656133
E_binding= 0.179757
