mass= 0.311726numbos: 0.135554 numfer: 5.38682e-06 omega: 0.72871 r99bos: 3.414 r99fer: 0.078 r99tot: 3.558
 Nb/Nf: 25164.1 Eb/Ef: 31103
mass_bos= 0.211245 mass_fer= 6.79179e-06
compactness= 0.0876126
compactness_boson= 0.061876
E_binding= 0.176166
