mass= 0.31786numbos: 0.139736 numfer: 3.84893e-09 omega: 0.713609 r99bos: 3.288 r99fer: 0.006 r99tot: 3.45
 Nb/Nf: 3.63052e+07 Eb/Ef: 4.97859e+07
mass_bos= 0.218794 mass_fer= 4.39471e-09
compactness= 0.0921334
compactness_boson= 0.0665433
E_binding= 0.178124
