mass= 0.443751numbos: 0.237831 numfer: 0.00781044 omega: 0.583211 r99bos: 3.036 r99fer: 1.092 r99tot: 3.342
 Nb/Nf: 30.4504 Eb/Ef: 31.0543
mass_bos= 0.288068 mass_fer= 0.00927627
compactness= 0.13278
compactness_boson= 0.0948839
E_binding= 0.198109
