mass= 0.405995numbos: 0.202911 numfer: 0.0138287 omega: 0.602785 r99bos: 2.922 r99fer: 1.2 r99tot: 3.186
 Nb/Nf: 14.6732 Eb/Ef: 15.028
mass_bos= 0.264704 mass_fer= 0.0176141
compactness= 0.127431
compactness_boson= 0.0905901
E_binding= 0.189254
