mass= 0.445402numbos: 0.220684 numfer: 0.0399593 omega: 0.590283 r99bos: 3.072 r99fer: 1.89 r99tot: 3.324
 Nb/Nf: 5.52272 Eb/Ef: 5.48709
mass_bos= 0.267485 mass_fer= 0.048748
compactness= 0.133996
compactness_boson= 0.0870719
E_binding= 0.184759
