mass= 1.55107numbos: 0.0243183 numfer: 1.64792 omega: 0.517994 r99bos: 4.716 r99fer: 6.534 r99tot: 6.498
 Nb/Nf: 0.014757 Eb/Ef: 0.0145393
mass_bos= 0.0281753 mass_fer= 1.93787
compactness= 0.238699
compactness_boson= 0.0059744
E_binding= -0.121167
