mass= 0.316842numbos: 0.139079 numfer: 2.38366e-07 omega: 0.722404 r99bos: 3.39 r99fer: 0.03 r99tot: 3.546
 Nb/Nf: 583469 Eb/Ef: 807972
mass_bos= 0.214623 mass_fer= 2.65632e-07
compactness= 0.0893518
compactness_boson= 0.0633107
E_binding= 0.177762
