mass= 0.301252numbos: 0.128412 numfer: 1.35975e-05 omega: 0.73136 r99bos: 3.324 r99fer: 0.132 r99tot: 3.456
 Nb/Nf: 9443.78 Eb/Ef: 12977.1
mass_bos= 0.205818 mass_fer= 1.58601e-05
compactness= 0.0871679
compactness_boson= 0.0619188
E_binding= 0.172826
