mass= 0.302928numbos: 0.129552 numfer: 4.37031e-06 omega: 0.735987 r99bos: 3.402 r99fer: 0.09 r99tot: 3.534
 Nb/Nf: 29643.8 Eb/Ef: 40871.4
mass_bos= 0.206041 mass_fer= 5.04121e-06
compactness= 0.0857181
compactness_boson= 0.0605647
E_binding= 0.173371
