mass= 0.326349numbos: 0.145723 numfer: 1.14064e-07 omega: 0.707979 r99bos: 3.312 r99fer: 0.018 r99tot: 3.486
 Nb/Nf: 1.27755e+06 Eb/Ef: 1.67281e+06
mass_bos= 0.221571 mass_fer= 1.32454e-07
compactness= 0.0936169
compactness_boson= 0.0668993
E_binding= 0.180626
