mass= 0.304685numbos: 0.130747 numfer: 1.03812e-05 omega: 0.735257 r99bos: 3.414 r99fer: 0.108 r99tot: 3.552
 Nb/Nf: 12594.5 Eb/Ef: 16214.7
mass_bos= 0.206973 mass_fer= 1.27645e-05
compactness= 0.0857785
compactness_boson= 0.0606248
E_binding= 0.173928
