mass= 0.306785numbos: 0.132176 numfer: 3.1682e-07 omega: 0.733719 r99bos: 3.42 r99fer: 0.042 r99tot: 3.558
 Nb/Nf: 417197 Eb/Ef: 611050
mass_bos= 0.208189 mass_fer= 3.40707e-07
compactness= 0.0862239
compactness_boson= 0.060874
E_binding= 0.174608
