mass= 0.323421numbos: 0.143662 numfer: 7.87548e-07 omega: 0.712961 r99bos: 3.342 r99fer: 0.042 r99tot: 3.51
 Nb/Nf: 182417 Eb/Ef: 235433
mass_bos= 0.219282 mass_fer= 9.31397e-07
compactness= 0.0921427
compactness_boson= 0.0656139
E_binding= 0.179758
