mass= 0.326351numbos: 0.145724 numfer: 7.86284e-09 omega: 0.707976 r99bos: 3.312 r99fer: 0.006 r99tot: 3.486
 Nb/Nf: 1.85333e+07 Eb/Ef: 2.65575e+07
mass_bos= 0.221572 mass_fer= 8.3431e-09
compactness= 0.0936176
compactness_boson= 0.0668998
E_binding= 0.180627
