mass= 0.343285numbos: 0.166081 numfer: 0.00629918 omega: 0.769868 r99bos: 4.536 r99fer: 1.524 r99tot: 4.71
 Nb/Nf: 26.3655 Eb/Ef: 28.8597
mass_bos= 0.192215 mass_fer= 0.00666033
compactness= 0.0728842
compactness_boson= 0.0423755
E_binding= 0.170905
