mass= 1.33638numbos: 0.0605401 numfer: 1.31139 omega: 0.440854 r99bos: 3.492 r99fer: 5.67 r99tot: 5.616
 Nb/Nf: 0.0461648 Eb/Ef: 0.0472111
mass_bos= 0.0768762 mass_fer= 1.62835
compactness= 0.237959
compactness_boson= 0.0220149
E_binding= -0.035552
