mass= 0.318585numbos: 0.140243 numfer: 6.32169e-09 omega: 0.712768 r99bos: 3.282 r99fer: 0.006 r99tot: 3.45
 Nb/Nf: 2.21845e+07 Eb/Ef: 2.81162e+07
mass_bos= 0.219138 mass_fer= 7.79401e-09
compactness= 0.0923436
compactness_boson= 0.0667696
E_binding= 0.178342
