mass= 0.320093numbos: 0.141303 numfer: 9.07131e-09 omega: 0.711066 r99bos: 3.276 r99fer: 0.006 r99tot: 3.444
 Nb/Nf: 1.55769e+07 Eb/Ef: 1.81639e+07
mass_bos= 0.219837 mass_fer= 1.21029e-08
compactness= 0.0929423
compactness_boson= 0.0671053
E_binding= 0.178791
