mass= 0.319259numbos: 0.140713 numfer: 1.89651e-08 omega: 0.712002 r99bos: 3.276 r99fer: 0.006 r99tot: 3.444
 Nb/Nf: 7.41961e+06 Eb/Ef: 6.81167e+06
mass_bos= 0.219444 mass_fer= 3.2216e-08
compactness= 0.0927
compactness_boson= 0.0669855
E_binding= 0.178545
