mass= 0.32736numbos: 0.14644 numfer: 1.09931e-09 omega: 0.703257 r99bos: 3.264 r99fer: 0.006 r99tot: 3.444
 Nb/Nf: 1.33211e+08 Eb/Ef: 1.9521e+08
mass_bos= 0.223286 mass_fer= 1.14383e-09
compactness= 0.0950523
compactness_boson= 0.0684088
E_binding= 0.180921
