mass= 0.38291numbos: 0.189121 numfer: 0.00276134 omega: 0.618933 r99bos: 2.892 r99fer: 0.708 r99tot: 3.15
 Nb/Nf: 68.4887 Eb/Ef: 75.4036
mass_bos= 0.258558 mass_fer= 0.00342899
compactness= 0.121559
compactness_boson= 0.0894047
E_binding= 0.191028
