mass= 1.48722numbos: 0.0503322 numfer: 1.52623 omega: 0.53856 r99bos: 4.74 r99fer: 6.618 r99tot: 6.576
 Nb/Nf: 0.0329782 Eb/Ef: 0.0328253
mass_bos= 0.058187 mass_fer= 1.77262
compactness= 0.226159
compactness_boson= 0.0122757
E_binding= -0.0893379
