mass= 0.449909numbos: 0.231802 numfer: 0.0281544 omega: 0.600293 r99bos: 3.246 r99fer: 1.758 r99tot: 3.516
 Nb/Nf: 8.23325 Eb/Ef: 8.17707
mass_bos= 0.27104 mass_fer= 0.0331463
compactness= 0.127961
compactness_boson= 0.0834995
E_binding= 0.189952
