mass= 0.328031numbos: 0.146915 numfer: 8.99467e-09 omega: 0.703699 r99bos: 3.276 r99fer: 0.006 r99tot: 3.456
 Nb/Nf: 1.63335e+07 Eb/Ef: 2.33227e+07
mass_bos= 0.223305 mass_fer= 9.57461e-09
compactness= 0.0949163
compactness_boson= 0.0681641
E_binding= 0.181116
