mass= 0.302286numbos: 0.129122 numfer: 7.40086e-06 omega: 0.727135 r99bos: 3.276 r99fer: 0.12 r99tot: 3.42
 Nb/Nf: 17446.8 Eb/Ef: 24957.1
mass_bos= 0.206846 mass_fer= 8.28809e-06
compactness= 0.0883878
compactness_boson= 0.0631399
E_binding= 0.173157
