mass= 0.309174numbos: 0.133807 numfer: 2.18863e-06 omega: 0.731471 r99bos: 3.42 r99fer: 0.066 r99tot: 3.558
 Nb/Nf: 61137.4 Eb/Ef: 82194.2
mass_bos= 0.209639 mass_fer= 2.55053e-06
compactness= 0.0868955
compactness_boson= 0.0612979
E_binding= 0.175365
