mass= 0.452031numbos: 0.239783 numfer: 0.0175433 omega: 0.592524 r99bos: 3.198 r99fer: 1.482 r99tot: 3.492
 Nb/Nf: 13.6681 Eb/Ef: 13.6026
mass_bos= 0.280789 mass_fer= 0.0206422
compactness= 0.129448
compactness_boson= 0.0878013
E_binding= 0.194705
