mass= 0.323657numbos: 0.144165 numfer: 0.000604782 omega: 0.686339 r99bos: 3.036 r99fer: 0.402 r99tot: 3.216
 Nb/Nf: 238.375 Eb/Ef: 285.319
mass_bos= 0.221911 mass_fer= 0.000777765
compactness= 0.10064
compactness_boson= 0.0730932
E_binding= 0.178887
