mass= 0.473024numbos: 0.197596 numfer: 0.108399 omega: 0.620245 r99bos: 3.378 r99fer: 3.252 r99tot: 3.51
 Nb/Nf: 1.82286 Eb/Ef: 1.88617
mass_bos= 0.233222 mass_fer= 0.123648
compactness= 0.134765
compactness_boson= 0.0690414
E_binding= 0.167029
