mass= 0.321474numbos: 0.1423 numfer: 1.30839e-06 omega: 0.715933 r99bos: 3.36 r99fer: 0.048 r99tot: 3.522
 Nb/Nf: 108760 Eb/Ef: 135164
mass_bos= 0.217856 mass_fer= 1.61178e-06
compactness= 0.091276
compactness_boson= 0.064838
E_binding= 0.179173
