mass= 0.454805numbos: 0.246993 numfer: 0.00850762 omega: 0.59797 r99bos: 3.294 r99fer: 1.26 r99tot: 3.6
 Nb/Nf: 29.0319 Eb/Ef: 29.4489
mass_bos= 0.283885 mass_fer= 0.00963991
compactness= 0.126335
compactness_boson= 0.0861825
E_binding= 0.199305
