mass= 0.327366numbos: 0.146444 numfer: 1.16997e-06 omega: 0.70325 r99bos: 3.264 r99fer: 0.048 r99tot: 3.444
 Nb/Nf: 125169 Eb/Ef: 165094
mass_bos= 0.22329 mass_fer= 1.3525e-06
compactness= 0.0950541
compactness_boson= 0.0684099
E_binding= 0.180921
