mass= 0.455574numbos: 0.247956 numfer: 0.00784321 omega: 0.58469 r99bos: 3.15 r99fer: 1.158 r99tot: 3.462
 Nb/Nf: 31.6141 Eb/Ef: 32.0634
mass_bos= 0.290826 mass_fer= 0.00907034
compactness= 0.131593
compactness_boson= 0.0923258
E_binding= 0.199775
