mass= 0.33265numbos: 0.150909 numfer: 2.93791e-07 omega: 0.67305 r99bos: 2.976 r99fer: 0.072 r99tot: 3.18
 Nb/Nf: 513660 Eb/Ef: 764426
mass_bos= 0.228452 mass_fer= 2.98855e-07
compactness= 0.104607
compactness_boson= 0.0767649
E_binding= 0.181741
