mass= 0.319318numbos: 0.140758 numfer: 4.12308e-09 omega: 0.711942 r99bos: 3.282 r99fer: 0.006 r99tot: 3.45
 Nb/Nf: 3.4139e+07 Eb/Ef: 4.62124e+07
mass_bos= 0.21948 mass_fer= 4.74937e-09
compactness= 0.0925559
compactness_boson= 0.0668739
E_binding= 0.17856
