mass= 1.32557numbos: 0.0827877 numfer: 1.26999 omega: 0.493107 r99bos: 3.816 r99fer: 6.156 r99tot: 6.102
 Nb/Nf: 0.0651875 Eb/Ef: 0.0679746
mass_bos= 0.102178 mass_fer= 1.50319
compactness= 0.217236
compactness_boson= 0.0267763
E_binding= -0.0272062
