mass= 1.32913numbos: 0.0664171 numfer: 1.29475 omega: 0.447251 r99bos: 3.504 r99fer: 5.748 r99tot: 5.694
 Nb/Nf: 0.0512972 Eb/Ef: 0.0529102
mass_bos= 0.0843177 mass_fer= 1.5936
compactness= 0.233426
compactness_boson= 0.0240633
E_binding= -0.0320369
