mass= 0.411626numbos: 0.212497 numfer: 0.00920455 omega: 0.663958 r99bos: 3.714 r99fer: 1.458 r99tot: 3.972
 Nb/Nf: 23.0861 Eb/Ef: 24.1217
mass_bos= 0.242884 mass_fer= 0.0100691
compactness= 0.103632
compactness_boson= 0.065397
E_binding= 0.189924
