mass= 0.32635numbos: 0.145723 numfer: 2.12046e-07 omega: 0.707977 r99bos: 3.312 r99fer: 0.024 r99tot: 3.486
 Nb/Nf: 687227 Eb/Ef: 901770
mass_bos= 0.221571 mass_fer= 2.45707e-07
compactness= 0.0936172
compactness_boson= 0.0668995
E_binding= 0.180626
