mass= 0.412905numbos: 0.217348 numfer: 0.00148988 omega: 0.663174 r99bos: 3.732 r99fer: 0.948 r99tot: 4.002
 Nb/Nf: 145.882 Eb/Ef: 157.588
mass_bos= 0.247169 mass_fer= 0.00156845
compactness= 0.103175
compactness_boson= 0.0662296
E_binding= 0.194067
