mass= 0.44536numbos: 0.221688 numfer: 0.0383156 omega: 0.590323 r99bos: 3.078 r99fer: 1.86 r99tot: 3.336
 Nb/Nf: 5.78585 Eb/Ef: 5.74459
mass_bos= 0.268344 mass_fer= 0.0467125
compactness= 0.133501
compactness_boson= 0.0871812
E_binding= 0.185356
