mass= 0.301081numbos: 0.128297 numfer: 2.65397e-07 omega: 0.734183 r99bos: 3.36 r99fer: 0.048 r99tot: 3.492
 Nb/Nf: 483415 Eb/Ef: 740736
mass_bos= 0.20539 mass_fer= 2.77278e-07
compactness= 0.0862201
compactness_boson= 0.0611279
E_binding= 0.172784
