mass= 0.420436numbos: 0.216435 numfer: 0.0109985 omega: 0.593674 r99bos: 2.952 r99fer: 1.14 r99tot: 3.234
 Nb/Nf: 19.6785 Eb/Ef: 20.0911
mass_bos= 0.274568 mass_fer= 0.0136661
compactness= 0.130005
compactness_boson= 0.0930107
E_binding= 0.193003
