mass= 0.32147numbos: 0.142297 numfer: 2.10956e-07 omega: 0.715939 r99bos: 3.36 r99fer: 0.03 r99tot: 3.522
 Nb/Nf: 674533 Eb/Ef: 943786
mass_bos= 0.217853 mass_fer= 2.30829e-07
compactness= 0.0912748
compactness_boson= 0.0648373
E_binding= 0.179173
