mass= 0.319307numbos: 0.14075 numfer: 1.07189e-08 omega: 0.711953 r99bos: 3.282 r99fer: 0.006 r99tot: 3.444
 Nb/Nf: 1.3131e+07 Eb/Ef: 1.46787e+07
mass_bos= 0.219474 mass_fer= 1.49518e-08
compactness= 0.0927141
compactness_boson= 0.0668719
E_binding= 0.178558
