mass= 0.316992numbos: 0.139127 numfer: 2.08895e-08 omega: 0.714646 r99bos: 3.276 r99fer: 0.006 r99tot: 3.444
 Nb/Nf: 6.66011e+06 Eb/Ef: 5.90708e+06
mass_bos= 0.218362 mass_fer= 3.69661e-08
compactness= 0.092042
compactness_boson= 0.066655
E_binding= 0.177866
