mass= 0.450081numbos: 0.242796 numfer: 0.00875774 omega: 0.583199 r99bos: 3.09 r99fer: 1.158 r99tot: 3.396
 Nb/Nf: 27.7236 Eb/Ef: 28.0783
mass_bos= 0.28941 mass_fer= 0.0103072
compactness= 0.132533
compactness_boson= 0.0936603
E_binding= 0.198527
