mass= 0.319326numbos: 0.140764 numfer: 8.25158e-10 omega: 0.711934 r99bos: 3.282 r99fer: 0.006 r99tot: 3.45
 Nb/Nf: 1.7059e+08 Eb/Ef: 2.58144e+08
mass_bos= 0.219485 mass_fer= 8.50243e-10
compactness= 0.0925584
compactness_boson= 0.0668754
E_binding= 0.178562
