mass= 0.451507numbos: 0.244762 numfer: 0.00724081 omega: 0.582271 r99bos: 3.096 r99fer: 1.104 r99tot: 3.402
 Nb/Nf: 33.8031 Eb/Ef: 34.4313
mass_bos= 0.291126 mass_fer= 0.00845527
compactness= 0.132718
compactness_boson= 0.0940329
E_binding= 0.199504
