mass= 1.3967numbos: 0.0701532 numfer: 1.37957 omega: 0.508261 r99bos: 4.188 r99fer: 6.24 r99tot: 6.192
 Nb/Nf: 0.0508515 Eb/Ef: 0.0513606
mass_bos= 0.0837596 mass_fer= 1.63081
compactness= 0.225565
compactness_boson= 0.0199999
E_binding= -0.0530254
