mass= 0.438258numbos: 0.196139 numfer: 0.0696037 omega: 0.64954 r99bos: 3.564 r99fer: 2.82 r99tot: 3.732
 Nb/Nf: 2.81794 Eb/Ef: 2.92074
mass_bos= 0.228982 mass_fer= 0.0783987
compactness= 0.117432
compactness_boson= 0.0642487
E_binding= 0.172515
