mass= 0.314298numbos: 0.137323 numfer: 8.64256e-08 omega: 0.725654 r99bos: 3.402 r99fer: 0.024 r99tot: 3.552
 Nb/Nf: 1.58892e+06 Eb/Ef: 2.30525e+06
mass_bos= 0.212922 mass_fer= 9.23637e-08
compactness= 0.0884849
compactness_boson= 0.0625872
E_binding= 0.176975
