mass= 0.352454numbos: 0.165905 numfer: 2.10143e-06 omega: 0.64837 r99bos: 2.91 r99fer: 0.132 r99tot: 3.138
 Nb/Nf: 78948.5 Eb/Ef: 111858
mass_bos= 0.241447 mass_fer= 2.15852e-06
compactness= 0.112318
compactness_boson= 0.0829713
E_binding= 0.186547
