mass= 0.323421numbos: 0.143663 numfer: 9.58821e-07 omega: 0.71296 r99bos: 3.342 r99fer: 0.042 r99tot: 3.51
 Nb/Nf: 149833 Eb/Ef: 185856
mass_bos= 0.219282 mass_fer= 1.17985e-06
compactness= 0.0921428
compactness_boson= 0.065614
E_binding= 0.179758
