mass= 0.374655numbos: 0.183205 numfer: 0.000586692 omega: 0.62571 r99bos: 2.88 r99fer: 0.468 r99tot: 3.138
 Nb/Nf: 312.269 Eb/Ef: 371.335
mass_bos= 0.255071 mass_fer= 0.000686902
compactness= 0.119393
compactness_boson= 0.0885662
E_binding= 0.190863
