mass= 1.50911numbos: 0.00103646 numfer: 1.62057 omega: 0.443136 r99bos: 3.984 r99fer: 5.796 r99tot: 5.772
 Nb/Nf: 0.000639566 Eb/Ef: 0.000623176
mass_bos= 0.00126006 mass_fer= 2.022
compactness= 0.261454
compactness_boson= 0.000316281
E_binding= -0.112496
