mass= 0.328025numbos: 0.146911 numfer: 2.57012e-07 omega: 0.703704 r99bos: 3.276 r99fer: 0.018 r99tot: 3.456
 Nb/Nf: 571610 Eb/Ef: 648506
mass_bos= 0.223302 mass_fer= 3.44333e-07
compactness= 0.0949147
compactness_boson= 0.068163
E_binding= 0.181114
