mass= 0.468773numbos: 0.161538 numfer: 0.15758 omega: 0.695982 r99bos: 3.948 r99fer: 4.41 r99tot: 4.344
 Nb/Nf: 1.02512 Eb/Ef: 1.1152
mass_bos= 0.190673 mass_fer= 0.170977
compactness= 0.107913
compactness_boson= 0.0482962
E_binding= 0.149655
