mass= 0.327356numbos: 0.146436 numfer: 1.92446e-09 omega: 0.703261 r99bos: 3.264 r99fer: 0.006 r99tot: 3.444
 Nb/Nf: 7.60919e+07 Eb/Ef: 1.08342e+08
mass_bos= 0.223284 mass_fer= 2.06091e-09
compactness= 0.095051
compactness_boson= 0.068408
E_binding= 0.18092
