mass= 0.323888numbos: 0.143978 numfer: 1.18182e-08 omega: 0.706501 r99bos: 3.264 r99fer: 0.006 r99tot: 3.438
 Nb/Nf: 1.21827e+07 Eb/Ef: 1.30669e+07
mass_bos= 0.221666 mass_fer= 1.69639e-08
compactness= 0.0942081
compactness_boson= 0.0679123
E_binding= 0.17991
