mass= 0.434164numbos: 0.222811 numfer: 0.0207128 omega: 0.589435 r99bos: 3.012 r99fer: 1.446 r99tot: 3.288
 Nb/Nf: 10.7572 Eb/Ef: 10.7412
mass_bos= 0.274885 mass_fer= 0.0255917
compactness= 0.132045
compactness_boson= 0.0912633
E_binding= 0.190641
