mass= 1.22499numbos: 0.0983586 numfer: 1.12211 omega: 0.472751 r99bos: 3.36 r99fer: 6.15 r99tot: 6.096
 Nb/Nf: 0.0876551 Eb/Ef: 0.0953154
mass_bos= 0.125809 mass_fer= 1.31993
compactness= 0.20095
compactness_boson= 0.0374433
E_binding= 0.00452312
