mass= 0.329798numbos: 0.159309 numfer: 0.0025814 omega: 0.797543 r99bos: 4.866 r99fer: 1.26 r99tot: 5.028
 Nb/Nf: 61.7143 Eb/Ef: 68.5046
mass_bos= 0.184025 mass_fer= 0.00268632
compactness= 0.0655923
compactness_boson= 0.0378186
E_binding= 0.167907
