mass= 0.301249numbos: 0.12841 numfer: 1.0938e-05 omega: 0.731361 r99bos: 3.324 r99fer: 0.126 r99tot: 3.456
 Nb/Nf: 11739.8 Eb/Ef: 16303.7
mass_bos= 0.205818 mass_fer= 1.2624e-05
compactness= 0.087167
compactness_boson= 0.0619189
E_binding= 0.172828
