mass= 0.311713numbos: 0.135546 numfer: 4.42682e-08 omega: 0.728728 r99bos: 3.414 r99fer: 0.024 r99tot: 3.558
 Nb/Nf: 3.06193e+06 Eb/Ef: 4.60723e+06
mass_bos= 0.21124 mass_fer= 4.58497e-08
compactness= 0.0876091
compactness_boson= 0.0618746
E_binding= 0.176167
