mass= 0.327354numbos: 0.146434 numfer: 2.01381e-08 omega: 0.703263 r99bos: 3.264 r99fer: 0.006 r99tot: 3.444
 Nb/Nf: 7.2715e+06 Eb/Ef: 9.44751e+06
mass_bos= 0.223282 mass_fer= 2.3634e-08
compactness= 0.0950504
compactness_boson= 0.0684076
E_binding= 0.180919
