mass= 0.325056numbos: 0.144811 numfer: 4.22127e-07 omega: 0.710286 r99bos: 3.324 r99fer: 0.03 r99tot: 3.498
 Nb/Nf: 343051 Eb/Ef: 437031
mass_bos= 0.220529 mass_fer= 5.04608e-07
compactness= 0.0929263
compactness_boson= 0.0663445
E_binding= 0.180244
