mass= 0.325058numbos: 0.144813 numfer: 6.1236e-09 omega: 0.710285 r99bos: 3.324 r99fer: 0.006 r99tot: 3.498
 Nb/Nf: 2.36483e+07 Eb/Ef: 3.43701e+07
mass_bos= 0.22053 mass_fer= 6.41634e-09
compactness= 0.0929269
compactness_boson= 0.0663449
E_binding= 0.180245
