mass= 0.323417numbos: 0.143659 numfer: 6.85121e-08 omega: 0.712965 r99bos: 3.342 r99fer: 0.018 r99tot: 3.51
 Nb/Nf: 2.09685e+06 Eb/Ef: 2.94365e+06
mass_bos= 0.219279 mass_fer= 7.44925e-08
compactness= 0.0921416
compactness_boson= 0.0656132
E_binding= 0.179757
