mass= 0.327866numbos: 0.146798 numfer: 1.13206e-08 omega: 0.703231 r99bos: 3.27 r99fer: 0.006 r99tot: 3.45
 Nb/Nf: 1.29674e+07 Eb/Ef: 1.77992e+07
mass_bos= 0.223409 mass_fer= 1.25516e-08
compactness= 0.0950336
compactness_boson= 0.0683208
E_binding= 0.181068
