mass= 0.362323numbos: 0.173383 numfer: 0.000811821 omega: 0.638031 r99bos: 2.898 r99fer: 0.486 r99tot: 3.138
 Nb/Nf: 213.573 Eb/Ef: 251.762
mass_bos= 0.247147 mass_fer= 0.00098167
compactness= 0.115463
compactness_boson= 0.0852821
E_binding= 0.188128
