mass= 0.304688numbos: 0.130749 numfer: 1.16231e-05 omega: 0.735254 r99bos: 3.414 r99fer: 0.114 r99tot: 3.552
 Nb/Nf: 11249.1 Eb/Ef: 14453.7
mass_bos= 0.206974 mass_fer= 1.43198e-05
compactness= 0.0857794
compactness_boson= 0.0606251
E_binding= 0.173928
