mass= 1.00904numbos: 0.129489 numfer: 0.819443 omega: 0.550074 r99bos: 3.558 r99fer: 6.504 r99tot: 6.426
 Nb/Nf: 0.158021 Eb/Ef: 0.173826
mass_bos= 0.159519 mass_fer= 0.917693
compactness= 0.157024
compactness_boson= 0.0448339
E_binding= 0.0601054
