mass= 0.440759numbos: 0.221211 numfer: 0.0332897 omega: 0.623047 r99bos: 3.414 r99fer: 1.98 r99tot: 3.666
 Nb/Nf: 6.64503 Eb/Ef: 6.68998
mass_bos= 0.256104 mass_fer= 0.0382818
compactness= 0.120229
compactness_boson= 0.0750159
E_binding= 0.186258
