mass= 0.301238numbos: 0.128404 numfer: 2.80648e-07 omega: 0.731368 r99bos: 3.324 r99fer: 0.054 r99tot: 3.456
 Nb/Nf: 457526 Eb/Ef: 707083
mass_bos= 0.205819 mass_fer= 2.91082e-07
compactness= 0.0871637
compactness_boson= 0.061919
E_binding= 0.172834
