mass= 0.462822numbos: 0.25724 numfer: 0.00109215 omega: 0.579826 r99bos: 3.162 r99fer: 0.732 r99tot: 3.486
 Nb/Nf: 235.536 Eb/Ef: 252.905
mass_bos= 0.298963 mass_fer= 0.00118212
compactness= 0.132766
compactness_boson= 0.0945487
E_binding= 0.20449
