mass= 0.323889numbos: 0.143979 numfer: 9.9732e-08 omega: 0.706499 r99bos: 3.264 r99fer: 0.006 r99tot: 3.438
 Nb/Nf: 1.44366e+06 Eb/Ef: 1.42476e+06
mass_bos= 0.221667 mass_fer= 1.55581e-07
compactness= 0.0942085
compactness_boson= 0.0679126
E_binding= 0.17991
