mass= 1.28149numbos: 0.0853422 numfer: 1.20983 omega: 0.464428 r99bos: 3.444 r99fer: 6.036 r99tot: 5.976
 Nb/Nf: 0.0705409 Eb/Ef: 0.0756153
mass_bos= 0.109192 mass_fer= 1.44404
compactness= 0.21444
compactness_boson= 0.0317049
E_binding= -0.013676
