mass= 0.450333numbos: 0.244488 numfer: 0.00614173 omega: 0.608717 r99bos: 3.384 r99fer: 1.2 r99tot: 3.69
 Nb/Nf: 39.8077 Eb/Ef: 40.8891
mass_bos= 0.27877 mass_fer= 0.0068177
compactness= 0.122041
compactness_boson= 0.0823787
E_binding= 0.199703
