mass= 0.448524numbos: 0.240919 numfer: 0.0101813 omega: 0.609747 r99bos: 3.378 r99fer: 1.356 r99tot: 3.672
 Nb/Nf: 23.6629 Eb/Ef: 24.0119
mass_bos= 0.275714 mass_fer= 0.0114824
compactness= 0.122147
compactness_boson= 0.0816204
E_binding= 0.197423
