mass= 0.32228numbos: 0.142842 numfer: 1.37427e-08 omega: 0.708461 r99bos: 3.264 r99fer: 0.006 r99tot: 3.438
 Nb/Nf: 1.03941e+07 Eb/Ef: 1.06695e+07
mass_bos= 0.220866 mass_fer= 2.07006e-08
compactness= 0.0937406
compactness_boson= 0.0676673
E_binding= 0.179438
