mass= 0.33266numbos: 0.150916 numfer: 1.15431e-07 omega: 0.673041 r99bos: 2.976 r99fer: 0.06 r99tot: 3.18
 Nb/Nf: 1.30741e+06 Eb/Ef: 1.95737e+06
mass_bos= 0.228458 mass_fer= 1.16717e-07
compactness= 0.10461
compactness_boson= 0.0767669
E_binding= 0.181744
