mass= 0.309187numbos: 0.133816 numfer: 6.0939e-06 omega: 0.731456 r99bos: 3.42 r99fer: 0.09 r99tot: 3.558
 Nb/Nf: 21959 Eb/Ef: 28062.2
mass_bos= 0.209644 mass_fer= 7.47069e-06
compactness= 0.086899
compactness_boson= 0.0612994
E_binding= 0.175365
