mass= 0.311711numbos: 0.135544 numfer: 8.23374e-07 omega: 0.728729 r99bos: 3.414 r99fer: 0.048 r99tot: 3.558
 Nb/Nf: 164621 Eb/Ef: 225493
mass_bos= 0.211238 mass_fer= 9.36785e-07
compactness= 0.0876085
compactness_boson= 0.0618742
E_binding= 0.176166
