mass= 0.318544numbos: 0.140212 numfer: 1.64923e-08 omega: 0.71281 r99bos: 3.276 r99fer: 0.006 r99tot: 3.444
 Nb/Nf: 8.50167e+06 Eb/Ef: 8.26435e+06
mass_bos= 0.219113 mass_fer= 2.6513e-08
compactness= 0.0924924
compactness_boson= 0.0668843
E_binding= 0.178332
