mass= 0.375946numbos: 0.189397 numfer: 0.0037721 omega: 0.714817 r99bos: 4.056 r99fer: 1.248 r99tot: 4.284
 Nb/Nf: 50.21 Eb/Ef: 54.4125
mass_bos= 0.217649 mass_fer= 0.00399998
compactness= 0.0877559
compactness_boson= 0.053661
E_binding= 0.182777
