mass= 0.327865numbos: 0.146798 numfer: 1.37345e-09 omega: 0.703231 r99bos: 3.27 r99fer: 0.006 r99tot: 3.45
 Nb/Nf: 1.06882e+08 Eb/Ef: 1.54828e+08
mass_bos= 0.223409 mass_fer= 1.44295e-09
compactness= 0.0950334
compactness_boson= 0.0683207
E_binding= 0.181068
