mass= 0.457281numbos: 0.249509 numfer: 0.00764994 omega: 0.58955 r99bos: 3.222 r99fer: 1.188 r99tot: 3.534
 Nb/Nf: 32.6157 Eb/Ef: 33.1033
mass_bos= 0.289086 mass_fer= 0.00873287
compactness= 0.129395
compactness_boson= 0.0897227
E_binding= 0.200122
