mass= 0.32148numbos: 0.142304 numfer: 2.85585e-06 omega: 0.715925 r99bos: 3.36 r99fer: 0.06 r99tot: 3.522
 Nb/Nf: 49829.1 Eb/Ef: 58463.4
mass_bos= 0.217859 mass_fer= 3.72641e-06
compactness= 0.0912778
compactness_boson= 0.0648389
E_binding= 0.179173
