mass= 0.321018numbos: 0.141953 numfer: 1.15441e-08 omega: 0.709991 r99bos: 3.276 r99fer: 0.006 r99tot: 3.444
 Nb/Nf: 1.22966e+07 Eb/Ef: 1.33868e+07
mass_bos= 0.220264 mass_fer= 1.64538e-08
compactness= 0.0932109
compactness_boson= 0.0672356
E_binding= 0.179065
