mass= 0.327352numbos: 0.146433 numfer: 2.13812e-08 omega: 0.703265 r99bos: 3.264 r99fer: 0.006 r99tot: 3.444
 Nb/Nf: 6.84869e+06 Eb/Ef: 8.84911e+06
mass_bos= 0.223281 mass_fer= 2.52321e-08
compactness= 0.0950499
compactness_boson= 0.0684073
E_binding= 0.180919
