mass= 0.876094numbos: 0.147104 numfer: 0.640009 omega: 0.549321 r99bos: 3.36 r99fer: 6.156 r99tot: 6.06
 Nb/Nf: 0.229847 Eb/Ef: 0.25179
mass_bos= 0.180708 mass_fer= 0.717692
compactness= 0.14457
compactness_boson= 0.0537821
E_binding= 0.0889802
