mass= 0.320102numbos: 0.141309 numfer: 4.94823e-09 omega: 0.711057 r99bos: 3.282 r99fer: 0.006 r99tot: 3.444
 Nb/Nf: 2.85575e+07 Eb/Ef: 3.75779e+07
mass_bos= 0.219842 mass_fer= 5.8503e-09
compactness= 0.0929448
compactness_boson= 0.0669842
E_binding= 0.178793
