mass= 0.322251numbos: 0.142821 numfer: 2.08895e-08 omega: 0.70849 r99bos: 3.264 r99fer: 0.006 r99tot: 3.438
 Nb/Nf: 6.83694e+06 Eb/Ef: 5.97435e+06
mass_bos= 0.220849 mass_fer= 3.69661e-08
compactness= 0.0937322
compactness_boson= 0.0676619
E_binding= 0.179431
