mass= 0.32506numbos: 0.144814 numfer: 1.0541e-06 omega: 0.710282 r99bos: 3.324 r99fer: 0.042 r99tot: 3.498
 Nb/Nf: 137381 Eb/Ef: 169353
mass_bos= 0.220531 mass_fer= 1.3022e-06
compactness= 0.0929273
compactness_boson= 0.0663451
E_binding= 0.180245
