mass= 0.302281numbos: 0.129118 numfer: 2.76222e-06 omega: 0.727138 r99bos: 3.276 r99fer: 0.096 r99tot: 3.42
 Nb/Nf: 46744.3 Eb/Ef: 69163.1
mass_bos= 0.206846 mass_fer= 2.9907e-06
compactness= 0.0883862
compactness_boson= 0.0631398
E_binding= 0.17316
