mass= 1.10546numbos: 0.116287 numfer: 0.952047 omega: 0.638804 r99bos: 4.704 r99fer: 7.038 r99tot: 6.978
 Nb/Nf: 0.122144 Eb/Ef: 0.130337
mass_bos= 0.136222 mass_fer= 1.04515
compactness= 0.158421
compactness_boson= 0.0289588
E_binding= 0.0371259
