mass= 0.328026numbos: 0.146911 numfer: 2.6729e-07 omega: 0.703703 r99bos: 3.276 r99fer: 0.018 r99tot: 3.456
 Nb/Nf: 549631 Eb/Ef: 618197
mass_bos= 0.223302 mass_fer= 3.61215e-07
compactness= 0.0949148
compactness_boson= 0.068163
E_binding= 0.181114
