mass= 0.428928numbos: 0.222238 numfer: 0.0136644 omega: 0.590058 r99bos: 2.982 r99fer: 1.242 r99tot: 3.27
 Nb/Nf: 16.264 Eb/Ef: 16.4229
mass_bos= 0.277109 mass_fer= 0.0168733
compactness= 0.131171
compactness_boson= 0.0929271
E_binding= 0.193025
