mass= 0.322318numbos: 0.142871 numfer: 2.47276e-09 omega: 0.708423 r99bos: 3.27 r99fer: 0.006 r99tot: 3.444
 Nb/Nf: 5.77778e+07 Eb/Ef: 8.18704e+07
mass_bos= 0.220889 mass_fer= 2.69803e-09
compactness= 0.0935882
compactness_boson= 0.0675501
E_binding= 0.179447
