mass= 0.317862numbos: 0.139738 numfer: 2.74962e-09 omega: 0.713606 r99bos: 3.288 r99fer: 0.006 r99tot: 3.45
 Nb/Nf: 5.08206e+07 Eb/Ef: 7.22537e+07
mass_bos= 0.218796 mass_fer= 3.02816e-09
compactness= 0.092134
compactness_boson= 0.0665437
E_binding= 0.178125
