mass= 1.35424numbos: 0.0734175 numfer: 1.3194 omega: 0.481856 r99bos: 3.834 r99fer: 6.018 r99tot: 5.964
 Nb/Nf: 0.0556445 Eb/Ef: 0.0569491
mass_bos= 0.0901761 mass_fer= 1.58345
compactness= 0.227069
compactness_boson= 0.0235201
E_binding= -0.0385784
