mass= 0.345792numbos: 0.164496 numfer: 0.0124898 omega: 0.768116 r99bos: 4.512 r99fer: 1.854 r99tot: 4.674
 Nb/Nf: 13.1704 Eb/Ef: 14.3254
mass_bos= 0.19077 mass_fer= 0.0133169
compactness= 0.0739821
compactness_boson= 0.0422806
E_binding= 0.168807
