mass= 0.327277numbos: 0.146379 numfer: 4.17434e-08 omega: 0.706091 r99bos: 3.3 r99fer: 0.012 r99tot: 3.474
 Nb/Nf: 3.50665e+06 Eb/Ef: 4.81543e+06
mass_bos= 0.222385 mass_fer= 4.61818e-08
compactness= 0.0942076
compactness_boson= 0.0673895
E_binding= 0.180898
