mass= 0.327281numbos: 0.146382 numfer: 4.4356e-07 omega: 0.706087 r99bos: 3.3 r99fer: 0.03 r99tot: 3.474
 Nb/Nf: 330016 Eb/Ef: 419987
mass_bos= 0.222388 mass_fer= 5.29511e-07
compactness= 0.0942086
compactness_boson= 0.0673902
E_binding= 0.180898
