mass= 0.316844numbos: 0.139082 numfer: 7.01071e-08 omega: 0.722401 r99bos: 3.39 r99fer: 0.024 r99tot: 3.546
 Nb/Nf: 1.98384e+06 Eb/Ef: 2.90042e+06
mass_bos= 0.214625 mass_fer= 7.39981e-08
compactness= 0.0893526
compactness_boson= 0.0633113
E_binding= 0.177763
