mass= 0.321475numbos: 0.1423 numfer: 1.65757e-06 omega: 0.715932 r99bos: 3.36 r99fer: 0.048 r99tot: 3.522
 Nb/Nf: 85849 Eb/Ef: 102966
mass_bos= 0.217856 mass_fer= 2.11581e-06
compactness= 0.0912762
compactness_boson= 0.064838
E_binding= 0.179173
