mass= 0.372041numbos: 0.18311 numfer: 0.00238672 omega: 0.882472 r99bos: 7.32 r99fer: 1.548 r99tot: 7.422
 Nb/Nf: 76.7205 Eb/Ef: 82.2436
mass_bos= 0.200277 mass_fer= 0.00243516
compactness= 0.0501268
compactness_boson= 0.0273602
E_binding= 0.186545
