mass= 0.301691numbos: 0.128712 numfer: 5.05727e-06 omega: 0.735674 r99bos: 3.384 r99fer: 0.096 r99tot: 3.516
 Nb/Nf: 25450.8 Eb/Ef: 35467.7
mass_bos= 0.20549 mass_fer= 5.79371e-06
compactness= 0.0858052
compactness_boson= 0.0607239
E_binding= 0.172974
