mass= 0.45277numbos: 0.243043 numfer: 0.0127672 omega: 0.599103 r99bos: 3.288 r99fer: 1.398 r99tot: 3.582
 Nb/Nf: 19.0366 Eb/Ef: 19.1219
mass_bos= 0.28052 mass_fer= 0.0146701
compactness= 0.126401
compactness_boson= 0.0853164
E_binding= 0.19696
