mass= 0.322288numbos: 0.142848 numfer: 1.23692e-08 omega: 0.708453 r99bos: 3.27 r99fer: 0.006 r99tot: 3.438
 Nb/Nf: 1.15487e+07 Eb/Ef: 1.22666e+07
mass_bos= 0.220871 mass_fer= 1.80059e-08
compactness= 0.0937428
compactness_boson= 0.0675445
E_binding= 0.17944
