mass= 1.45008numbos: 0.0212261 numfer: 1.51359 omega: 0.439987 r99bos: 3.816 r99fer: 5.712 r99tot: 5.664
 Nb/Nf: 0.0140237 Eb/Ef: 0.0138073
mass_bos= 0.0261537 mass_fer= 1.89419
compactness= 0.256016
compactness_boson= 0.00685371
E_binding= -0.0847343
