mass= 0.309192numbos: 0.133819 numfer: 7.83861e-06 omega: 0.731449 r99bos: 3.42 r99fer: 0.096 r99tot: 3.558
 Nb/Nf: 17071.8 Eb/Ef: 21451.1
mass_bos= 0.209646 mass_fer= 9.77323e-06
compactness= 0.0869005
compactness_boson= 0.0613001
E_binding= 0.175365
