mass= 0.322311numbos: 0.142866 numfer: 4.12308e-09 omega: 0.708429 r99bos: 3.27 r99fer: 0.006 r99tot: 3.444
 Nb/Nf: 3.46503e+07 Eb/Ef: 4.65082e+07
mass_bos= 0.220885 mass_fer= 4.74937e-09
compactness= 0.0935863
compactness_boson= 0.0675489
E_binding= 0.179445
