mass= 0.421097numbos: 0.221095 numfer: 0.00180086 omega: 0.590558 r99bos: 2.928 r99fer: 0.696 r99tot: 3.228
 Nb/Nf: 122.772 Eb/Ef: 134.655
mass_bos= 0.281616 mass_fer= 0.00209139
compactness= 0.130451
compactness_boson= 0.0961802
E_binding= 0.198201
