mass= 0.30917numbos: 0.133805 numfer: 7.3945e-07 omega: 0.731476 r99bos: 3.42 r99fer: 0.054 r99tot: 3.558
 Nb/Nf: 180952 Eb/Ef: 258463
mass_bos= 0.209637 mass_fer= 8.11091e-07
compactness= 0.0868944
compactness_boson= 0.0612974
E_binding= 0.175365
