mass= 0.31171numbos: 0.135544 numfer: 1.15298e-07 omega: 0.728732 r99bos: 3.414 r99fer: 0.03 r99tot: 3.558
 Nb/Nf: 1.17559e+06 Eb/Ef: 1.73389e+06
mass_bos= 0.211238 mass_fer= 1.21829e-07
compactness= 0.0876081
compactness_boson= 0.061874
E_binding= 0.176166
