mass= 0.444372numbos: 0.233766 numfer: 0.016651 omega: 0.586741 r99bos: 3.072 r99fer: 1.38 r99tot: 3.366
 Nb/Nf: 14.0392 Eb/Ef: 14.0002
mass_bos= 0.281579 mass_fer= 0.0201125
compactness= 0.132018
compactness_boson= 0.0916597
E_binding= 0.193954
