mass= 0.325055numbos: 0.14481 numfer: 9.37986e-08 omega: 0.710288 r99bos: 3.324 r99fer: 0.018 r99tot: 3.498
 Nb/Nf: 1.54384e+06 Eb/Ef: 2.07554e+06
mass_bos= 0.220528 mass_fer= 1.06251e-07
compactness= 0.0929259
compactness_boson= 0.0663443
E_binding= 0.180244
