mass= 0.316844numbos: 0.139081 numfer: 5.84929e-07 omega: 0.722401 r99bos: 3.39 r99fer: 0.042 r99tot: 3.546
 Nb/Nf: 237774 Eb/Ef: 322643
mass_bos= 0.214625 mass_fer= 6.65208e-07
compactness= 0.0893525
compactness_boson= 0.0633111
E_binding= 0.177762
