mass= 0.45531numbos: 0.25139 numfer: 3.55637e-05 omega: 0.605338 r99bos: 3.396 r99fer: 0.396 r99tot: 3.708
 Nb/Nf: 7068.74 Eb/Ef: 7875.47
mass_bos= 0.284825 mass_fer= 3.61661e-05
compactness= 0.122791
compactness_boson= 0.0838707
E_binding= 0.203884
