mass= 0.321044numbos: 0.141973 numfer: 2.74962e-09 omega: 0.709965 r99bos: 3.276 r99fer: 0.006 r99tot: 3.444
 Nb/Nf: 5.16337e+07 Eb/Ef: 7.27438e+07
mass_bos= 0.22028 mass_fer= 3.02816e-09
compactness= 0.0932185
compactness_boson= 0.0672405
E_binding= 0.179071
