mass= 0.32421numbos: 0.144651 numfer: 0.000243437 omega: 0.685359 r99bos: 3.024 r99fer: 0.318 r99tot: 3.21
 Nb/Nf: 594.203 Eb/Ef: 747.822
mass_bos= 0.222567 mass_fer= 0.00029762
compactness= 0.101
compactness_boson= 0.0736002
E_binding= 0.179315
