mass= 1.33541numbos: 0.0890059 numfer: 1.27445 omega: 0.534728 r99bos: 4.242 r99fer: 6.42 r99tot: 6.372
 Nb/Nf: 0.0698385 Eb/Ef: 0.0717625
mass_bos= 0.10603 mass_fer= 1.47751
compactness= 0.209575
compactness_boson= 0.0249953
E_binding= -0.0280503
