mass= 1.33889numbos: 0.0741702 numfer: 1.29824 omega: 0.472504 r99bos: 3.708 r99fer: 5.958 r99tot: 5.904
 Nb/Nf: 0.0571314 Eb/Ef: 0.0589517
mass_bos= 0.0922518 mass_fer= 1.56487
compactness= 0.226776
compactness_boson= 0.0248791
E_binding= -0.0335214
