mass= 0.458799numbos: 0.143958 numfer: 0.174232 omega: 0.824872 r99bos: 5.826 r99fer: 5.262 r99tot: 5.52
 Nb/Nf: 0.826243 Eb/Ef: 0.895406
mass_bos= 0.163732 mass_fer= 0.182858
compactness= 0.0831157
compactness_boson= 0.0281036
E_binding= 0.140608
