mass= 0.40118numbos: 0.202261 numfer: 0.00704461 omega: 0.605215 r99bos: 2.91 r99fer: 0.96 r99tot: 3.18
 Nb/Nf: 28.7115 Eb/Ef: 30.0941
mass_bos= 0.266482 mass_fer= 0.00885496
compactness= 0.126157
compactness_boson= 0.0915746
E_binding= 0.191874
