mass= 1.33957numbos: 0.0759115 numfer: 1.29696 omega: 0.478348 r99bos: 3.756 r99fer: 6.006 r99tot: 5.952
 Nb/Nf: 0.0585305 Eb/Ef: 0.0604109
mass_bos= 0.0940232 mass_fer= 1.55639
compactness= 0.225061
compactness_boson= 0.0250328
E_binding= -0.0333017
