mass= 0.326351numbos: 0.145724 numfer: 3.65605e-07 omega: 0.707976 r99bos: 3.312 r99fer: 0.03 r99tot: 3.486
 Nb/Nf: 398584 Eb/Ef: 522952
mass_bos= 0.221572 mass_fer= 4.23695e-07
compactness= 0.0936176
compactness_boson= 0.0668997
E_binding= 0.180626
