mass= 0.323893numbos: 0.143982 numfer: 8.73373e-08 omega: 0.706495 r99bos: 3.264 r99fer: 0.006 r99tot: 3.438
 Nb/Nf: 1.64857e+06 Eb/Ef: 1.70369e+06
mass_bos= 0.221669 mass_fer= 1.30111e-07
compactness= 0.0942098
compactness_boson= 0.0679134
E_binding= 0.179911
