mass= 0.3017numbos: 0.128717 numfer: 8.61746e-06 omega: 0.735665 r99bos: 3.384 r99fer: 0.114 r99tot: 3.516
 Nb/Nf: 14936.8 Eb/Ef: 20375.5
mass_bos= 0.205492 mass_fer= 1.00853e-05
compactness= 0.0858076
compactness_boson= 0.0607247
E_binding= 0.172974
