mass= 1.45608numbos: 0.0533075 numfer: 1.48082 omega: 0.508898 r99bos: 4.362 r99fer: 6.312 r99tot: 6.264
 Nb/Nf: 0.0359986 Eb/Ef: 0.0359167
mass_bos= 0.0629298 mass_fer= 1.7521
compactness= 0.232452
compactness_boson= 0.0144268
E_binding= -0.0780497
