mass= 0.385074numbos: 0.191292 numfer: 0.00156963 omega: 0.616712 r99bos: 2.886 r99fer: 0.612 r99tot: 3.15
 Nb/Nf: 121.87 Eb/Ef: 137.593
mass_bos= 0.260755 mass_fer= 0.00189512
compactness= 0.122246
compactness_boson= 0.0903517
E_binding= 0.192213
