mass= 0.325061numbos: 0.144815 numfer: 4.79108e-09 omega: 0.710282 r99bos: 3.324 r99fer: 0.006 r99tot: 3.498
 Nb/Nf: 3.0226e+07 Eb/Ef: 4.42938e+07
mass_bos= 0.220532 mass_fer= 4.97886e-09
compactness= 0.0929278
compactness_boson= 0.0663455
E_binding= 0.180246
