mass= 0.327347numbos: 0.14643 numfer: 1.33475e-07 omega: 0.703269 r99bos: 3.264 r99fer: 0.012 r99tot: 3.444
 Nb/Nf: 1.09706e+06 Eb/Ef: 1.28426e+06
mass_bos= 0.223278 mass_fer= 1.73857e-07
compactness= 0.0950485
compactness_boson= 0.0684064
E_binding= 0.180917
