mass= 0.912506numbos: 0.123641 numfer: 0.714924 omega: 0.67888 r99bos: 4.662 r99fer: 7.056 r99tot: 6.978
 Nb/Nf: 0.172943 Eb/Ef: 0.189059
mass_bos= 0.145768 mass_fer= 0.771018
compactness= 0.130769
compactness_boson= 0.0312672
E_binding= 0.0739414
