mass= 0.319261numbos: 0.140758 numfer: 9.15043e-07 omega: 0.719118 r99bos: 3.372 r99fer: 0.048 r99tot: 3.534
 Nb/Nf: 153826 Eb/Ef: 204008
mass_bos= 0.216287 mass_fer= 1.06019e-06
compactness= 0.0903397
compactness_boson= 0.0641422
E_binding= 0.178502
