mass= 0.32006numbos: 0.141278 numfer: 1.73175e-08 omega: 0.7111 r99bos: 3.276 r99fer: 0.006 r99tot: 3.444
 Nb/Nf: 8.15809e+06 Eb/Ef: 7.7493e+06
mass_bos= 0.219817 mass_fer= 2.8366e-08
compactness= 0.0929326
compactness_boson= 0.0670991
E_binding= 0.178782
