mass= 0.322255numbos: 0.142824 numfer: 2.03412e-08 omega: 0.708486 r99bos: 3.264 r99fer: 0.006 r99tot: 3.438
 Nb/Nf: 7.02139e+06 Eb/Ef: 6.20631e+06
mass_bos= 0.220851 mass_fer= 3.5585e-08
compactness= 0.0937334
compactness_boson= 0.0676627
E_binding= 0.179432
