mass= 0.306796numbos: 0.132184 numfer: 5.032e-06 omega: 0.733704 r99bos: 3.42 r99fer: 0.09 r99tot: 3.558
 Nb/Nf: 26268.7 Eb/Ef: 34763.4
mass_bos= 0.208194 mass_fer= 5.98888e-06
compactness= 0.0862271
compactness_boson= 0.0608754
E_binding= 0.174607
