mass= 0.327837numbos: 0.146776 numfer: 4.11368e-08 omega: 0.704657 r99bos: 3.288 r99fer: 0.012 r99tot: 3.462
 Nb/Nf: 3.56801e+06 Eb/Ef: 4.9106e+06
mass_bos= 0.222965 mass_fer= 4.54047e-08
compactness= 0.0946957
compactness_boson= 0.0678116
E_binding= 0.18106
