mass= 0.420635numbos: 0.220605 numfer: 0.00207165 omega: 0.590957 r99bos: 2.928 r99fer: 0.72 r99tot: 3.228
 Nb/Nf: 106.487 Eb/Ef: 116.147
mass_bos= 0.28115 mass_fer= 0.00242065
compactness= 0.130308
compactness_boson= 0.0960212
E_binding= 0.197958
