mass= 0.445489numbos: 0.219686 numfer: 0.0416439 omega: 0.59022 r99bos: 3.066 r99fer: 1.92 r99tot: 3.318
 Nb/Nf: 5.27536 Eb/Ef: 5.24538
mass_bos= 0.266631 mass_fer= 0.0508316
compactness= 0.134264
compactness_boson= 0.0869637
E_binding= 0.184159
