mass= 0.301237numbos: 0.128403 numfer: 3.48571e-06 omega: 0.73137 r99bos: 3.324 r99fer: 0.096 r99tot: 3.456
 Nb/Nf: 36836.8 Eb/Ef: 53597.4
mass_bos= 0.205816 mass_fer= 3.84004e-06
compactness= 0.0871634
compactness_boson= 0.0619183
E_binding= 0.172831
