mass= 0.320088numbos: 0.141299 numfer: 1.20951e-08 omega: 0.711072 r99bos: 3.276 r99fer: 0.006 r99tot: 3.444
 Nb/Nf: 1.16823e+07 Eb/Ef: 1.25729e+07
mass_bos= 0.219834 mass_fer= 1.74846e-08
compactness= 0.0929407
compactness_boson= 0.0671042
E_binding= 0.178789
