mass= 0.320988numbos: 0.14193 numfer: 1.89651e-08 omega: 0.710022 r99bos: 3.27 r99fer: 0.006 r99tot: 3.438
 Nb/Nf: 7.48378e+06 Eb/Ef: 6.83653e+06
mass_bos= 0.220245 mass_fer= 3.2216e-08
compactness= 0.0933647
compactness_boson= 0.0673534
E_binding= 0.179057
