mass= 0.316846numbos: 0.139083 numfer: 1.13528e-06 omega: 0.722398 r99bos: 3.39 r99fer: 0.048 r99tot: 3.546
 Nb/Nf: 122509 Eb/Ef: 158586
mass_bos= 0.214626 mass_fer= 1.35337e-06
compactness= 0.0893531
compactness_boson= 0.0633114
E_binding= 0.177762
