mass= 0.504938numbos: 0.195988 numfer: 0.147933 omega: 0.595466 r99bos: 3.216 r99fer: 3.6 r99tot: 3.558
 Nb/Nf: 1.32485 Eb/Ef: 1.37633
mass_bos= 0.234838 mass_fer= 0.170627
compactness= 0.141916
compactness_boson= 0.0730218
E_binding= 0.161017
