mass= 0.309176numbos: 0.133809 numfer: 4.61336e-08 omega: 0.731472 r99bos: 3.42 r99fer: 0.024 r99tot: 3.564
 Nb/Nf: 2.90046e+06 Eb/Ef: 4.37119e+06
mass_bos= 0.209641 mass_fer= 4.79596e-08
compactness= 0.0867497
compactness_boson= 0.0612984
E_binding= 0.175367
