mass= 0.320996numbos: 0.141937 numfer: 1.78658e-08 omega: 0.710014 r99bos: 3.27 r99fer: 0.006 r99tot: 3.444
 Nb/Nf: 7.94463e+06 Eb/Ef: 7.43462e+06
mass_bos= 0.220251 mass_fer= 2.9625e-08
compactness= 0.0932044
compactness_boson= 0.0673549
E_binding= 0.179059
