mass= 0.331386numbos: 0.149786 numfer: 0.000821316 omega: 0.67517 r99bos: 2.988 r99fer: 0.45 r99tot: 3.186
 Nb/Nf: 182.373 Eb/Ef: 215.624
mass_bos= 0.226978 mass_fer= 0.00105266
compactness= 0.104013
compactness_boson= 0.0759633
E_binding= 0.180779
