mass= 0.318584numbos: 0.140243 numfer: 6.59584e-09 omega: 0.712769 r99bos: 3.282 r99fer: 0.006 r99tot: 3.45
 Nb/Nf: 2.12623e+07 Eb/Ef: 2.67285e+07
mass_bos= 0.219137 mass_fer= 8.19862e-09
compactness= 0.0923433
compactness_boson= 0.0667694
E_binding= 0.178342
