mass= 1.51094numbos: 0 numfer: 1.62442 omega: 0.308229 r99bos: 3.282 r99fer: 5.796 r99tot: 5.772
 Nb/Nf: 0 Eb/Ef: 0
mass_bos= 0 mass_fer= 2.02753
compactness= 0.26177
compactness_boson= 0
E_binding= -0.113477
