mass= 0.321472numbos: 0.142299 numfer: 8.63327e-07 omega: 0.715936 r99bos: 3.36 r99fer: 0.042 r99tot: 3.522
 Nb/Nf: 164826 Eb/Ef: 210193
mass_bos= 0.217854 mass_fer= 1.03645e-06
compactness= 0.0912754
compactness_boson= 0.0648376
E_binding= 0.179173
