mass= 0.321497numbos: 0.154686 numfer: 0.00151141 omega: 0.822494 r99bos: 5.256 r99fer: 1.146 r99tot: 5.394
 Nb/Nf: 102.345 Eb/Ef: 114.166
mass_bos= 0.177941 mass_fer= 0.00155861
compactness= 0.0596027
compactness_boson= 0.0338548
E_binding= 0.1653
