mass= 0.4115numbos: 0.213414 numfer: 0.000568998 omega: 0.596007 r99bos: 2.904 r99fer: 0.516 r99tot: 3.192
 Nb/Nf: 375.071 Eb/Ef: 433.827
mass_bos= 0.277197 mass_fer= 0.000638957
compactness= 0.128916
compactness_boson= 0.0954535
E_binding= 0.197516
