mass= 1.62735numbos: 0 numfer: 1.78532 omega: 0.418881 r99bos: 3.288 r99fer: 6.84 r99tot: 6.816
 Nb/Nf: 0 Eb/Ef: 0
mass_bos= 0 mass_fer= 2.07432
compactness= 0.238754
compactness_boson= 0
E_binding= -0.157975
