mass= 0.328024numbos: 0.146909 numfer: 7.50421e-08 omega: 0.703706 r99bos: 3.276 r99fer: 0.012 r99tot: 3.456
 Nb/Nf: 1.95769e+06 Eb/Ef: 2.5181e+06
mass_bos= 0.223301 mass_fer= 8.86785e-08
compactness= 0.0949142
compactness_boson= 0.0681627
E_binding= 0.181114
