mass= 0.32007numbos: 0.141285 numfer: 1.59413e-08 omega: 0.71109 r99bos: 3.276 r99fer: 0.006 r99tot: 3.444
 Nb/Nf: 8.86282e+06 Eb/Ef: 8.68739e+06
mass_bos= 0.219822 mass_fer= 2.53036e-08
compactness= 0.0929354
compactness_boson= 0.0671009
E_binding= 0.178785
