mass= 1.14384numbos: 0.112697 numfer: 1.00364 omega: 0.540697 r99bos: 3.72 r99fer: 6.6 r99tot: 6.54
 Nb/Nf: 0.112288 Eb/Ef: 0.122852
mass_bos= 0.1393 mass_fer= 1.13388
compactness= 0.174899
compactness_boson= 0.0374462
E_binding= 0.0275008
