mass= 0.321038numbos: 0.141968 numfer: 4.94823e-09 omega: 0.709971 r99bos: 3.276 r99fer: 0.006 r99tot: 3.444
 Nb/Nf: 2.86907e+07 Eb/Ef: 3.7652e+07
mass_bos= 0.220276 mass_fer= 5.8503e-09
compactness= 0.0932165
compactness_boson= 0.0672392
E_binding= 0.17907
