mass= 0.451285numbos: 0.241133 numfer: 0.0139445 omega: 0.587281 r99bos: 3.138 r99fer: 1.35 r99tot: 3.438
 Nb/Nf: 17.2923 Eb/Ef: 17.2764
mass_bos= 0.284953 mass_fer= 0.0164938
compactness= 0.131264
compactness_boson= 0.0908073
E_binding= 0.196208
