mass= 0.319297numbos: 0.140742 numfer: 1.31944e-08 omega: 0.711963 r99bos: 3.276 r99fer: 0.006 r99tot: 3.444
 Nb/Nf: 1.06668e+07 Eb/Ef: 1.11927e+07
mass_bos= 0.219468 mass_fer= 1.96082e-08
compactness= 0.0927111
compactness_boson= 0.0669926
E_binding= 0.178555
