mass= 0.326517numbos: 0.145841 numfer: 3.43628e-08 omega: 0.703798 r99bos: 3.258 r99fer: 0.006 r99tot: 3.438
 Nb/Nf: 4.24414e+06 Eb/Ef: 5.07609e+06
mass_bos= 0.222942 mass_fer= 4.39201e-08
compactness= 0.0949728
compactness_boson= 0.0684292
E_binding= 0.180676
