mass= 0.301684numbos: 0.128707 numfer: 1.58615e-07 omega: 0.735682 r99bos: 3.384 r99fer: 0.042 r99tot: 3.516
 Nb/Nf: 811446 Eb/Ef: 1.24915e+06
mass_bos= 0.205488 mass_fer= 1.64502e-07
compactness= 0.0858031
compactness_boson= 0.0607234
E_binding= 0.172976
