mass= 0.43028numbos: 0.224209 numfer: 0.0120802 omega: 0.589128 r99bos: 2.988 r99fer: 1.2 r99tot: 3.276
 Nb/Nf: 18.5601 Eb/Ef: 18.7908
mass_bos= 0.278863 mass_fer= 0.0148404
compactness= 0.131343
compactness_boson= 0.0933278
E_binding= 0.193991
