mass= 0.376586numbos: 0.187496 numfer: 0.00836154 omega: 0.714312 r99bos: 4.044 r99fer: 1.524 r99tot: 4.266
 Nb/Nf: 22.4236 Eb/Ef: 24.0126
mass_bos= 0.215941 mass_fer= 0.00899279
compactness= 0.0882761
compactness_boson= 0.0533978
E_binding= 0.180729
