mass= 0.418498numbos: 0.218293 numfer: 0.00338645 omega: 0.592773 r99bos: 2.934 r99fer: 0.81 r99tot: 3.222
 Nb/Nf: 64.4607 Eb/Ef: 68.9382
mass_bos= 0.278966 mass_fer= 0.00404661
compactness= 0.129888
compactness_boson= 0.0950804
E_binding= 0.196819
