mass= 0.32228numbos: 0.142842 numfer: 1.64923e-08 omega: 0.708461 r99bos: 3.264 r99fer: 0.006 r99tot: 3.438
 Nb/Nf: 8.66115e+06 Eb/Ef: 8.33047e+06
mass_bos= 0.220866 mass_fer= 2.6513e-08
compactness= 0.0937406
compactness_boson= 0.0676673
E_binding= 0.179438
