mass= 0.306815numbos: 0.132196 numfer: 1.21199e-05 omega: 0.733683 r99bos: 3.42 r99fer: 0.108 r99tot: 3.558
 Nb/Nf: 10907.4 Eb/Ef: 13561.6
mass_bos= 0.2082 mass_fer= 1.53522e-05
compactness= 0.0862324
compactness_boson= 0.0608773
E_binding= 0.174606
