mass= 0.309211numbos: 0.133831 numfer: 1.42921e-05 omega: 0.731428 r99bos: 3.42 r99fer: 0.114 r99tot: 3.564
 Nb/Nf: 9364.04 Eb/Ef: 11279.2
mass_bos= 0.209653 mass_fer= 1.85875e-05
compactness= 0.0867594
compactness_boson= 0.0613021
E_binding= 0.175365
