mass= 0.326353numbos: 0.145726 numfer: 6.53305e-09 omega: 0.707975 r99bos: 3.312 r99fer: 0.006 r99tot: 3.486
 Nb/Nf: 2.23059e+07 Eb/Ef: 3.2224e+07
mass_bos= 0.221573 mass_fer= 6.87603e-09
compactness= 0.0936181
compactness_boson= 0.0669001
E_binding= 0.180627
