mass= 0.32729numbos: 0.146389 numfer: 3.16608e-09 omega: 0.706079 r99bos: 3.3 r99fer: 0.006 r99tot: 3.474
 Nb/Nf: 4.62367e+07 Eb/Ef: 6.86685e+07
mass_bos= 0.222393 mass_fer= 3.23865e-09
compactness= 0.0942112
compactness_boson= 0.0673919
E_binding= 0.180901
