mass= 0.320095numbos: 0.141304 numfer: 8.24615e-09 omega: 0.711064 r99bos: 3.276 r99fer: 0.006 r99tot: 3.444
 Nb/Nf: 1.71358e+07 Eb/Ef: 2.04475e+07
mass_bos= 0.219838 mass_fer= 1.07513e-08
compactness= 0.0929429
compactness_boson= 0.0671056
E_binding= 0.178791
