mass= 0.302941numbos: 0.129561 numfer: 1.01746e-05 omega: 0.735973 r99bos: 3.402 r99fer: 0.114 r99tot: 3.534
 Nb/Nf: 12733.8 Eb/Ef: 16869.1
mass_bos= 0.206046 mass_fer= 1.22144e-05
compactness= 0.085722
compactness_boson= 0.060566
E_binding= 0.17337
