mass= 0.435428numbos: 0.233904 numfer: 1.04774e-05 omega: 0.581794 r99bos: 2.958 r99fer: 0.234 r99tot: 3.264
 Nb/Nf: 22324.7 Eb/Ef: 27134.2
mass_bos= 0.2907 mass_fer= 1.07134e-05
compactness= 0.133403
compactness_boson= 0.0982759
E_binding= 0.201514
