mass= 0.428439numbos: 0.22633 numfer: 0.00432073 omega: 0.587605 r99bos: 2.958 r99fer: 0.888 r99tot: 3.258
 Nb/Nf: 52.3825 Eb/Ef: 55.1215
mass_bos= 0.283588 mass_fer= 0.00514477
compactness= 0.131504
compactness_boson= 0.0958714
E_binding= 0.197788
