mass= 0.322293numbos: 0.142852 numfer: 1.15441e-08 omega: 0.708448 r99bos: 3.27 r99fer: 0.006 r99tot: 3.438
 Nb/Nf: 1.23745e+07 Eb/Ef: 1.34239e+07
mass_bos= 0.220874 mass_fer= 1.64538e-08
compactness= 0.0937442
compactness_boson= 0.0675454
E_binding= 0.179441
