mass= 0.321474numbos: 0.1423 numfer: 1.4117e-06 omega: 0.715933 r99bos: 3.36 r99fer: 0.048 r99tot: 3.522
 Nb/Nf: 100801 Eb/Ef: 124347
mass_bos= 0.217855 mass_fer= 1.75199e-06
compactness= 0.0912759
compactness_boson= 0.0648379
E_binding= 0.179173
