mass= 1.45582numbos: 0.0566294 numfer: 1.47594 omega: 0.521491 r99bos: 4.476 r99fer: 6.42 r99tot: 6.372
 Nb/Nf: 0.0383683 Eb/Ef: 0.0383243
mass_bos= 0.0663799 mass_fer= 1.73206
compactness= 0.228472
compactness_boson= 0.0148302
E_binding= -0.0767505
