mass= 1.33543numbos: 0.0836045 numfer: 1.28171 omega: 0.504959 r99bos: 3.96 r99fer: 6.216 r99tot: 6.168
 Nb/Nf: 0.0652291 Eb/Ef: 0.067436
mass_bos= 0.101809 mass_fer= 1.50972
compactness= 0.216509
compactness_boson= 0.0257094
E_binding= -0.0298854
