mass= 0.317043numbos: 0.139164 numfer: 1.64923e-08 omega: 0.714594 r99bos: 3.282 r99fer: 0.006 r99tot: 3.45
 Nb/Nf: 8.43813e+06 Eb/Ef: 8.23716e+06
mass_bos= 0.218392 mass_fer= 2.6513e-08
compactness= 0.0918965
compactness_boson= 0.0665424
E_binding= 0.177879
