mass= 0.317196numbos: 0.139554 numfer: 0.000345696 omega: 0.696551 r99bos: 3.078 r99fer: 0.336 r99tot: 3.252
 Nb/Nf: 403.69 Eb/Ef: 494.908
mass_bos= 0.217647 mass_fer= 0.000439772
compactness= 0.0975387
compactness_boson= 0.0707105
E_binding= 0.177296
