mass= 0.458116numbos: 0.252107 numfer: 0.00374667 omega: 0.595932 r99bos: 3.306 r99fer: 1.032 r99tot: 3.618
 Nb/Nf: 67.2883 Eb/Ef: 69.7492
mass_bos= 0.288292 mass_fer= 0.00413326
compactness= 0.126621
compactness_boson= 0.0872026
E_binding= 0.202263
