mass= 0.301681numbos: 0.128705 numfer: 2.8458e-07 omega: 0.735684 r99bos: 3.384 r99fer: 0.048 r99tot: 3.516
 Nb/Nf: 452264 Eb/Ef: 689246
mass_bos= 0.205487 mass_fer= 2.98133e-07
compactness= 0.0858024
compactness_boson= 0.060723
E_binding= 0.172976
