mass= 0.302947numbos: 0.129565 numfer: 1.24724e-05 omega: 0.735968 r99bos: 3.402 r99fer: 0.12 r99tot: 3.54
 Nb/Nf: 10388.1 Eb/Ef: 13594.9
mass_bos= 0.206047 mass_fer= 1.51562e-05
compactness= 0.0855781
compactness_boson= 0.0605665
E_binding= 0.173369
