mass= 0.327856numbos: 0.146791 numfer: 1.38378e-07 omega: 0.70324 r99bos: 3.27 r99fer: 0.012 r99tot: 3.45
 Nb/Nf: 1.06079e+06 Eb/Ef: 1.18466e+06
mass_bos= 0.223403 mass_fer= 1.8858e-07
compactness= 0.0950307
compactness_boson= 0.0683189
E_binding= 0.181065
