mass= 0.323427numbos: 0.143667 numfer: 2.25501e-06 omega: 0.712952 r99bos: 3.342 r99fer: 0.054 r99tot: 3.51
 Nb/Nf: 63709.9 Eb/Ef: 74066.2
mass_bos= 0.219285 mass_fer= 2.96066e-06
compactness= 0.0921444
compactness_boson= 0.0656148
E_binding= 0.179758
