mass= 0.449908numbos: 0.230784 numfer: 0.0298359 omega: 0.600246 r99bos: 3.24 r99fer: 1.794 r99tot: 3.51
 Nb/Nf: 7.7351 Eb/Ef: 7.68107
mass_bos= 0.270183 mass_fer= 0.0351752
compactness= 0.128179
compactness_boson= 0.0833898
E_binding= 0.189289
