mass= 0.332471numbos: 0.150747 numfer: 0.000162613 omega: 0.673411 r99bos: 2.976 r99fer: 0.3 r99tot: 3.18
 Nb/Nf: 927.032 Eb/Ef: 1192.3
mass_bos= 0.228208 mass_fer= 0.000191402
compactness= 0.104551
compactness_boson= 0.0766827
E_binding= 0.181561
