mass= 0.306826numbos: 0.132203 numfer: 1.65104e-05 omega: 0.733671 r99bos: 3.42 r99fer: 0.114 r99tot: 3.558
 Nb/Nf: 8007.3 Eb/Ef: 9710.71
mass_bos= 0.208204 mass_fer= 2.14406e-05
compactness= 0.0862355
compactness_boson= 0.0608783
E_binding= 0.174606
