mass= 1.18812numbos: 0.0999206 numfer: 1.07877 omega: 0.720919 r99bos: 6.522 r99fer: 7.77 r99tot: 7.728
 Nb/Nf: 0.0926243 Eb/Ef: 0.0938085
mass_bos= 0.108828 mass_fer= 1.16011
compactness= 0.153743
compactness_boson= 0.0166864
E_binding= 0.00943106
