mass= 0.307472numbos: 0.132696 numfer: 0.00016418 omega: 0.714491 r99bos: 3.186 r99fer: 0.258 r99tot: 3.336
 Nb/Nf: 808.236 Eb/Ef: 1011.83
mass_bos= 0.210808 mass_fer= 0.000208344
compactness= 0.0921677
compactness_boson= 0.0661669
E_binding= 0.174611
