mass= 0.45099numbos: 0.237008 numfer: 0.0208724 omega: 0.59304 r99bos: 3.186 r99fer: 1.554 r99tot: 3.474
 Nb/Nf: 11.3551 Eb/Ef: 11.2718
mass_bos= 0.278437 mass_fer= 0.0247021
compactness= 0.129819
compactness_boson= 0.087394
E_binding= 0.193109
