mass= 0.314299numbos: 0.137324 numfer: 6.03202e-07 omega: 0.725652 r99bos: 3.402 r99fer: 0.042 r99tot: 3.552
 Nb/Nf: 227658 Eb/Ef: 310016
mass_bos= 0.212922 mass_fer= 6.8681e-07
compactness= 0.0884852
compactness_boson= 0.0625873
E_binding= 0.176975
