mass= 0.453149numbos: 0.162432 numfer: 0.138705 omega: 0.701218 r99bos: 3.972 r99fer: 4.206 r99tot: 4.2
 Nb/Nf: 1.17106 Eb/Ef: 1.27188
mass_bos= 0.191454 mass_fer= 0.150529
compactness= 0.107893
compactness_boson= 0.0482009
E_binding= 0.152012
