mass= 0.323896numbos: 0.143984 numfer: 7.2887e-08 omega: 0.706492 r99bos: 3.264 r99fer: 0.006 r99tot: 3.438
 Nb/Nf: 1.97545e+06 Eb/Ef: 2.16308e+06
mass_bos= 0.221671 mass_fer= 1.02479e-07
compactness= 0.0942107
compactness_boson= 0.067914
E_binding= 0.179912
