mass= 1.00991numbos: 0.133908 numfer: 0.814895 omega: 0.497384 r99bos: 3.168 r99fer: 6.138 r99tot: 6.06
 Nb/Nf: 0.164326 Eb/Ef: 0.180283
mass_bos= 0.168833 mass_fer= 0.936489
compactness= 0.166652
compactness_boson= 0.0532933
E_binding= 0.0611061
