mass= 0.321471numbos: 0.142298 numfer: 1.85966e-08 omega: 0.715938 r99bos: 3.36 r99fer: 0.012 r99tot: 3.522
 Nb/Nf: 7.65181e+06 Eb/Ef: 1.11013e+07
mass_bos= 0.217854 mass_fer= 1.96242e-08
compactness= 0.091275
compactness_boson= 0.0648375
E_binding= 0.179173
