mass= 0.47685numbos: 0.15259 numfer: 0.18063 omega: 0.716571 r99bos: 4.152 r99fer: 4.806 r99tot: 4.71
 Nb/Nf: 0.844767 Eb/Ef: 0.927976
mass_bos= 0.180207 mass_fer= 0.194194
compactness= 0.101242
compactness_boson= 0.0434025
E_binding= 0.14363
