mass= 1.40464numbos: 0.0474757 numfer: 1.41919 omega: 0.456182 r99bos: 3.798 r99fer: 5.808 r99tot: 5.76
 Nb/Nf: 0.0334526 Eb/Ef: 0.0334663
mass_bos= 0.0584712 mass_fer= 1.74717
compactness= 0.243861
compactness_boson= 0.0153953
E_binding= -0.0620315
