mass= 0.320085numbos: 0.141297 numfer: 1.29175e-08 omega: 0.711074 r99bos: 3.276 r99fer: 0.006 r99tot: 3.444
 Nb/Nf: 1.09384e+07 Eb/Ef: 1.15307e+07
mass_bos= 0.219832 mass_fer= 1.9065e-08
compactness= 0.09294
compactness_boson= 0.0671038
E_binding= 0.178789
