mass= 0.327863numbos: 0.146796 numfer: 1.37171e-08 omega: 0.703233 r99bos: 3.27 r99fer: 0.006 r99tot: 3.45
 Nb/Nf: 1.07017e+07 Eb/Ef: 1.4528e+07
mass_bos= 0.223407 mass_fer= 1.53777e-08
compactness= 0.0950328
compactness_boson= 0.0683203
E_binding= 0.181067
