mass= 0.320034numbos: 0.141258 numfer: 2.06154e-08 omega: 0.711126 r99bos: 3.27 r99fer: 0.006 r99tot: 3.438
 Nb/Nf: 6.85207e+06 Eb/Ef: 6.05967e+06
mass_bos= 0.219801 mass_fer= 3.62728e-08
compactness= 0.0930873
compactness_boson= 0.0672175
E_binding= 0.178776
