mass= 0.32392numbos: 0.144002 numfer: 1.37345e-09 omega: 0.706468 r99bos: 3.264 r99fer: 0.006 r99tot: 3.438
 Nb/Nf: 1.04847e+08 Eb/Ef: 1.53633e+08
mass_bos= 0.221686 mass_fer= 1.44295e-09
compactness= 0.0942176
compactness_boson= 0.0679184
E_binding= 0.179918
