mass= 0.309169numbos: 0.133803 numfer: 1.27512e-07 omega: 0.731479 r99bos: 3.42 r99fer: 0.03 r99tot: 3.558
 Nb/Nf: 1.04934e+06 Eb/Ef: 1.54741e+06
mass_bos= 0.209636 mass_fer= 1.35475e-07
compactness= 0.0868939
compactness_boson= 0.0612971
E_binding= 0.175365
