mass= 0.307488numbos: 0.132713 numfer: 0.000134571 omega: 0.714432 r99bos: 3.18 r99fer: 0.252 r99tot: 3.336
 Nb/Nf: 986.196 Eb/Ef: 1249.96
mass_bos= 0.210845 mass_fer= 0.000168682
compactness= 0.0921728
compactness_boson= 0.0663035
E_binding= 0.174641
