mass= 0.324387numbos: 0.144808 numfer: 9.43991e-05 omega: 0.684999 r99bos: 3.024 r99fer: 0.252 r99tot: 3.21
 Nb/Nf: 1534 Eb/Ef: 2023.9
mass_bos= 0.222804 mass_fer= 0.000110086
compactness= 0.101055
compactness_boson= 0.0736786
E_binding= 0.179484
