mass= 0.31858numbos: 0.14024 numfer: 7.972e-09 omega: 0.712773 r99bos: 3.282 r99fer: 0.006 r99tot: 3.45
 Nb/Nf: 1.75915e+07 Eb/Ef: 2.12476e+07
mass_bos= 0.219135 mass_fer= 1.03134e-08
compactness= 0.0923421
compactness_boson= 0.0667687
E_binding= 0.178341
