mass= 0.352393numbos: 0.16585 numfer: 4.29336e-05 omega: 0.648468 r99bos: 2.91 r99fer: 0.24 r99tot: 3.138
 Nb/Nf: 3862.94 Eb/Ef: 5165.88
mass_bos= 0.241377 mass_fer= 4.67252e-05
compactness= 0.112299
compactness_boson= 0.0829473
E_binding= 0.1865
