mass= 0.327835numbos: 0.146775 numfer: 2.18135e-07 omega: 0.704659 r99bos: 3.288 r99fer: 0.018 r99tot: 3.462
 Nb/Nf: 672861 Eb/Ef: 793860
mass_bos= 0.222963 mass_fer= 2.8086e-07
compactness= 0.0946952
compactness_boson= 0.0678112
E_binding= 0.18106
