mass= 0.321032numbos: 0.141964 numfer: 7.14685e-09 omega: 0.709977 r99bos: 3.276 r99fer: 0.006 r99tot: 3.444
 Nb/Nf: 1.98638e+07 Eb/Ef: 2.43971e+07
mass_bos= 0.220272 mass_fer= 9.02861e-09
compactness= 0.0932148
compactness_boson= 0.0672381
E_binding= 0.179068
