mass= 0.445594numbos: 0.225635 numfer: 0.0322924 omega: 0.590277 r99bos: 3.09 r99fer: 1.752 r99tot: 3.36
 Nb/Nf: 6.98726 Eb/Ef: 6.92438
mass_bos= 0.271717 mass_fer= 0.0392406
compactness= 0.132617
compactness_boson= 0.0879342
E_binding= 0.187666
