mass= 0.321015numbos: 0.141951 numfer: 1.45678e-08 omega: 0.709994 r99bos: 3.27 r99fer: 0.006 r99tot: 3.444
 Nb/Nf: 9.74414e+06 Eb/Ef: 9.8391e+06
mass_bos= 0.220262 mass_fer= 2.23864e-08
compactness= 0.09321
compactness_boson= 0.0673584
E_binding= 0.179064
