mass= 0.435411numbos: 0.225182 numfer: 0.0183814 omega: 0.588659 r99bos: 3.018 r99fer: 1.392 r99tot: 3.3
 Nb/Nf: 12.2506 Eb/Ef: 12.2459
mass_bos= 0.27696 mass_fer= 0.0226165
compactness= 0.131943
compactness_boson= 0.0917694
E_binding= 0.191848
