mass= 0.31704numbos: 0.139162 numfer: 1.67665e-08 omega: 0.714597 r99bos: 3.282 r99fer: 0.006 r99tot: 3.444
 Nb/Nf: 8.30003e+06 Eb/Ef: 8.05183e+06
mass_bos= 0.21839 mass_fer= 2.71231e-08
compactness= 0.0920557
compactness_boson= 0.0665419
E_binding= 0.177878
