mass= 0.325371numbos: 0.145028 numfer: 3.02377e-09 omega: 0.704853 r99bos: 3.264 r99fer: 0.006 r99tot: 3.438
 Nb/Nf: 4.79627e+07 Eb/Ef: 6.61797e+07
mass_bos= 0.222405 mass_fer= 3.36062e-09
compactness= 0.0946395
compactness_boson= 0.0681387
E_binding= 0.180342
