mass= 0.317098numbos: 0.139205 numfer: 3.84893e-09 omega: 0.714538 r99bos: 3.288 r99fer: 0.006 r99tot: 3.45
 Nb/Nf: 3.61673e+07 Eb/Ef: 4.97019e+07
mass_bos= 0.218425 mass_fer= 4.39471e-09
compactness= 0.0919125
compactness_boson= 0.0664311
E_binding= 0.177893
