mass= 0.438537numbos: 0.215086 numfer: 0.0396118 omega: 0.590018 r99bos: 3.012 r99fer: 1.854 r99tot: 3.264
 Nb/Nf: 5.42986 Eb/Ef: 5.41829
mass_bos= 0.265439 mass_fer= 0.0489894
compactness= 0.134356
compactness_boson= 0.0881272
E_binding= 0.183839
