mass= 0.509297numbos: 0.196069 numfer: 0.152897 omega: 0.583442 r99bos: 3.114 r99fer: 3.576 r99tot: 3.51
 Nb/Nf: 1.28236 Eb/Ef: 1.33249
mass_bos= 0.237837 mass_fer= 0.17849
compactness= 0.145099
compactness_boson= 0.0763766
E_binding= 0.160331
