mass= 0.302918numbos: 0.129546 numfer: 1.43294e-07 omega: 0.735999 r99bos: 3.402 r99fer: 0.036 r99tot: 3.534
 Nb/Nf: 904055 Eb/Ef: 1.37479e+06
mass_bos= 0.206037 mass_fer= 1.49869e-07
compactness= 0.0857152
compactness_boson= 0.0605636
E_binding= 0.173372
