mass= 0.323899numbos: 0.143987 numfer: 7.70105e-08 omega: 0.706489 r99bos: 3.264 r99fer: 0.006 r99tot: 3.438
 Nb/Nf: 1.8697e+06 Eb/Ef: 2.01255e+06
mass_bos= 0.221673 mass_fer= 1.10146e-07
compactness= 0.0942116
compactness_boson= 0.0679145
E_binding= 0.179913
