mass= 0.41451numbos: 0.213778 numfer: 0.00611876 omega: 0.596054 r99bos: 2.928 r99fer: 0.948 r99tot: 3.216
 Nb/Nf: 34.938 Eb/Ef: 36.5402
mass_bos= 0.274749 mass_fer= 0.00751909
compactness= 0.12889
compactness_boson= 0.0938351
E_binding= 0.194614
