mass= 0.9686numbos: 0.136207 numfer: 0.762779 omega: 0.540024 r99bos: 3.42 r99fer: 6.348 r99tot: 6.264
 Nb/Nf: 0.178567 Eb/Ef: 0.196127
mass_bos= 0.168217 mass_fer= 0.857694
compactness= 0.15463
compactness_boson= 0.0491861
E_binding= 0.069614
