mass= 0.327857numbos: 0.146792 numfer: 1.29467e-07 omega: 0.703239 r99bos: 3.27 r99fer: 0.012 r99tot: 3.45
 Nb/Nf: 1.13382e+06 Eb/Ef: 1.28446e+06
mass_bos= 0.223404 mass_fer= 1.73928e-07
compactness= 0.0950311
compactness_boson= 0.0683192
E_binding= 0.181065
