mass= 0.433767numbos: 0.222004 numfer: 0.0215365 omega: 0.589681 r99bos: 3.006 r99fer: 1.464 r99tot: 3.282
 Nb/Nf: 10.3082 Eb/Ef: 10.2905
mass_bos= 0.274179 mass_fer= 0.0266439
compactness= 0.132166
compactness_boson= 0.0912105
E_binding= 0.190227
