mass= 0.412278numbos: 0.209686 numfer: 0.0152483 omega: 0.663387 r99bos: 3.696 r99fer: 1.674 r99tot: 3.948
 Nb/Nf: 13.7515 Eb/Ef: 14.2546
mass_bos= 0.240462 mass_fer= 0.016869
compactness= 0.104427
compactness_boson= 0.0650601
E_binding= 0.187343
