mass= 0.319257numbos: 0.140755 numfer: 2.88987e-07 omega: 0.719122 r99bos: 3.372 r99fer: 0.03 r99tot: 3.534
 Nb/Nf: 487063 Eb/Ef: 657390
mass_bos= 0.216286 mass_fer= 3.29006e-07
compactness= 0.0903388
compactness_boson= 0.0641416
E_binding= 0.178502
