mass= 0.316843numbos: 0.139081 numfer: 1.57131e-07 omega: 0.722402 r99bos: 3.39 r99fer: 0.03 r99tot: 3.546
 Nb/Nf: 885127 Eb/Ef: 1.26636e+06
mass_bos= 0.214624 mass_fer= 1.69481e-07
compactness= 0.0893523
compactness_boson= 0.063311
E_binding= 0.177762
