mass= 0.326354numbos: 0.145727 numfer: 5.17716e-09 omega: 0.707973 r99bos: 3.312 r99fer: 0.006 r99tot: 3.486
 Nb/Nf: 2.8148e+07 Eb/Ef: 4.12335e+07
mass_bos= 0.221574 mass_fer= 5.37364e-09
compactness= 0.0936185
compactness_boson= 0.0669003
E_binding= 0.180627
