mass= 0.445753numbos: 0.23618 numfer: 0.0143815 omega: 0.58591 r99bos: 3.078 r99fer: 1.326 r99tot: 3.372
 Nb/Nf: 16.4225 Eb/Ef: 16.4223
mass_bos= 0.283666 mass_fer= 0.0172732
compactness= 0.132193
compactness_boson= 0.0921592
E_binding= 0.195192
