mass= 0.327279numbos: 0.146381 numfer: 4.24528e-08 omega: 0.70609 r99bos: 3.3 r99fer: 0.012 r99tot: 3.474
 Nb/Nf: 3.44808e+06 Eb/Ef: 4.6519e+06
mass_bos= 0.222386 mass_fer= 4.78055e-08
compactness= 0.094208
compactness_boson= 0.0673898
E_binding= 0.180898
