mass= 0.412023numbos: 0.215343 numfer: 0.00427309 omega: 0.663794 r99bos: 3.726 r99fer: 1.206 r99tot: 3.996
 Nb/Nf: 50.3951 Eb/Ef: 53.4188
mass_bos= 0.245376 mass_fer= 0.00459345
compactness= 0.103109
compactness_boson= 0.0658552
E_binding= 0.192407
