mass= 0.320986numbos: 0.14193 numfer: 1.92419e-08 omega: 0.710023 r99bos: 3.27 r99fer: 0.006 r99tot: 3.438
 Nb/Nf: 7.37605e+06 Eb/Ef: 6.69793e+06
mass_bos= 0.220245 mass_fer= 3.28825e-08
compactness= 0.0933643
compactness_boson= 0.0673531
E_binding= 0.179057
