mass= 0.31708numbos: 0.139192 numfer: 1.12699e-08 omega: 0.714556 r99bos: 3.288 r99fer: 0.006 r99tot: 3.45
 Nb/Nf: 1.23507e+07 Eb/Ef: 1.36944e+07
mass_bos= 0.218415 mass_fer= 1.59492e-08
compactness= 0.0919073
compactness_boson= 0.0664278
E_binding= 0.177888
