mass= 0.311712numbos: 0.135545 numfer: 1.32825e-06 omega: 0.728727 r99bos: 3.414 r99fer: 0.054 r99tot: 3.558
 Nb/Nf: 102048 Eb/Ef: 136642
mass_bos= 0.211239 mass_fer= 1.54593e-06
compactness= 0.0876089
compactness_boson= 0.0618743
E_binding= 0.176166
