mass= 0.317859numbos: 0.139735 numfer: 5.77339e-09 omega: 0.71361 r99bos: 3.288 r99fer: 0.006 r99tot: 3.45
 Nb/Nf: 2.42033e+07 Eb/Ef: 3.125e+07
mass_bos= 0.218794 mass_fer= 7.00139e-09
compactness= 0.0921331
compactness_boson= 0.0665431
E_binding= 0.178124
