mass= 0.445283numbos: 0.23538 numfer: 0.015121 omega: 0.586194 r99bos: 3.078 r99fer: 1.344 r99tot: 3.372
 Nb/Nf: 15.5665 Eb/Ef: 15.5508
mass_bos= 0.282974 mass_fer= 0.0181968
compactness= 0.132053
compactness_boson= 0.0919343
E_binding= 0.194783
