mass= 0.363248numbos: 0.174238 numfer: 0.000315883 omega: 0.63685 r99bos: 2.892 r99fer: 0.39 r99tot: 3.138
 Nb/Nf: 551.592 Eb/Ef: 679.446
mass_bos= 0.24811 mass_fer= 0.000365166
compactness= 0.115758
compactness_boson= 0.0857919
E_binding= 0.188693
