mass= 0.322283numbos: 0.142844 numfer: 1.59413e-08 omega: 0.708458 r99bos: 3.27 r99fer: 0.006 r99tot: 3.438
 Nb/Nf: 8.96066e+06 Eb/Ef: 8.7287e+06
mass_bos= 0.220868 mass_fer= 2.53036e-08
compactness= 0.0937414
compactness_boson= 0.0675436
E_binding= 0.179438
