mass= 0.444245numbos: 0.242237 numfer: 0.000381239 omega: 0.621368 r99bos: 3.492 r99fer: 0.666 r99tot: 3.798
 Nb/Nf: 635.394 Eb/Ef: 692.478
mass_bos= 0.274084 mass_fer= 0.000395802
compactness= 0.116968
compactness_boson= 0.0784892
E_binding= 0.201627
