mass= 0.422822numbos: 0.142765 numfer: 0.137178 omega: 0.780055 r99bos: 4.812 r99fer: 4.65 r99tot: 4.764
 Nb/Nf: 1.04073 Eb/Ef: 1.14799
mass_bos= 0.166924 mass_fer= 0.145405
compactness= 0.0887536
compactness_boson= 0.0346891
E_binding= 0.14288
