mass= 0.316843numbos: 0.139081 numfer: 4.05342e-07 omega: 0.722402 r99bos: 3.39 r99fer: 0.036 r99tot: 3.546
 Nb/Nf: 343119 Eb/Ef: 466654
mass_bos= 0.214624 mass_fer= 4.59922e-07
compactness= 0.0893523
compactness_boson= 0.0633111
E_binding= 0.177762
