mass= 0.304341numbos: 0.130541 numfer: 2.46676e-07 omega: 0.721423 r99bos: 3.234 r99fer: 0.06 r99tot: 3.378
 Nb/Nf: 529198 Eb/Ef: 824468
mass_bos= 0.20855 mass_fer= 2.52951e-07
compactness= 0.090095
compactness_boson= 0.0644867
E_binding= 0.1738
