mass= 0.328032numbos: 0.146916 numfer: 7.77523e-09 omega: 0.703698 r99bos: 3.276 r99fer: 0.006 r99tot: 3.456
 Nb/Nf: 1.88953e+07 Eb/Ef: 2.71906e+07
mass_bos= 0.223306 mass_fer= 8.21263e-09
compactness= 0.0949166
compactness_boson= 0.0681642
E_binding= 0.181116
