mass= 0.325366numbos: 0.145025 numfer: 4.39722e-09 omega: 0.704858 r99bos: 3.258 r99fer: 0.006 r99tot: 3.438
 Nb/Nf: 3.29809e+07 Eb/Ef: 4.35265e+07
mass_bos= 0.222402 mass_fer= 5.10957e-09
compactness= 0.0946381
compactness_boson= 0.0682633
E_binding= 0.180341
