mass= 0.316845numbos: 0.139082 numfer: 7.1358e-07 omega: 0.7224 r99bos: 3.39 r99fer: 0.042 r99tot: 3.546
 Nb/Nf: 194907 Eb/Ef: 258219
mass_bos= 0.214625 mass_fer= 8.31174e-07
compactness= 0.0893527
compactness_boson= 0.0633112
E_binding= 0.177762
