mass= 0.456972numbos: 0.249921 numfer: 0.00626642 omega: 0.583803 r99bos: 3.156 r99fer: 1.098 r99tot: 3.468
 Nb/Nf: 39.8826 Eb/Ef: 40.7195
mass_bos= 0.292529 mass_fer= 0.007184
compactness= 0.131768
compactness_boson= 0.0926899
E_binding= 0.200785
