mass= 0.31781numbos: 0.139698 numfer: 1.67665e-08 omega: 0.713659 r99bos: 3.282 r99fer: 0.006 r99tot: 3.444
 Nb/Nf: 8.33202e+06 Eb/Ef: 8.0656e+06
mass_bos= 0.218764 mass_fer= 2.71231e-08
compactness= 0.0922793
compactness_boson= 0.0666557
E_binding= 0.178111
