mass= 0.306825numbos: 0.132203 numfer: 1.59558e-05 omega: 0.733672 r99bos: 3.42 r99fer: 0.12 r99tot: 3.558
 Nb/Nf: 8285.6 Eb/Ef: 10166.1
mass_bos= 0.208204 mass_fer= 2.04801e-05
compactness= 0.0862353
compactness_boson= 0.0608783
E_binding= 0.174606
