mass= 1.53934numbos: 0.0215278 numfer: 1.63587 omega: 0.497651 r99bos: 4.5 r99fer: 6.33 r99tot: 6.288
 Nb/Nf: 0.0131598 Eb/Ef: 0.0129426
mass_bos= 0.0252487 mass_fer= 1.95082
compactness= 0.244806
compactness_boson= 0.00561082
E_binding= -0.118061
