mass= 0.301141numbos: 0.128333 numfer: 4.54932e-05 omega: 0.73415 r99bos: 3.36 r99fer: 0.168 r99tot: 3.492
 Nb/Nf: 2820.93 Eb/Ef: 3550.97
mass_bos= 0.205391 mass_fer= 5.78408e-05
compactness= 0.0862373
compactness_boson= 0.0611283
E_binding= 0.172762
