mass= 0.325361numbos: 0.145021 numfer: 6.04754e-09 omega: 0.704862 r99bos: 3.258 r99fer: 0.006 r99tot: 3.438
 Nb/Nf: 2.39802e+07 Eb/Ef: 3.00745e+07
mass_bos= 0.222399 mass_fer= 7.39493e-09
compactness= 0.0946367
compactness_boson= 0.0682625
E_binding= 0.18034
