mass= 0.320082numbos: 0.141294 numfer: 1.37427e-08 omega: 0.711078 r99bos: 3.276 r99fer: 0.006 r99tot: 3.444
 Nb/Nf: 1.02814e+07 Eb/Ef: 1.06195e+07
mass_bos= 0.21983 mass_fer= 2.07006e-08
compactness= 0.0929389
compactness_boson= 0.0671031
E_binding= 0.178788
