mass= 0.321484numbos: 0.142308 numfer: 1.92716e-09 omega: 0.715925 r99bos: 3.36 r99fer: 0.006 r99tot: 3.522
 Nb/Nf: 7.38434e+07 Eb/Ef: 1.11418e+08
mass_bos= 0.217862 mass_fer= 1.95536e-09
compactness= 0.0912789
compactness_boson= 0.0648399
E_binding= 0.179177
