mass= 0.317863numbos: 0.139738 numfer: 2.47276e-09 omega: 0.713606 r99bos: 3.288 r99fer: 0.006 r99tot: 3.45
 Nb/Nf: 5.65111e+07 Eb/Ef: 8.10948e+07
mass_bos= 0.218796 mass_fer= 2.69803e-09
compactness= 0.0921343
compactness_boson= 0.0665438
E_binding= 0.178125
