mass= 0.464552numbos: 0.259133 numfer: 1.0554e-06 omega: 0.578509 r99bos: 3.162 r99fer: 0.18 r99tot: 3.486
 Nb/Nf: 245532 Eb/Ef: 283297
mass_bos= 0.300674 mass_fer= 1.06134e-06
compactness= 0.133262
compactness_boson= 0.0950898
E_binding= 0.205417
