mass= 0.314306numbos: 0.137328 numfer: 2.37985e-06 omega: 0.725644 r99bos: 3.402 r99fer: 0.06 r99tot: 3.552
 Nb/Nf: 57704.6 Eb/Ef: 73109.1
mass_bos= 0.212925 mass_fer= 2.91243e-06
compactness= 0.088487
compactness_boson= 0.0625882
E_binding= 0.176975
