mass= 0.409534numbos: 0.207688 numfer: 0.010219 omega: 0.600021 r99bos: 2.928 r99fer: 1.098 r99tot: 3.204
 Nb/Nf: 20.3237 Eb/Ef: 20.9322
mass_bos= 0.269109 mass_fer= 0.0128562
compactness= 0.12782
compactness_boson= 0.0919089
E_binding= 0.191627
