mass= 0.327844numbos: 0.146782 numfer: 9.96878e-07 omega: 0.704649 r99bos: 3.288 r99fer: 0.042 r99tot: 3.462
 Nb/Nf: 147242 Eb/Ef: 185480
mass_bos= 0.222969 mass_fer= 1.20212e-06
compactness= 0.0946979
compactness_boson= 0.0678129
E_binding= 0.181061
