mass= 0.307507numbos: 0.132745 numfer: 6.56809e-07 omega: 0.714245 r99bos: 3.18 r99fer: 0.072 r99tot: 3.33
 Nb/Nf: 202106 Eb/Ef: 309102
mass_bos= 0.210971 mass_fer= 6.82528e-07
compactness= 0.0923444
compactness_boson= 0.066343
E_binding= 0.174761
