mass= 0.311708numbos: 0.135659 numfer: 0.000266646 omega: 0.70618 r99bos: 3.132 r99fer: 0.306 r99tot: 3.294
 Nb/Nf: 508.76 Eb/Ef: 627.195
mass_bos= 0.213824 mass_fer= 0.000340922
compactness= 0.0946292
compactness_boson= 0.0682709
E_binding= 0.175783
