mass= 1.36232numbos: 0.0870832 numfer: 1.31162 omega: 0.594395 r99bos: 4.998 r99fer: 6.906 r99tot: 6.858
 Nb/Nf: 0.0663934 Eb/Ef: 0.0671846
mass_bos= 0.0993927 mass_fer= 1.4794
compactness= 0.198647
compactness_boson= 0.0198865
E_binding= -0.0363838
