mass= 0.319311numbos: 0.140753 numfer: 7.69514e-09 omega: 0.711949 r99bos: 3.282 r99fer: 0.006 r99tot: 3.444
 Nb/Nf: 1.82911e+07 Eb/Ef: 2.22216e+07
mass_bos= 0.219476 mass_fer= 9.87672e-09
compactness= 0.0927153
compactness_boson= 0.0668727
E_binding= 0.178559
