mass= 1.09015numbos: 0.117918 numfer: 0.932341 omega: 0.733539 r99bos: 6.414 r99fer: 7.578 r99tot: 7.53
 Nb/Nf: 0.126475 Eb/Ef: 0.128843
mass_bos= 0.128802 mass_fer= 0.999681
compactness= 0.144775
compactness_boson= 0.0200813
E_binding= 0.0398943
