mass= 0.325066numbos: 0.144819 numfer: 3.48432e-09 omega: 0.710277 r99bos: 3.33 r99fer: 0.006 r99tot: 3.498
 Nb/Nf: 4.1563e+07 Eb/Ef: 6.13737e+07
mass_bos= 0.220535 mass_fer= 3.59332e-09
compactness= 0.0929291
compactness_boson= 0.0662268
E_binding= 0.180247
