mass= 0.321474numbos: 0.1423 numfer: 1.17985e-06 omega: 0.715934 r99bos: 3.36 r99fer: 0.048 r99tot: 3.522
 Nb/Nf: 120609 Eb/Ef: 153954
mass_bos= 0.217855 mass_fer= 1.41507e-06
compactness= 0.0912759
compactness_boson= 0.0648379
E_binding= 0.179173
