mass= 0.609459numbos: 0.155152 numfer: 0.324462 omega: 0.653487 r99bos: 3.798 r99fer: 5.58 r99tot: 5.442
 Nb/Nf: 0.478182 Eb/Ef: 0.524541
mass_bos= 0.185078 mass_fer= 0.352838
compactness= 0.111992
compactness_boson= 0.0487304
E_binding= 0.129846
