mass= 0.350676numbos: 0.164285 numfer: 0.00101958 omega: 0.650872 r99bos: 2.922 r99fer: 0.498 r99tot: 3.15
 Nb/Nf: 161.13 Eb/Ef: 188.449
mass_bos= 0.239526 mass_fer= 0.00127104
compactness= 0.111326
compactness_boson= 0.0819733
E_binding= 0.185371
