mass= 0.319259numbos: 0.140757 numfer: 6.70507e-07 omega: 0.719119 r99bos: 3.372 r99fer: 0.042 r99tot: 3.534
 Nb/Nf: 209926 Eb/Ef: 278045
mass_bos= 0.216287 mass_fer= 7.77885e-07
compactness= 0.0903394
compactness_boson= 0.064142
E_binding= 0.178502
