mass= 0.465247numbos: 0.259738 numfer: 0 omega: 0.584169 r99bos: 3.24 r99fer: 0 r99tot: 3.558
 Nb/Nf: inf Eb/Ef: inf
mass_bos= 0.298037 mass_fer= 0
compactness= 0.130761
compactness_boson= 0.0919869
E_binding= 0.20551
