mass= 0.320978numbos: 0.141923 numfer: 2.03412e-08 omega: 0.710032 r99bos: 3.27 r99fer: 0.006 r99tot: 3.438
 Nb/Nf: 6.97711e+06 Eb/Ef: 6.18912e+06
mass_bos= 0.22024 mass_fer= 3.5585e-08
compactness= 0.0933618
compactness_boson= 0.0673515
E_binding= 0.179055
