mass= 0.421712numbos: 0.155249 numfer: 0.115111 omega: 0.734775 r99bos: 4.242 r99fer: 4.08 r99tot: 4.242
 Nb/Nf: 1.34869 Eb/Ef: 1.47466
mass_bos= 0.182557 mass_fer= 0.123796
compactness= 0.0994134
compactness_boson= 0.0430355
E_binding= 0.151352
