mass= 0.448191numbos: 0.240126 numfer: 0.0111565 omega: 0.609922 r99bos: 3.372 r99fer: 1.392 r99tot: 3.672
 Nb/Nf: 21.5234 Eb/Ef: 21.7961
mass_bos= 0.275039 mass_fer= 0.0126187
compactness= 0.122056
compactness_boson= 0.0815656
E_binding= 0.196908
