mass= 0.30917numbos: 0.133804 numfer: 9.92954e-07 omega: 0.731476 r99bos: 3.42 r99fer: 0.054 r99tot: 3.558
 Nb/Nf: 134754 Eb/Ef: 188012
mass_bos= 0.209637 mass_fer= 1.11502e-06
compactness= 0.0868944
compactness_boson= 0.0612973
E_binding= 0.175365
