mass= 0.376303numbos: 0.188023 numfer: 0.00697116 omega: 0.714528 r99bos: 4.05 r99fer: 1.452 r99tot: 4.272
 Nb/Nf: 26.9716 Eb/Ef: 28.9579
mass_bos= 0.216411 mass_fer= 0.0074733
compactness= 0.0880859
compactness_boson= 0.0534348
E_binding= 0.181309
