mass= 0.452224numbos: 0.242757 numfer: 0.0124016 omega: 0.586732 r99bos: 3.144 r99fer: 1.308 r99tot: 3.444
 Nb/Nf: 19.5747 Eb/Ef: 19.6099
mass_bos= 0.286347 mass_fer= 0.0146021
compactness= 0.131308
compactness_boson= 0.0910773
E_binding= 0.197065
