mass= 0.336887numbos: 0.159464 numfer: 0.00998818 omega: 0.870426 r99bos: 6.57 r99fer: 2.112 r99tot: 6.642
 Nb/Nf: 15.9652 Eb/Ef: 17.2641
mass_bos= 0.17857 mass_fer= 0.0103434
compactness= 0.0507207
compactness_boson= 0.0271796
E_binding= 0.167435
