mass= 0.342259numbos: 0.16804 numfer: 0.000932782 omega: 0.770646 r99bos: 4.548 r99fer: 0.96 r99tot: 4.734
 Nb/Nf: 180.149 Eb/Ef: 201.559
mass_bos= 0.194052 mass_fer= 0.000962756
compactness= 0.0722981
compactness_boson= 0.0426675
E_binding= 0.173287
