mass= 0.319261numbos: 0.140758 numfer: 1.22918e-06 omega: 0.719116 r99bos: 3.372 r99fer: 0.048 r99tot: 3.534
 Nb/Nf: 114513 Eb/Ef: 145910
mass_bos= 0.216288 mass_fer= 1.48234e-06
compactness= 0.0903399
compactness_boson= 0.0641423
E_binding= 0.178502
