mass= 0.307513numbos: 0.132747 numfer: 1.83988e-05 omega: 0.714255 r99bos: 3.18 r99fer: 0.156 r99tot: 3.33
 Nb/Nf: 7215.01 Eb/Ef: 10106.3
mass_bos= 0.210961 mass_fer= 2.08742e-05
compactness= 0.0923462
compactness_boson= 0.0663399
E_binding= 0.174747
