mass= 0.325381numbos: 0.145036 numfer: 8.25158e-10 omega: 0.704843 r99bos: 3.264 r99fer: 0.006 r99tot: 3.438
 Nb/Nf: 1.75768e+08 Eb/Ef: 2.61585e+08
mass_bos= 0.222411 mass_fer= 8.50243e-10
compactness= 0.0946424
compactness_boson= 0.0681406
E_binding= 0.180345
