mass= 0.316845numbos: 0.139082 numfer: 1.01432e-06 omega: 0.722399 r99bos: 3.39 r99fer: 0.048 r99tot: 3.546
 Nb/Nf: 137119 Eb/Ef: 180666
mass_bos= 0.214625 mass_fer= 1.18797e-06
compactness= 0.0893529
compactness_boson= 0.0633113
E_binding= 0.177762
