mass= 0.53815numbos: 0.161588 numfer: 0.22926 omega: 0.831375 r99bos: 6.456 r99fer: 5.634 r99tot: 6.054
 Nb/Nf: 0.704825 Eb/Ef: 0.742672
mass_bos= 0.17871 mass_fer= 0.240631
compactness= 0.0888917
compactness_boson= 0.0276812
E_binding= 0.147303
