mass= 0.314315numbos: 0.137335 numfer: 5.13455e-06 omega: 0.725632 r99bos: 3.402 r99fer: 0.078 r99tot: 3.552
 Nb/Nf: 26747.3 Eb/Ef: 32587.2
mass_bos= 0.212929 mass_fer= 6.53414e-06
compactness= 0.0884897
compactness_boson= 0.0625895
E_binding= 0.176975
