mass= 1.42381numbos: 0.062529 numfer: 1.42724 omega: 0.645571 r99bos: 5.934 r99fer: 7.548 r99tot: 7.512
 Nb/Nf: 0.0438112 Eb/Ef: 0.043885
mass_bos= 0.0690747 mass_fer= 1.574
compactness= 0.189539
compactness_boson= 0.0116405
E_binding= -0.0659515
