mass= 0.316985numbos: 0.139121 numfer: 2.14405e-08 omega: 0.714654 r99bos: 3.276 r99fer: 0.006 r99tot: 3.444
 Nb/Nf: 6.48868e+06 Eb/Ef: 5.68988e+06
mass_bos= 0.218357 mass_fer= 3.83764e-08
compactness= 0.0920397
compactness_boson= 0.0666536
E_binding= 0.177864
