mass= 0.452813numbos: 0.241561 numfer: 0.0155369 omega: 0.592114 r99bos: 3.204 r99fer: 1.428 r99tot: 3.498
 Nb/Nf: 15.5476 Eb/Ef: 15.5076
mass_bos= 0.282298 mass_fer= 0.0182038
compactness= 0.129449
compactness_boson= 0.0881081
E_binding= 0.195715
