mass= 0.324321numbos: 0.144748 numfer: 0.000158124 omega: 0.685144 r99bos: 3.024 r99fer: 0.282 r99tot: 3.21
 Nb/Nf: 915.411 Eb/Ef: 1177.87
mass_bos= 0.222709 mass_fer= 0.000189078
compactness= 0.101034
compactness_boson= 0.073647
E_binding= 0.179414
