mass= 0.411675numbos: 0.213728 numfer: 0.00693359 omega: 0.663981 r99bos: 3.72 r99fer: 1.356 r99tot: 3.984
 Nb/Nf: 30.825 Eb/Ef: 32.3751
mass_bos= 0.243956 mass_fer= 0.00753531
compactness= 0.103332
compactness_boson= 0.0655796
E_binding= 0.191013
