mass= 0.301234numbos: 0.128401 numfer: 1.17872e-06 omega: 0.731372 r99bos: 3.324 r99fer: 0.072 r99tot: 3.456
 Nb/Nf: 108932 Eb/Ef: 163137
mass_bos= 0.205816 mass_fer= 1.26162e-06
compactness= 0.0871627
compactness_boson= 0.0619182
E_binding= 0.172832
