mass= 0.327837numbos: 0.146776 numfer: 3.12678e-07 omega: 0.704657 r99bos: 3.288 r99fer: 0.024 r99tot: 3.462
 Nb/Nf: 469416 Eb/Ef: 594581
mass_bos= 0.222965 mass_fer= 3.74994e-07
compactness= 0.0946957
compactness_boson= 0.0678116
E_binding= 0.18106
