mass= 0.320101numbos: 0.141308 numfer: 5.22238e-09 omega: 0.711058 r99bos: 3.276 r99fer: 0.006 r99tot: 3.444
 Nb/Nf: 2.70582e+07 Eb/Ef: 3.53036e+07
mass_bos= 0.219842 mass_fer= 6.22717e-09
compactness= 0.0929446
compactness_boson= 0.0671067
E_binding= 0.178793
