mass= 0.318579numbos: 0.140239 numfer: 9.89647e-09 omega: 0.712774 r99bos: 3.282 r99fer: 0.006 r99tot: 3.45
 Nb/Nf: 1.41706e+07 Eb/Ef: 1.62265e+07
mass_bos= 0.219134 mass_fer= 1.35047e-08
compactness= 0.0923417
compactness_boson= 0.0667685
E_binding= 0.17834
