mass= 0.304683numbos: 0.130745 numfer: 9.6962e-06 omega: 0.73526 r99bos: 3.414 r99fer: 0.102 r99tot: 3.552
 Nb/Nf: 13484.2 Eb/Ef: 17347
mass_bos= 0.206972 mass_fer= 1.19313e-05
compactness= 0.0857779
compactness_boson= 0.0606245
E_binding= 0.173928
