mass= 0.34197numbos: 0.157888 numfer: 4.60116e-05 omega: 0.66089 r99bos: 2.934 r99fer: 0.234 r99tot: 3.156
 Nb/Nf: 3431.48 Eb/Ef: 4625.79
mass_bos= 0.234591 mass_fer= 5.07137e-05
compactness= 0.108356
compactness_boson= 0.079956
E_binding= 0.184036
