mass= 0.484244numbos: 0.195401 numfer: 0.124677 omega: 0.615919 r99bos: 3.354 r99fer: 3.45 r99tot: 3.528
 Nb/Nf: 1.56725 Eb/Ef: 1.6281
mass_bos= 0.23136 mass_fer= 0.142104
compactness= 0.137257
compactness_boson= 0.0689802
E_binding= 0.164166
