mass= 0.309195numbos: 0.133821 numfer: 8.88626e-06 omega: 0.731446 r99bos: 3.42 r99fer: 0.096 r99tot: 3.558
 Nb/Nf: 15059.3 Eb/Ef: 18623.4
mass_bos= 0.209647 mass_fer= 1.12572e-05
compactness= 0.0869013
compactness_boson= 0.0613004
E_binding= 0.175365
