mass= 0.325058numbos: 0.144812 numfer: 6.00043e-07 omega: 0.710285 r99bos: 3.324 r99fer: 0.036 r99tot: 3.498
 Nb/Nf: 241336 Eb/Ef: 310449
mass_bos= 0.22053 mass_fer= 7.10359e-07
compactness= 0.0929267
compactness_boson= 0.0663447
E_binding= 0.180245
