mass= 0.323898numbos: 0.143986 numfer: 7.0121e-08 omega: 0.70649 r99bos: 3.264 r99fer: 0.006 r99tot: 3.438
 Nb/Nf: 2.05339e+06 Eb/Ef: 2.27532e+06
mass_bos= 0.221672 mass_fer= 9.74245e-08
compactness= 0.0942112
compactness_boson= 0.0679143
E_binding= 0.179912
