mass= 0.317085numbos: 0.139195 numfer: 1.01706e-08 omega: 0.714551 r99bos: 3.288 r99fer: 0.006 r99tot: 3.45
 Nb/Nf: 1.3686e+07 Eb/Ef: 1.56218e+07
mass_bos= 0.218417 mass_fer= 1.39815e-08
compactness= 0.0919086
compactness_boson= 0.0664286
E_binding= 0.177889
