mass= 0.32342numbos: 0.143662 numfer: 1.77966e-08 omega: 0.712963 r99bos: 3.342 r99fer: 0.012 r99tot: 3.51
 Nb/Nf: 8.07242e+06 Eb/Ef: 1.17595e+07
mass_bos= 0.219281 mass_fer= 1.86472e-08
compactness= 0.0921424
compactness_boson= 0.0656138
E_binding= 0.179758
