mass= 0.301696numbos: 0.128715 numfer: 7.03951e-06 omega: 0.735669 r99bos: 3.384 r99fer: 0.108 r99tot: 3.516
 Nb/Nf: 18284.7 Eb/Ef: 25201.6
mass_bos= 0.205491 mass_fer= 8.15392e-06
compactness= 0.0858066
compactness_boson= 0.0607244
E_binding= 0.172974
