mass= 0.317823numbos: 0.139708 numfer: 1.51189e-08 omega: 0.713646 r99bos: 3.282 r99fer: 0.006 r99tot: 3.444
 Nb/Nf: 9.24066e+06 Eb/Ef: 9.2936e+06
mass_bos= 0.218772 mass_fer= 2.35401e-08
compactness= 0.0922831
compactness_boson= 0.0666581
E_binding= 0.178115
