mass= 0.317101numbos: 0.139207 numfer: 1.65032e-09 omega: 0.714535 r99bos: 3.288 r99fer: 0.006 r99tot: 3.45
 Nb/Nf: 8.4352e+07 Eb/Ef: 1.24769e+08
mass_bos= 0.218427 mass_fer= 1.75066e-09
compactness= 0.0919133
compactness_boson= 0.0664316
E_binding= 0.177893
