mass= 0.454972numbos: 0.182429 numfer: 0.109986 omega: 0.659502 r99bos: 3.642 r99fer: 3.534 r99tot: 3.732
 Nb/Nf: 1.65865 Eb/Ef: 1.75445
mass_bos= 0.214364 mass_fer= 0.122183
compactness= 0.121911
compactness_boson= 0.0588588
E_binding= 0.162556
