mass= 0.323888numbos: 0.143978 numfer: 1.01016e-07 omega: 0.7065 r99bos: 3.264 r99fer: 0.006 r99tot: 3.438
 Nb/Nf: 1.4253e+06 Eb/Ef: 1.40015e+06
mass_bos= 0.221666 mass_fer= 1.58315e-07
compactness= 0.0942082
compactness_boson= 0.0679124
E_binding= 0.17991
