mass= 0.330991numbos: 0.158104 numfer: 0.00654351 omega: 0.796612 r99bos: 4.854 r99fer: 1.602 r99tot: 5.004
 Nb/Nf: 24.1619 Eb/Ef: 26.5724
mass_bos= 0.182891 mass_fer= 0.00688275
compactness= 0.0661453
compactness_boson= 0.0376784
E_binding= 0.166344
