mass= 0.31171numbos: 0.135543 numfer: 7.41474e-07 omega: 0.728731 r99bos: 3.414 r99fer: 0.048 r99tot: 3.558
 Nb/Nf: 182803 Eb/Ef: 253815
mass_bos= 0.211238 mass_fer= 8.32251e-07
compactness= 0.0876081
compactness_boson= 0.0618739
E_binding= 0.176166
