mass= 0.420009numbos: 0.215858 numfer: 0.0114272 omega: 0.593989 r99bos: 2.952 r99fer: 1.152 r99tot: 3.234
 Nb/Nf: 18.8899 Eb/Ef: 19.2676
mass_bos= 0.274045 mass_fer= 0.0142231
compactness= 0.129873
compactness_boson= 0.0928337
E_binding= 0.192723
