mass= 0.317865numbos: 0.13974 numfer: 1.37345e-09 omega: 0.713603 r99bos: 3.288 r99fer: 0.006 r99tot: 3.45
 Nb/Nf: 1.01743e+08 Eb/Ef: 1.51632e+08
mass_bos= 0.218797 mass_fer= 1.44295e-09
compactness= 0.0921349
compactness_boson= 0.0665442
E_binding= 0.178125
