mass= 0.378377numbos: 0.184357 numfer: 0.00553695 omega: 0.623432 r99bos: 2.898 r99fer: 0.864 r99tot: 3.15
 Nb/Nf: 33.2958 Eb/Ef: 35.6709
mass_bos= 0.253813 mass_fer= 0.00711541
compactness= 0.12012
compactness_boson= 0.087582
E_binding= 0.188483
