mass= 0.324394numbos: 0.144814 numfer: 8.81818e-05 omega: 0.684984 r99bos: 3.024 r99fer: 0.252 r99tot: 3.21
 Nb/Nf: 1642.23 Eb/Ef: 2175.12
mass_bos= 0.222814 mass_fer= 0.000102438
compactness= 0.101057
compactness_boson= 0.0736818
E_binding= 0.179491
