mass= 0.327346numbos: 0.146429 numfer: 3.90457e-08 omega: 0.70327 r99bos: 3.264 r99fer: 0.006 r99tot: 3.444
 Nb/Nf: 3.75019e+06 Eb/Ef: 4.4566e+06
mass_bos= 0.223278 mass_fer= 5.01005e-08
compactness= 0.0950483
compactness_boson= 0.0684062
E_binding= 0.180917
