mass= 0.449344numbos: 0.209586 numfer: 0.0619754 omega: 0.588228 r99bos: 3.018 r99fer: 2.268 r99tot: 3.24
 Nb/Nf: 3.38176 Eb/Ef: 3.40347
mass_bos= 0.25795 mass_fer= 0.0757904
compactness= 0.138686
compactness_boson= 0.0854706
E_binding= 0.177783
