mass= 0.314299numbos: 0.137324 numfer: 1.73808e-07 omega: 0.725653 r99bos: 3.402 r99fer: 0.03 r99tot: 3.552
 Nb/Nf: 790091 Eb/Ef: 1.1264e+06
mass_bos= 0.212922 mass_fer= 1.89029e-07
compactness= 0.0884851
compactness_boson= 0.0625873
E_binding= 0.176975
