mass= 0.31186numbos: 0.135796 numfer: 0.000101226 omega: 0.705797 r99bos: 3.126 r99fer: 0.24 r99tot: 3.288
 Nb/Nf: 1341.52 Eb/Ef: 1746.25
mass_bos= 0.214066 mass_fer= 0.000122586
compactness= 0.0948479
compactness_boson= 0.0684791
E_binding= 0.175962
