mass= 0.311709numbos: 0.135543 numfer: 2.30983e-07 omega: 0.728732 r99bos: 3.414 r99fer: 0.036 r99tot: 3.558
 Nb/Nf: 586810 Eb/Ef: 850007
mass_bos= 0.211237 mass_fer= 2.48513e-07
compactness= 0.0876079
compactness_boson= 0.0618739
E_binding= 0.176166
