mass= 0.319321numbos: 0.14076 numfer: 2.74962e-09 omega: 0.711939 r99bos: 3.282 r99fer: 0.006 r99tot: 3.45
 Nb/Nf: 5.11925e+07 Eb/Ef: 7.24803e+07
mass_bos= 0.219482 mass_fer= 3.02816e-09
compactness= 0.0925568
compactness_boson= 0.0668745
E_binding= 0.178561
