mass= 0.323417numbos: 0.14366 numfer: 1.97759e-07 omega: 0.712965 r99bos: 3.342 r99fer: 0.024 r99tot: 3.51
 Nb/Nf: 726440 Eb/Ef: 960419
mass_bos= 0.21928 mass_fer= 2.28317e-07
compactness= 0.0921417
compactness_boson= 0.0656133
E_binding= 0.179757
