mass= 0.450066numbos: 0.228706 numfer: 0.0334404 omega: 0.600062 r99bos: 3.234 r99fer: 1.86 r99tot: 3.498
 Nb/Nf: 6.83922 Eb/Ef: 6.79163
mass_bos= 0.268437 mass_fer= 0.0395247
compactness= 0.128664
compactness_boson= 0.0830047
E_binding= 0.187919
