mass= 0.327834numbos: 0.146774 numfer: 5.28654e-08 omega: 0.70466 r99bos: 3.288 r99fer: 0.012 r99tot: 3.462
 Nb/Nf: 2.77637e+06 Eb/Ef: 3.72547e+06
mass_bos= 0.222963 mass_fer= 5.98482e-08
compactness= 0.0946949
compactness_boson= 0.0678111
E_binding= 0.18106
