mass= 0.311881numbos: 0.135818 numfer: 5.95975e-05 omega: 0.70572 r99bos: 3.126 r99fer: 0.21 r99tot: 3.288
 Nb/Nf: 2278.92 Eb/Ef: 3048.84
mass_bos= 0.214115 mass_fer= 7.02284e-05
compactness= 0.0948544
compactness_boson= 0.0684948
E_binding= 0.176004
