mass= 1.22806numbos: 0.0969955 numfer: 1.12762 omega: 0.467375 r99bos: 3.33 r99fer: 6.114 r99tot: 6.054
 Nb/Nf: 0.0860179 Eb/Ef: 0.0935078
mass_bos= 0.124511 mass_fer= 1.33156
compactness= 0.202851
compactness_boson= 0.0373908
E_binding= 0.00344768
