mass= 0.309169numbos: 0.133804 numfer: 1.8363e-07 omega: 0.731478 r99bos: 3.42 r99fer: 0.036 r99tot: 3.558
 Nb/Nf: 728659 Eb/Ef: 1.07567e+06
mass_bos= 0.209637 mass_fer= 1.94889e-07
compactness= 0.0868941
compactness_boson= 0.0612973
E_binding= 0.175365
