mass= 0.428032numbos: 0.220882 numfer: 0.0147908 omega: 0.59067 r99bos: 2.982 r99fer: 1.272 r99tot: 3.264
 Nb/Nf: 14.9338 Eb/Ef: 15.0572
mass_bos= 0.275902 mass_fer= 0.0183237
compactness= 0.131137
compactness_boson= 0.0925225
E_binding= 0.192359
