mass= 0.319262numbos: 0.140759 numfer: 1.50418e-06 omega: 0.719115 r99bos: 3.372 r99fer: 0.048 r99tot: 3.534
 Nb/Nf: 93578.5 Eb/Ef: 115754
mass_bos= 0.216288 mass_fer= 1.86851e-06
compactness= 0.0903401
compactness_boson= 0.0641424
E_binding= 0.178502
