mass= 0.45274numbos: 0.248602 numfer: 0.000827966 omega: 0.576718 r99bos: 3.048 r99fer: 0.642 r99tot: 3.366
 Nb/Nf: 300.256 Eb/Ef: 329.305
mass_bos= 0.297717 mass_fer= 0.000904076
compactness= 0.134504
compactness_boson= 0.0976761
E_binding= 0.20331
