mass= 0.423398numbos: 0.220283 numfer: 0.00824231 omega: 0.591469 r99bos: 2.958 r99fer: 1.05 r99tot: 3.246
 Nb/Nf: 26.7258 Eb/Ef: 27.502
mass_bos= 0.278061 mass_fer= 0.0101106
compactness= 0.130437
compactness_boson= 0.0940032
E_binding= 0.194873
