mass= 0.302919numbos: 0.129547 numfer: 6.65788e-07 omega: 0.735997 r99bos: 3.402 r99fer: 0.06 r99tot: 3.534
 Nb/Nf: 194577 Eb/Ef: 289791
mass_bos= 0.206038 mass_fer= 7.10988e-07
compactness= 0.0857157
compactness_boson= 0.0605639
E_binding= 0.173372
