mass= 1.28418numbos: 0.0953081 numfer: 1.20065 omega: 0.534783 r99bos: 4.044 r99fer: 6.498 r99tot: 6.444
 Nb/Nf: 0.0793805 Eb/Ef: 0.083897
mass_bos= 0.115811 mass_fer= 1.38039
compactness= 0.199283
compactness_boson= 0.0286376
E_binding= -0.0117795
