mass= 0.328034numbos: 0.146917 numfer: 8.17038e-09 omega: 0.703696 r99bos: 3.276 r99fer: 0.006 r99tot: 3.456
 Nb/Nf: 1.79816e+07 Eb/Ef: 2.53275e+07
mass_bos= 0.223307 mass_fer= 8.81678e-09
compactness= 0.0949171
compactness_boson= 0.0681645
E_binding= 0.181117
