mass= 0.323418numbos: 0.14366 numfer: 1.15959e-07 omega: 0.712964 r99bos: 3.342 r99fer: 0.024 r99tot: 3.51
 Nb/Nf: 1.23889e+06 Eb/Ef: 1.75159e+06
mass_bos= 0.21928 mass_fer= 1.25189e-07
compactness= 0.0921419
compactness_boson= 0.0656134
E_binding= 0.179758
