mass= 0.454981numbos: 0.245752 numfer: 0.0111707 omega: 0.590911 r99bos: 3.216 r99fer: 1.308 r99tot: 3.516
 Nb/Nf: 21.9998 Eb/Ef: 22.1067
mass_bos= 0.285867 mass_fer= 0.0129313
compactness= 0.129403
compactness_boson= 0.0888891
E_binding= 0.198059
