mass= 0.316844numbos: 0.139081 numfer: 8.03992e-07 omega: 0.7224 r99bos: 3.39 r99fer: 0.042 r99tot: 3.546
 Nb/Nf: 172989 Eb/Ef: 226980
mass_bos= 0.214625 mass_fer= 9.45568e-07
compactness= 0.0893526
compactness_boson= 0.0633112
E_binding= 0.177762
