mass= 0.302276numbos: 0.129115 numfer: 4.83996e-07 omega: 0.727142 r99bos: 3.276 r99fer: 0.06 r99tot: 3.42
 Nb/Nf: 266768 Eb/Ef: 409003
mass_bos= 0.206845 mass_fer= 5.05729e-07
compactness= 0.0883848
compactness_boson= 0.0631394
E_binding= 0.173161
