mass= 0.321471numbos: 0.142298 numfer: 5.92673e-07 omega: 0.715937 r99bos: 3.36 r99fer: 0.036 r99tot: 3.522
 Nb/Nf: 240095 Eb/Ef: 307431
mass_bos= 0.217854 mass_fer= 7.08627e-07
compactness= 0.0912751
compactness_boson= 0.0648375
E_binding= 0.179173
