mass= 0.30466numbos: 0.13073 numfer: 6.25518e-07 omega: 0.735286 r99bos: 3.414 r99fer: 0.054 r99tot: 3.552
 Nb/Nf: 208995 Eb/Ef: 305994
mass_bos= 0.206964 mass_fer= 6.76365e-07
compactness= 0.0857713
compactness_boson= 0.060622
E_binding= 0.173929
