mass= 0.316844numbos: 0.139081 numfer: 5.4889e-07 omega: 0.722401 r99bos: 3.39 r99fer: 0.042 r99tot: 3.546
 Nb/Nf: 253386 Eb/Ef: 345699
mass_bos= 0.214625 mass_fer= 6.20843e-07
compactness= 0.0893525
compactness_boson= 0.0633112
E_binding= 0.177762
