mass= 0.491192numbos: 0.182792 numfer: 0.137514 omega: 0.862355 r99bos: 7.332 r99fer: 4.884 r99tot: 7.098
 Nb/Nf: 1.32926 Eb/Ef: 1.38052
mass_bos= 0.197942 mass_fer= 0.143383
compactness= 0.0692015
compactness_boson= 0.0269971
E_binding= 0.170885
