mass= 0.321471numbos: 0.142297 numfer: 6.21489e-07 omega: 0.715937 r99bos: 3.36 r99fer: 0.036 r99tot: 3.522
 Nb/Nf: 228962 Eb/Ef: 291805
mass_bos= 0.217854 mass_fer= 7.46574e-07
compactness= 0.091275
compactness_boson= 0.0648374
E_binding= 0.179173
