mass= 1.55466numbos: 0.0303062 numfer: 1.64417 omega: 0.558138 r99bos: 5.148 r99fer: 6.924 r99tot: 6.888
 Nb/Nf: 0.0184325 Eb/Ef: 0.0182325
mass_bos= 0.0344118 mass_fer= 1.88739
compactness= 0.225706
compactness_boson= 0.0066845
E_binding= -0.119817
