mass= 0.306809numbos: 0.132193 numfer: 9.91813e-06 omega: 0.733689 r99bos: 3.42 r99fer: 0.102 r99tot: 3.558
 Nb/Nf: 13328.4 Eb/Ef: 16787.9
mass_bos= 0.208198 mass_fer= 1.24017e-05
compactness= 0.0862308
compactness_boson= 0.0608767
E_binding= 0.174607
