mass= 0.450361numbos: 0.235776 numfer: 0.0220935 omega: 0.600225 r99bos: 3.264 r99fer: 1.632 r99tot: 3.546
 Nb/Nf: 10.6718 Eb/Ef: 10.6185
mass_bos= 0.274382 mass_fer= 0.0258399
compactness= 0.127005
compactness_boson= 0.0840631
E_binding= 0.192491
