mass= 0.302917numbos: 0.129546 numfer: 3.43953e-07 omega: 0.735999 r99bos: 3.402 r99fer: 0.048 r99tot: 3.534
 Nb/Nf: 376637 Eb/Ef: 566415
mass_bos= 0.206037 mass_fer= 3.63757e-07
compactness= 0.0857152
compactness_boson= 0.0605636
E_binding= 0.173372
