mass= 0.327348numbos: 0.14643 numfer: 3.27273e-08 omega: 0.703269 r99bos: 3.264 r99fer: 0.006 r99tot: 3.444
 Nb/Nf: 4.47424e+06 Eb/Ef: 5.48082e+06
mass_bos= 0.223279 mass_fer= 4.07382e-08
compactness= 0.0950486
compactness_boson= 0.0684065
E_binding= 0.180918
