mass= 0.304661numbos: 0.13073 numfer: 7.89986e-07 omega: 0.735286 r99bos: 3.414 r99fer: 0.06 r99tot: 3.552
 Nb/Nf: 165484 Eb/Ef: 242360
mass_bos= 0.206964 mass_fer= 8.53952e-07
compactness= 0.0857716
compactness_boson= 0.0606221
E_binding= 0.173929
