mass= 0.321474numbos: 0.1423 numfer: 1.35884e-06 omega: 0.715933 r99bos: 3.36 r99fer: 0.048 r99tot: 3.522
 Nb/Nf: 104722 Eb/Ef: 129652
mass_bos= 0.217856 mass_fer= 1.68031e-06
compactness= 0.091276
compactness_boson= 0.064838
E_binding= 0.179173
