mass= 0.41236numbos: 0.216253 numfer: 0.00293586 omega: 0.66357 r99bos: 3.726 r99fer: 1.104 r99tot: 3.996
 Nb/Nf: 73.6592 Eb/Ef: 78.6339
mass_bos= 0.246186 mass_fer= 0.00313079
compactness= 0.103193
compactness_boson= 0.0660724
E_binding= 0.193171
