mass= 0.30434numbos: 0.130538 numfer: 1.10211e-05 omega: 0.721432 r99bos: 3.228 r99fer: 0.132 r99tot: 3.378
 Nb/Nf: 11844.4 Eb/Ef: 16799.9
mass_bos= 0.208541 mass_fer= 1.24133e-05
compactness= 0.0900947
compactness_boson= 0.0646039
E_binding= 0.173791
