mass= 1.34931numbos: 0.0672639 numfer: 1.32056 omega: 0.461978 r99bos: 3.672 r99fer: 5.85 r99tot: 5.802
 Nb/Nf: 0.0509359 Eb/Ef: 0.0520893
mass_bos= 0.0838479 mass_fer= 1.60969
compactness= 0.23256
compactness_boson= 0.0228344
E_binding= -0.0385109
