mass= 0.322286numbos: 0.142847 numfer: 1.26434e-08 omega: 0.708455 r99bos: 3.27 r99fer: 0.006 r99tot: 3.438
 Nb/Nf: 1.12981e+07 Eb/Ef: 1.19179e+07
mass_bos= 0.22087 mass_fer= 1.85327e-08
compactness= 0.0937423
compactness_boson= 0.0675442
E_binding= 0.179439
