mass= 0.327356numbos: 0.146437 numfer: 1.19099e-08 omega: 0.70326 r99bos: 3.264 r99fer: 0.006 r99tot: 3.444
 Nb/Nf: 1.22953e+07 Eb/Ef: 1.73591e+07
mass_bos= 0.223284 mass_fer= 1.28627e-08
compactness= 0.0950512
compactness_boson= 0.0684081
E_binding= 0.18092
