mass= 1.33969numbos: 0.0768038 numfer: 1.29599 omega: 0.481368 r99bos: 3.78 r99fer: 6.03 r99tot: 5.982
 Nb/Nf: 0.0592626 Eb/Ef: 0.0611757
mass_bos= 0.0949296 mass_fer= 1.55175
compactness= 0.223953
compactness_boson= 0.0251136
E_binding= -0.0331085
