mass= 0.399995numbos: 0.203925 numfer: 0.000208616 omega: 0.604028 r99bos: 2.886 r99fer: 0.396 r99tot: 3.168
 Nb/Nf: 977.513 Eb/Ef: 1182.92
mass_bos= 0.270772 mass_fer= 0.000228901
compactness= 0.126261
compactness_boson= 0.0938226
E_binding= 0.195861
