mass= 0.302303numbos: 0.129131 numfer: 2.5572e-05 omega: 0.727133 r99bos: 3.282 r99fer: 0.156 r99tot: 3.42
 Nb/Nf: 5049.72 Eb/Ef: 6810.94
mass_bos= 0.206842 mass_fer= 3.03691e-05
compactness= 0.0883928
compactness_boson= 0.0630232
E_binding= 0.173146
