mass= 0.325056numbos: 0.144811 numfer: 2.81178e-08 omega: 0.710287 r99bos: 3.324 r99fer: 0.012 r99tot: 3.498
 Nb/Nf: 5.15017e+06 Eb/Ef: 7.23737e+06
mass_bos= 0.220529 mass_fer= 3.04709e-08
compactness= 0.0929263
compactness_boson= 0.0663446
E_binding= 0.180245
