mass= 0.429375numbos: 0.222902 numfer: 0.0131198 omega: 0.589751 r99bos: 2.982 r99fer: 1.23 r99tot: 3.27
 Nb/Nf: 16.9897 Eb/Ef: 17.1689
mass_bos= 0.2777 mass_fer= 0.0161746
compactness= 0.131307
compactness_boson= 0.0931254
E_binding= 0.193353
