mass= 1.62453numbos: 0 numfer: 1.78152 omega: 0.413143 r99bos: 3.288 r99fer: 6.78 r99tot: 6.756
 Nb/Nf: 0 Eb/Ef: 0
mass_bos= 0 mass_fer= 2.07622
compactness= 0.240457
compactness_boson= 0
E_binding= -0.156999
