mass= 0.428635numbos: 0.21613 numfer: 0.0258202 omega: 0.641135 r99bos: 3.54 r99fer: 1.89 r99tot: 3.792
 Nb/Nf: 8.37059 Eb/Ef: 8.52607
mass_bos= 0.248828 mass_fer= 0.0291843
compactness= 0.113037
compactness_boson= 0.0702903
E_binding= 0.186685
