mass= 0.30917numbos: 0.133804 numfer: 3.09415e-07 omega: 0.731477 r99bos: 3.42 r99fer: 0.042 r99tot: 3.558
 Nb/Nf: 432442 Eb/Ef: 630379
mass_bos= 0.209637 mass_fer= 3.32557e-07
compactness= 0.0868943
compactness_boson= 0.0612973
E_binding= 0.175365
