mass= 0.314299numbos: 0.137324 numfer: 4.64217e-07 omega: 0.725653 r99bos: 3.402 r99fer: 0.042 r99tot: 3.552
 Nb/Nf: 295818 Eb/Ef: 412865
mass_bos= 0.212922 mass_fer= 5.15718e-07
compactness= 0.0884852
compactness_boson= 0.0625873
E_binding= 0.176975
