mass= 1.05782numbos: 0.125324 numfer: 0.88315 omega: 0.528462 r99bos: 3.468 r99fer: 6.438 r99tot: 6.366
 Nb/Nf: 0.141905 Eb/Ef: 0.155856
mass_bos= 0.155725 mass_fer= 0.999156
compactness= 0.166167
compactness_boson= 0.0449033
E_binding= 0.0493445
