mass= 1.05169numbos: 0.127802 numfer: 0.872663 omega: 0.503466 r99bos: 3.276 r99fer: 6.252 r99tot: 6.18
 Nb/Nf: 0.14645 Eb/Ef: 0.160681
mass_bos= 0.16059 mass_fer= 0.999433
compactness= 0.170176
compactness_boson= 0.0490202
E_binding= 0.0512225
