mass= 1.51775numbos: 0.0428933 numfer: 1.57713 omega: 0.558673 r99bos: 5.046 r99fer: 6.858 r99tot: 6.816
 Nb/Nf: 0.0271971 Eb/Ef: 0.0270051
mass_bos= 0.048895 mass_fer= 1.81058
compactness= 0.222675
compactness_boson= 0.00968986
E_binding= -0.102269
