mass= 0.324227numbos: 0.144666 numfer: 0.000232132 omega: 0.685327 r99bos: 3.024 r99fer: 0.318 r99tot: 3.21
 Nb/Nf: 623.204 Eb/Ef: 786.798
mass_bos= 0.222587 mass_fer= 0.000282903
compactness= 0.101005
compactness_boson= 0.073607
E_binding= 0.179329
