mass= 0.318565numbos: 0.140228 numfer: 1.31944e-08 omega: 0.712788 r99bos: 3.282 r99fer: 0.006 r99tot: 3.444
 Nb/Nf: 1.06279e+07 Eb/Ef: 1.11752e+07
mass_bos= 0.219126 mass_fer= 1.96082e-08
compactness= 0.0924986
compactness_boson= 0.0667659
E_binding= 0.178337
