mass= 0.323894numbos: 0.143982 numfer: 9.34546e-09 omega: 0.706495 r99bos: 3.264 r99fer: 0.006 r99tot: 3.438
 Nb/Nf: 1.54067e+07 Eb/Ef: 1.76445e+07
mass_bos= 0.22167 mass_fer= 1.25631e-08
compactness= 0.0942099
compactness_boson= 0.0679134
E_binding= 0.179911
