mass= 0.375661numbos: 0.184147 numfer: 1.68849e-05 omega: 0.624451 r99bos: 2.88 r99fer: 0.21 r99tot: 3.138
 Nb/Nf: 10906 Eb/Ef: 14458.5
mass_bos= 0.256133 mass_fer= 1.77151e-05
compactness= 0.119714
compactness_boson= 0.0889351
E_binding= 0.191497
