mass= 0.520021numbos: 0.184734 numfer: 0.165791 omega: 0.885393 r99bos: 8.742 r99fer: 5.538 r99tot: 8.382
 Nb/Nf: 1.11425 Eb/Ef: 1.14118
mass_bos= 0.195605 mass_fer= 0.171406
compactness= 0.0620402
compactness_boson= 0.0223754
E_binding= 0.169496
