mass= 0.304717numbos: 0.130767 numfer: 2.50315e-05 omega: 0.735227 r99bos: 3.414 r99fer: 0.132 r99tot: 3.552
 Nb/Nf: 5224.1 Eb/Ef: 6331.61
mass_bos= 0.206981 mass_fer= 3.26902e-05
compactness= 0.0857875
compactness_boson= 0.0606272
E_binding= 0.173925
