mass= 0.425052numbos: 0.215955 numfer: 0.0191977 omega: 0.592678 r99bos: 2.97 r99fer: 1.386 r99tot: 3.246
 Nb/Nf: 11.249 Eb/Ef: 11.3072
mass_bos= 0.271521 mass_fer= 0.0240132
compactness= 0.130946
compactness_boson= 0.0914213
E_binding= 0.189899
