mass= 0.430147numbos: 0.231025 numfer: 0.000479164 omega: 0.640512 r99bos: 3.6 r99fer: 0.72 r99tot: 3.894
 Nb/Nf: 482.142 Eb/Ef: 526.068
mass_bos= 0.261683 mass_fer= 0.000497431
compactness= 0.110464
compactness_boson= 0.0726897
E_binding= 0.198643
