mass= 0.307491numbos: 0.132716 numfer: 0.000128604 omega: 0.714421 r99bos: 3.18 r99fer: 0.246 r99tot: 3.336
 Nb/Nf: 1031.97 Eb/Ef: 1310.37
mass_bos= 0.210852 mass_fer= 0.00016091
compactness= 0.0921736
compactness_boson= 0.0663056
E_binding= 0.174646
