mass= 0.383115numbos: 0.189329 numfer: 0.00264585 omega: 0.618725 r99bos: 2.892 r99fer: 0.702 r99tot: 3.15
 Nb/Nf: 71.5572 Eb/Ef: 78.9221
mass_bos= 0.258767 mass_fer= 0.00327877
compactness= 0.121624
compactness_boson= 0.0894769
E_binding= 0.19114
