mass= 0.317092numbos: 0.139201 numfer: 8.24615e-09 omega: 0.714544 r99bos: 3.288 r99fer: 0.006 r99tot: 3.45
 Nb/Nf: 1.68807e+07 Eb/Ef: 2.03158e+07
mass_bos= 0.218422 mass_fer= 1.07513e-08
compactness= 0.0919106
compactness_boson= 0.0664299
E_binding= 0.177891
