mass= 0.363432numbos: 0.174408 numfer: 0.000208505 omega: 0.636601 r99bos: 2.892 r99fer: 0.354 r99tot: 3.132
 Nb/Nf: 836.468 Eb/Ef: 1047.96
mass_bos= 0.248309 mass_fer= 0.000236945
compactness= 0.116038
compactness_boson= 0.0858607
E_binding= 0.188816
