mass= 0.321478numbos: 0.142303 numfer: 2.38208e-06 omega: 0.715927 r99bos: 3.36 r99fer: 0.054 r99tot: 3.522
 Nb/Nf: 59739.1 Eb/Ef: 69993.3
mass_bos= 0.217858 mass_fer= 3.11255e-06
compactness= 0.0912772
compactness_boson= 0.0648386
E_binding= 0.179173
