mass= 0.319256numbos: 0.140754 numfer: 1.1548e-07 omega: 0.719123 r99bos: 3.372 r99fer: 0.024 r99tot: 3.534
 Nb/Nf: 1.21886e+06 Eb/Ef: 1.72705e+06
mass_bos= 0.216285 mass_fer= 1.25234e-07
compactness= 0.0903385
compactness_boson= 0.0641415
E_binding= 0.178502
