mass= 0.323906numbos: 0.143992 numfer: 4.94823e-09 omega: 0.706482 r99bos: 3.264 r99fer: 0.006 r99tot: 3.438
 Nb/Nf: 2.90997e+07 Eb/Ef: 3.78916e+07
mass_bos= 0.221677 mass_fer= 5.8503e-09
compactness= 0.0942136
compactness_boson= 0.0679158
E_binding= 0.179914
