mass= 0.452033numbos: 0.24132 numfer: 0.0147936 omega: 0.599482 r99bos: 3.282 r99fer: 1.452 r99tot: 3.576
 Nb/Nf: 16.3124 Eb/Ef: 16.3349
mass_bos= 0.279061 mass_fer= 0.0170837
compactness= 0.126408
compactness_boson= 0.0850276
E_binding= 0.195919
