mass= 0.317855numbos: 0.139732 numfer: 7.14685e-09 omega: 0.713613 r99bos: 3.288 r99fer: 0.006 r99tot: 3.45
 Nb/Nf: 1.95516e+07 Eb/Ef: 2.42331e+07
mass_bos= 0.218791 mass_fer= 9.02861e-09
compactness= 0.092132
compactness_boson= 0.0665424
E_binding= 0.178123
