mass= 0.324503numbos: 0.144909 numfer: 1.63572e-08 omega: 0.684769 r99bos: 3.024 r99fer: 0.036 r99tot: 3.21
 Nb/Nf: 8.85908e+06 Eb/Ef: 1.35561e+07
mass_bos= 0.222953 mass_fer= 1.64467e-08
compactness= 0.101091
compactness_boson= 0.0737277
E_binding= 0.179593
