mass= 0.318507numbos: 0.140184 numfer: 2.06154e-08 omega: 0.712848 r99bos: 3.276 r99fer: 0.006 r99tot: 3.444
 Nb/Nf: 6.79999e+06 Eb/Ef: 6.04008e+06
mass_bos= 0.21909 mass_fer= 3.62728e-08
compactness= 0.0924816
compactness_boson= 0.0668774
E_binding= 0.178322
