mass= 0.327353numbos: 0.146434 numfer: 2.47276e-09 omega: 0.703263 r99bos: 3.264 r99fer: 0.006 r99tot: 3.444
 Nb/Nf: 5.9219e+07 Eb/Ef: 8.27576e+07
mass_bos= 0.223282 mass_fer= 2.69803e-09
compactness= 0.0950503
compactness_boson= 0.0684076
E_binding= 0.180919
