mass= 1.47694numbos: 0.000909177 numfer: 1.57563 omega: 0.427831 r99bos: 3.804 r99fer: 5.628 r99tot: 5.592
 Nb/Nf: 0.000577026 Eb/Ef: 0.000562372
mass_bos= 0.00112282 mass_fer= 1.99659
compactness= 0.264117
compactness_boson= 0.000295169
E_binding= -0.0995928
