mass= 0.304661numbos: 0.130731 numfer: 2.1117e-07 omega: 0.735285 r99bos: 3.414 r99fer: 0.042 r99tot: 3.552
 Nb/Nf: 619080 Eb/Ef: 932253
mass_bos= 0.206965 mass_fer= 2.22005e-07
compactness= 0.0857718
compactness_boson= 0.0606223
E_binding= 0.17393
