mass= 0.448422numbos: 0.243681 numfer: 0.0038048 omega: 0.579944 r99bos: 3.042 r99fer: 0.912 r99tot: 3.36
 Nb/Nf: 64.0458 Eb/Ef: 66.9047
mass_bos= 0.293265 mass_fer= 0.00438332
compactness= 0.133459
compactness_boson= 0.0964053
E_binding= 0.200935
