mass= 1.46217numbos: 0.0340311 numfer: 1.51428 omega: 0.466588 r99bos: 4.032 r99fer: 5.952 r99tot: 5.91
 Nb/Nf: 0.0224735 Eb/Ef: 0.0222408
mass_bos= 0.0411416 mass_fer= 1.84983
compactness= 0.247406
compactness_boson= 0.0102038
E_binding= -0.0861411
