mass= 0.311713numbos: 0.135546 numfer: 1.33818e-06 omega: 0.728727 r99bos: 3.414 r99fer: 0.06 r99tot: 3.558
 Nb/Nf: 101291 Eb/Ef: 138690
mass_bos= 0.211239 mass_fer= 1.5231e-06
compactness= 0.0876091
compactness_boson= 0.0618744
E_binding= 0.176166
