mass= 0.341991numbos: 0.157908 numfer: 2.25142e-05 omega: 0.660845 r99bos: 2.934 r99fer: 0.204 r99tot: 3.156
 Nb/Nf: 7013.7 Eb/Ef: 9659.78
mass_bos= 0.234623 mass_fer= 2.42886e-05
compactness= 0.108362
compactness_boson= 0.0799669
E_binding= 0.184061
