mass= 0.327278numbos: 0.14638 numfer: 2.47432e-07 omega: 0.70609 r99bos: 3.3 r99fer: 0.024 r99tot: 3.474
 Nb/Nf: 591598 Eb/Ef: 774327
mass_bos= 0.222386 mass_fer= 2.87199e-07
compactness= 0.0942079
compactness_boson= 0.0673897
E_binding= 0.180898
