mass= 0.323961numbos: 0.144432 numfer: 0.000416171 omega: 0.685815 r99bos: 3.03 r99fer: 0.366 r99tot: 3.216
 Nb/Nf: 347.049 Eb/Ef: 424.3
mass_bos= 0.222263 mass_fer= 0.000523834
compactness= 0.100734
compactness_boson= 0.0733542
E_binding= 0.179113
