mass= 0.445922numbos: 0.227574 numfer: 0.0295714 omega: 0.590138 r99bos: 3.096 r99fer: 1.698 r99tot: 3.372
 Nb/Nf: 7.69576 Eb/Ef: 7.62343
mass_bos= 0.273372 mass_fer= 0.0358594
compactness= 0.132243
compactness_boson= 0.0882983
E_binding= 0.188777
