mass= 0.307505numbos: 0.13273 numfer: 0.000103841 omega: 0.714371 r99bos: 3.18 r99fer: 0.24 r99tot: 3.336
 Nb/Nf: 1278.21 Eb/Ef: 1646.47
mass_bos= 0.210883 mass_fer= 0.000128082
compactness= 0.0921779
compactness_boson= 0.0663155
E_binding= 0.174671
