mass= 0.494032numbos: 0.198231 numfer: 0.13208 omega: 0.599436 r99bos: 3.234 r99fer: 3.432 r99tot: 3.462
 Nb/Nf: 1.50084 Eb/Ef: 1.55248
mass_bos= 0.236749 mass_fer= 0.152497
compactness= 0.142701
compactness_boson= 0.0732063
E_binding= 0.163721
