mass= 0.306784numbos: 0.132176 numfer: 7.08805e-07 omega: 0.73372 r99bos: 3.42 r99fer: 0.054 r99tot: 3.558
 Nb/Nf: 186477 Eb/Ef: 268432
mass_bos= 0.208188 mass_fer= 7.75573e-07
compactness= 0.0862236
compactness_boson= 0.0608738
E_binding= 0.174607
