mass= 0.321483numbos: 0.142306 numfer: 3.32238e-06 omega: 0.715922 r99bos: 3.36 r99fer: 0.066 r99tot: 3.522
 Nb/Nf: 42832.6 Eb/Ef: 50510.7
mass_bos= 0.21786 mass_fer= 4.31314e-06
compactness= 0.0912785
compactness_boson= 0.0648392
E_binding= 0.179173
