mass= 0.327866numbos: 0.146799 numfer: 1.03044e-08 omega: 0.70323 r99bos: 3.27 r99fer: 0.006 r99tot: 3.45
 Nb/Nf: 1.42463e+07 Eb/Ef: 1.96558e+07
mass_bos= 0.223409 mass_fer= 1.13661e-08
compactness= 0.0950338
compactness_boson= 0.0683209
E_binding= 0.181068
