mass= 0.325055numbos: 0.144811 numfer: 2.25367e-07 omega: 0.710287 r99bos: 3.324 r99fer: 0.024 r99tot: 3.498
 Nb/Nf: 642555 Eb/Ef: 829592
mass_bos= 0.220529 mass_fer= 2.65828e-07
compactness= 0.092926
compactness_boson= 0.0663444
E_binding= 0.180244
