mass= 0.301236numbos: 0.128402 numfer: 6.5747e-07 omega: 0.731371 r99bos: 3.324 r99fer: 0.066 r99tot: 3.456
 Nb/Nf: 195297 Eb/Ef: 297371
mass_bos= 0.205817 mass_fer= 6.92123e-07
compactness= 0.0871631
compactness_boson= 0.0619186
E_binding= 0.172833
