mass= 0.323419numbos: 0.143661 numfer: 4.91603e-08 omega: 0.712963 r99bos: 3.342 r99fer: 0.018 r99tot: 3.51
 Nb/Nf: 2.9223e+06 Eb/Ef: 4.18628e+06
mass_bos= 0.219281 mass_fer= 5.23808e-08
compactness= 0.0921422
compactness_boson= 0.0656136
E_binding= 0.179758
