mass= 1.47024numbos: 0.0584377 numfer: 1.49231 omega: 0.571709 r99bos: 5.052 r99fer: 6.894 r99tot: 6.852
 Nb/Nf: 0.0391592 Eb/Ef: 0.0391092
mass_bos= 0.0665596 mass_fer= 1.70189
compactness= 0.214571
compactness_boson= 0.0131749
E_binding= -0.0805089
