mass= 0.323893numbos: 0.143982 numfer: 8.97514e-08 omega: 0.706495 r99bos: 3.264 r99fer: 0.006 r99tot: 3.438
 Nb/Nf: 1.60423e+06 Eb/Ef: 1.6427e+06
mass_bos= 0.221669 mass_fer= 1.34942e-07
compactness= 0.0942098
compactness_boson= 0.0679134
E_binding= 0.179911
