mass= 0.326352numbos: 0.145725 numfer: 8.62102e-07 omega: 0.707974 r99bos: 3.312 r99fer: 0.036 r99tot: 3.486
 Nb/Nf: 169035 Eb/Ef: 200343
mass_bos= 0.221573 mass_fer= 1.10597e-06
compactness= 0.093618
compactness_boson= 0.0669
E_binding= 0.180626
