mass= 1.4221numbos: 0.05202 numfer: 1.44234 omega: 0.67507 r99bos: 6.45 r99fer: 7.908 r99tot: 7.878
 Nb/Nf: 0.0360663 Eb/Ef: 0.0360875
mass_bos= 0.0567298 mass_fer= 1.57201
compactness= 0.180516
compactness_boson= 0.00879532
E_binding= -0.0722593
