mass= 0.523534numbos: 0.192626 numfer: 0.174137 omega: 0.589005 r99bos: 3.192 r99fer: 3.858 r99tot: 3.744
 Nb/Nf: 1.10617 Eb/Ef: 1.15665
mass_bos= 0.231963 mass_fer= 0.200548
compactness= 0.139833
compactness_boson= 0.07267
E_binding= 0.156772
