mass= 0.343877numbos: 0.165598 numfer: 0.00799631 omega: 0.769434 r99bos: 4.53 r99fer: 1.626 r99tot: 4.698
 Nb/Nf: 20.7093 Eb/Ef: 22.6125
mass_bos= 0.191772 mass_fer= 0.00848083
compactness= 0.0731964
compactness_boson= 0.0423339
E_binding= 0.170282
