mass= 0.309175numbos: 0.133808 numfer: 1.64937e-08 omega: 0.731472 r99bos: 3.42 r99fer: 0.018 r99tot: 3.558
 Nb/Nf: 8.11265e+06 Eb/Ef: 1.24315e+07
mass_bos= 0.20964 mass_fer= 1.68637e-08
compactness= 0.0868957
compactness_boson= 0.0612983
E_binding= 0.175367
