mass= 1.26349numbos: 0.10605 numfer: 1.15953 omega: 0.610038 r99bos: 4.884 r99fer: 6.888 r99tot: 6.834
 Nb/Nf: 0.0914593 Eb/Ef: 0.0939274
mass_bos= 0.121839 mass_fer= 1.29716
compactness= 0.184884
compactness_boson= 0.0249465
E_binding= -0.00209019
