mass= 0.317877numbos: 0.139749 numfer: 2.74148e-10 omega: 0.713592 r99bos: 3.288 r99fer: 0.006 r99tot: 3.45
 Nb/Nf: 5.09756e+08 Eb/Ef: 7.90145e+08
mass_bos= 0.218804 mass_fer= 2.76917e-10
compactness= 0.0921382
compactness_boson= 0.0665463
E_binding= 0.178128
