mass= 0.544541numbos: 0.186616 numfer: 0.206541 omega: 0.595108 r99bos: 3.27 r99fer: 4.236 r99tot: 4.092
 Nb/Nf: 0.903532 Eb/Ef: 0.95395
mass_bos= 0.223862 mass_fer= 0.234669
compactness= 0.133075
compactness_boson= 0.0684594
E_binding= 0.151384
