mass= 0.484265numbos: 0.200487 numfer: 0.11744 omega: 0.603138 r99bos: 3.252 r99fer: 3.264 r99tot: 3.408
 Nb/Nf: 1.70715 Eb/Ef: 1.75847
mass_bos= 0.238667 mass_fer= 0.135725
compactness= 0.142096
compactness_boson= 0.0733909
E_binding= 0.166337
