mass= 0.49328numbos: 0.156854 numfer: 0.188506 omega: 0.836687 r99bos: 6.36 r99fer: 5.358 r99tot: 6.018
 Nb/Nf: 0.832087 Eb/Ef: 0.883872
mass_bos= 0.174657 mass_fer= 0.197604
compactness= 0.0819675
compactness_boson= 0.0274617
E_binding= 0.14792
