mass= 0.302969numbos: 0.129579 numfer: 2.43222e-05 omega: 0.735948 r99bos: 3.402 r99fer: 0.138 r99tot: 3.54
 Nb/Nf: 5327.6 Eb/Ef: 6657.27
mass_bos= 0.206052 mass_fer= 3.09514e-05
compactness= 0.0855846
compactness_boson= 0.0605678
E_binding= 0.173366
