mass= 0.301153numbos: 0.12834 numfer: 6.06525e-05 omega: 0.734152 r99bos: 3.36 r99fer: 0.18 r99tot: 3.492
 Nb/Nf: 2115.98 Eb/Ef: 2614.7
mass_bos= 0.205385 mass_fer= 7.85504e-05
compactness= 0.0862409
compactness_boson= 0.0611266
E_binding= 0.172753
