mass= 0.320087numbos: 0.141298 numfer: 1.23692e-08 omega: 0.711073 r99bos: 3.276 r99fer: 0.006 r99tot: 3.444
 Nb/Nf: 1.14233e+07 Eb/Ef: 1.22089e+07
mass_bos= 0.219833 mass_fer= 1.80059e-08
compactness= 0.0929404
compactness_boson= 0.067104
E_binding= 0.178789
