mass= 0.324446numbos: 0.144864 numfer: 8.13794e-06 omega: 0.684838 r99bos: 3.018 r99fer: 0.15 r99tot: 3.21
 Nb/Nf: 17801.1 Eb/Ef: 25625.1
mass_bos= 0.222911 mass_fer= 8.69896e-06
compactness= 0.101073
compactness_boson= 0.0738606
E_binding= 0.179573
