mass= 0.446701numbos: 0.237732 numfer: 0.0129891 omega: 0.58533 r99bos: 3.078 r99fer: 1.29 r99tot: 3.378
 Nb/Nf: 18.3024 Eb/Ef: 18.3439
mass_bos= 0.28501 mass_fer= 0.015537
compactness= 0.132238
compactness_boson= 0.0925958
E_binding= 0.19598
