mass= 0.304362numbos: 0.130546 numfer: 7.09365e-05 omega: 0.721478 r99bos: 3.234 r99fer: 0.204 r99tot: 3.378
 Nb/Nf: 1840.33 Eb/Ef: 2384.28
mass_bos= 0.208505 mass_fer= 8.74497e-05
compactness= 0.0901013
compactness_boson= 0.0644726
E_binding= 0.173745
