mass= 0.307507numbos: 0.132745 numfer: 1.77287e-07 omega: 0.714245 r99bos: 3.18 r99fer: 0.054 r99tot: 3.33
 Nb/Nf: 748757 Eb/Ef: 1.16442e+06
mass_bos= 0.210971 mass_fer= 1.81181e-07
compactness= 0.0923444
compactness_boson= 0.0663432
E_binding= 0.174762
