mass= 0.321009numbos: 0.141947 numfer: 1.56671e-08 omega: 0.71 r99bos: 3.27 r99fer: 0.006 r99tot: 3.444
 Nb/Nf: 9.06016e+06 Eb/Ef: 8.91366e+06
mass_bos= 0.220259 mass_fer= 2.47102e-08
compactness= 0.0932083
compactness_boson= 0.0673574
E_binding= 0.179063
