mass= 0.412725numbos: 0.217019 numfer: 0.00190485 omega: 0.663309 r99bos: 3.726 r99fer: 1.002 r99tot: 4.002
 Nb/Nf: 113.93 Eb/Ef: 122.568
mass_bos= 0.246873 mass_fer= 0.00201417
compactness= 0.10313
compactness_boson= 0.0662567
E_binding= 0.193801
