mass= 0.302919numbos: 0.129547 numfer: 5.11402e-07 omega: 0.735997 r99bos: 3.402 r99fer: 0.054 r99tot: 3.534
 Nb/Nf: 253317 Eb/Ef: 377608
mass_bos= 0.206038 mass_fer= 5.45641e-07
compactness= 0.0857157
compactness_boson= 0.0605639
E_binding= 0.173372
