mass= 0.319317numbos: 0.140757 numfer: 5.22238e-09 omega: 0.711943 r99bos: 3.282 r99fer: 0.006 r99tot: 3.45
 Nb/Nf: 2.69526e+07 Eb/Ef: 3.52455e+07
mass_bos= 0.21948 mass_fer= 6.22717e-09
compactness= 0.0925556
compactness_boson= 0.0668737
E_binding= 0.17856
