mass= 0.317852numbos: 0.13973 numfer: 9.61961e-09 omega: 0.713617 r99bos: 3.288 r99fer: 0.006 r99tot: 3.45
 Nb/Nf: 1.45255e+07 Eb/Ef: 1.67927e+07
mass_bos= 0.218789 mass_fer= 1.30288e-08
compactness= 0.0921309
compactness_boson= 0.0665417
E_binding= 0.178122
