mass= 0.327858numbos: 0.146792 numfer: 7.98836e-08 omega: 0.703238 r99bos: 3.27 r99fer: 0.012 r99tot: 3.45
 Nb/Nf: 1.83758e+06 Eb/Ef: 2.35687e+06
mass_bos= 0.223404 mass_fer= 9.47884e-08
compactness= 0.0950314
compactness_boson= 0.0683194
E_binding= 0.181066
