mass= 0.319306numbos: 0.140749 numfer: 1.09958e-08 omega: 0.711954 r99bos: 3.282 r99fer: 0.006 r99tot: 3.444
 Nb/Nf: 1.28003e+07 Eb/Ef: 1.42052e+07
mass_bos= 0.219473 mass_fer= 1.54502e-08
compactness= 0.0927137
compactness_boson= 0.0668717
E_binding= 0.178557
