mass= 0.304661numbos: 0.130731 numfer: 1.25107e-07 omega: 0.735286 r99bos: 3.414 r99fer: 0.036 r99tot: 3.552
 Nb/Nf: 1.04495e+06 Eb/Ef: 1.58785e+06
mass_bos= 0.206965 mass_fer= 1.30343e-07
compactness= 0.0857717
compactness_boson= 0.0606223
E_binding= 0.17393
