mass= 0.323899numbos: 0.143986 numfer: 7.81052e-08 omega: 0.706489 r99bos: 3.264 r99fer: 0.006 r99tot: 3.438
 Nb/Nf: 1.84349e+06 Eb/Ef: 1.97553e+06
mass_bos= 0.221673 mass_fer= 1.12209e-07
compactness= 0.0942114
compactness_boson= 0.0679144
E_binding= 0.179912
