mass= 0.31433numbos: 0.137346 numfer: 9.4047e-10 omega: 0.725624 r99bos: 3.408 r99fer: 0.006 r99tot: 3.558
 Nb/Nf: 1.4604e+08 Eb/Ef: 2.24792e+08
mass_bos= 0.21294 mass_fer= 9.47276e-10
compactness= 0.0883445
compactness_boson= 0.0624825
E_binding= 0.176983
