mass= 0.307518numbos: 0.132746 numfer: 6.18098e-05 omega: 0.714302 r99bos: 3.18 r99fer: 0.204 r99tot: 3.336
 Nb/Nf: 2147.65 Eb/Ef: 2841.17
mass_bos= 0.210928 mass_fer= 7.42399e-05
compactness= 0.0921818
compactness_boson= 0.0663295
E_binding= 0.174711
