mass= 0.32653numbos: 0.145851 numfer: 8.25158e-10 omega: 0.703784 r99bos: 3.264 r99fer: 0.006 r99tot: 3.438
 Nb/Nf: 1.76755e+08 Eb/Ef: 2.6222e+08
mass_bos= 0.22295 mass_fer= 8.50243e-10
compactness= 0.0949768
compactness_boson= 0.0683059
E_binding= 0.180679
