mass= 0.306783numbos: 0.132175 numfer: 4.69933e-07 omega: 0.733721 r99bos: 3.42 r99fer: 0.048 r99tot: 3.558
 Nb/Nf: 281263 Eb/Ef: 409850
mass_bos= 0.208188 mass_fer= 5.07961e-07
compactness= 0.0862233
compactness_boson= 0.0608737
E_binding= 0.174607
