mass= 0.334795numbos: 0.162471 numfer: 0.00119607 omega: 0.872453 r99bos: 6.63 r99fer: 1.218 r99tot: 6.732
 Nb/Nf: 135.838 Eb/Ef: 148.682
mass_bos= 0.18152 mass_fer= 0.00122086
compactness= 0.0497319
compactness_boson= 0.0273786
E_binding= 0.171128
