mass= 0.317817numbos: 0.139704 numfer: 1.59413e-08 omega: 0.713652 r99bos: 3.282 r99fer: 0.006 r99tot: 3.444
 Nb/Nf: 8.76364e+06 Eb/Ef: 8.64573e+06
mass_bos= 0.218768 mass_fer= 2.53036e-08
compactness= 0.0922813
compactness_boson= 0.066657
E_binding= 0.178113
