mass= 0.321473numbos: 0.1423 numfer: 1.29424e-08 omega: 0.715936 r99bos: 3.36 r99fer: 0.012 r99tot: 3.522
 Nb/Nf: 1.09948e+07 Eb/Ef: 1.62576e+07
mass_bos= 0.217856 mass_fer= 1.34002e-08
compactness= 0.0912758
compactness_boson= 0.064838
E_binding= 0.179174
