mass= 0.460981numbos: 0.207983 numfer: 0.0787736 omega: 0.587698 r99bos: 3.054 r99fer: 2.562 r99tot: 3.252
 Nb/Nf: 2.64027 Eb/Ef: 2.67156
mass_bos= 0.253784 mass_fer= 0.0949946
compactness= 0.141753
compactness_boson= 0.0830989
E_binding= 0.174224
