mass= 0.318494numbos: 0.140175 numfer: 2.17147e-08 omega: 0.712861 r99bos: 3.27 r99fer: 0.006 r99tot: 3.438
 Nb/Nf: 6.45531e+06 Eb/Ef: 5.60509e+06
mass_bos= 0.219083 mass_fer= 3.90864e-08
compactness= 0.0926394
compactness_boson= 0.0669978
E_binding= 0.178319
