mass= 0.31928numbos: 0.140729 numfer: 1.62182e-08 omega: 0.71198 r99bos: 3.276 r99fer: 0.006 r99tot: 3.444
 Nb/Nf: 8.67726e+06 Eb/Ef: 8.47047e+06
mass_bos= 0.219457 mass_fer= 2.59085e-08
compactness= 0.0927062
compactness_boson= 0.0669894
E_binding= 0.178551
