mass= 0.327839numbos: 0.146778 numfer: 4.68542e-07 omega: 0.704655 r99bos: 3.288 r99fer: 0.03 r99tot: 3.462
 Nb/Nf: 313266 Eb/Ef: 403673
mass_bos= 0.222966 mass_fer= 5.52343e-07
compactness= 0.0946965
compactness_boson= 0.0678121
E_binding= 0.18106
