mass= 0.32147numbos: 0.142297 numfer: 1.46478e-07 omega: 0.715939 r99bos: 3.36 r99fer: 0.024 r99tot: 3.522
 Nb/Nf: 971452 Eb/Ef: 1.3294e+06
mass_bos= 0.217853 mass_fer= 1.63873e-07
compactness= 0.0912747
compactness_boson= 0.0648373
E_binding= 0.179173
