mass= 0.302942numbos: 0.129561 numfer: 1.02938e-05 omega: 0.735973 r99bos: 3.402 r99fer: 0.108 r99tot: 3.534
 Nb/Nf: 12586.3 Eb/Ef: 16519.6
mass_bos= 0.206045 mass_fer= 1.24728e-05
compactness= 0.085722
compactness_boson= 0.060566
E_binding= 0.17337
