mass= 0.306784numbos: 0.132176 numfer: 1.17997e-07 omega: 0.733719 r99bos: 3.42 r99fer: 0.036 r99tot: 3.558
 Nb/Nf: 1.12017e+06 Eb/Ef: 1.69958e+06
mass_bos= 0.208189 mass_fer= 1.22494e-07
compactness= 0.0862239
compactness_boson= 0.060874
E_binding= 0.174608
