mass= 0.304355numbos: 0.130536 numfer: 0.000109279 omega: 0.721537 r99bos: 3.234 r99fer: 0.228 r99tot: 3.378
 Nb/Nf: 1194.51 Eb/Ef: 1508.73
mass_bos= 0.208466 mass_fer= 0.000138173
compactness= 0.0900992
compactness_boson= 0.0644607
E_binding= 0.17371
