mass= 0.514362numbos: 0.194958 numfer: 0.160314 omega: 0.581675 r99bos: 3.108 r99fer: 3.648 r99tot: 3.564
 Nb/Nf: 1.2161 Eb/Ef: 1.26652
mass_bos= 0.236882 mass_fer= 0.187034
compactness= 0.144322
compactness_boson= 0.0762169
E_binding= 0.15909
