mass= 0.462194numbos: 0.25714 numfer: 1.00544e-05 omega: 0.593074 r99bos: 3.312 r99fer: 0.294 r99tot: 3.63
 Nb/Nf: 25574.8 Eb/Ef: 28786.2
mass_bos= 0.292736 mass_fer= 1.01693e-05
compactness= 0.127326
compactness_boson= 0.0883865
E_binding= 0.205044
