mass= 0.327348numbos: 0.14643 numfer: 1.25514e-07 omega: 0.703268 r99bos: 3.264 r99fer: 0.012 r99tot: 3.444
 Nb/Nf: 1.16665e+06 Eb/Ef: 1.38483e+06
mass_bos= 0.223279 mass_fer= 1.61232e-07
compactness= 0.0950488
compactness_boson= 0.0684066
E_binding= 0.180918
