mass= 0.302329numbos: 0.129137 numfer: 0.000114855 omega: 0.727216 r99bos: 3.282 r99fer: 0.228 r99tot: 3.42
 Nb/Nf: 1124.34 Eb/Ef: 1392.22
mass_bos= 0.206779 mass_fer= 0.000148525
compactness= 0.0884003
compactness_boson= 0.063004
E_binding= 0.173077
