mass= 0.467713numbos: 0.203711 numfer: 0.0930701 omega: 0.584824 r99bos: 3.03 r99fer: 2.766 r99tot: 3.204
 Nb/Nf: 2.18879 Eb/Ef: 2.23256
mass_bos= 0.250109 mass_fer= 0.112028
compactness= 0.145978
compactness_boson= 0.0825444
E_binding= 0.170932
