mass= 0.319259numbos: 0.140756 numfer: 5.92273e-07 omega: 0.71912 r99bos: 3.372 r99fer: 0.042 r99tot: 3.534
 Nb/Nf: 237655 Eb/Ef: 322214
mass_bos= 0.216287 mass_fer= 6.71251e-07
compactness= 0.0903392
compactness_boson= 0.0641419
E_binding= 0.178502
