mass= 0.331279numbos: 0.14969 numfer: 0.000880469 omega: 0.675334 r99bos: 2.988 r99fer: 0.456 r99tot: 3.186
 Nb/Nf: 170.011 Eb/Ef: 200.218
mass_bos= 0.226862 mass_fer= 0.00113307
compactness= 0.10398
compactness_boson= 0.0759242
E_binding= 0.180709
