mass= 0.311736numbos: 0.135562 numfer: 8.76614e-06 omega: 0.728697 r99bos: 3.414 r99fer: 0.09 r99tot: 3.558
 Nb/Nf: 15464.2 Eb/Ef: 18523.9
mass_bos= 0.211249 mass_fer= 1.14041e-05
compactness= 0.0876156
compactness_boson= 0.0618773
E_binding= 0.176166
