mass= 0.450159numbos: 0.234129 numfer: 0.0246035 omega: 0.593415 r99bos: 3.18 r99fer: 1.638 r99tot: 3.462
 Nb/Nf: 9.51609 Eb/Ef: 9.43098
mass_bos= 0.276001 mass_fer= 0.0292653
compactness= 0.130029
compactness_boson= 0.0867927
E_binding= 0.191426
