mass= 0.32104numbos: 0.14197 numfer: 4.39722e-09 omega: 0.709969 r99bos: 3.276 r99fer: 0.006 r99tot: 3.444
 Nb/Nf: 3.22863e+07 Eb/Ef: 4.31107e+07
mass_bos= 0.220277 mass_fer= 5.10957e-09
compactness= 0.0932173
compactness_boson= 0.0672397
E_binding= 0.17907
