mass= 0.323418numbos: 0.14366 numfer: 2.1286e-08 omega: 0.712964 r99bos: 3.342 r99fer: 0.012 r99tot: 3.51
 Nb/Nf: 6.74904e+06 Eb/Ef: 9.75291e+06
mass_bos= 0.21928 mass_fer= 2.24836e-08
compactness= 0.0921419
compactness_boson= 0.0656135
E_binding= 0.179758
