mass= 0.441858numbos: 0.228697 numfer: 0.0218466 omega: 0.588206 r99bos: 3.06 r99fer: 1.5 r99tot: 3.342
 Nb/Nf: 10.4683 Eb/Ef: 10.4037
mass_bos= 0.277201 mass_fer= 0.0266446
compactness= 0.132214
compactness_boson= 0.0905886
E_binding= 0.191315
