mass= 0.324461numbos: 0.144877 numfer: 7.76681e-07 omega: 0.684814 r99bos: 3.018 r99fer: 0.09 r99tot: 3.21
 Nb/Nf: 186533 Eb/Ef: 279363
mass_bos= 0.222926 mass_fer= 7.97981e-07
compactness= 0.101078
compactness_boson= 0.0738656
E_binding= 0.179583
