mass= 0.316851numbos: 0.139086 numfer: 2.62585e-06 omega: 0.722391 r99bos: 3.39 r99fer: 0.06 r99tot: 3.546
 Nb/Nf: 52968.1 Eb/Ef: 65109.9
mass_bos= 0.214628 mass_fer= 3.2964e-06
compactness= 0.0893546
compactness_boson= 0.0633122
E_binding= 0.177762
