mass= 0.311713numbos: 0.135546 numfer: 2.07956e-08 omega: 0.728729 r99bos: 3.414 r99fer: 0.018 r99tot: 3.558
 Nb/Nf: 6.518e+06 Eb/Ef: 9.88086e+06
mass_bos= 0.21124 mass_fer= 2.13787e-08
compactness= 0.087609
compactness_boson= 0.0618745
E_binding= 0.176167
