mass= 0.41395numbos: 0.148219 numfer: 0.118154 omega: 0.760416 r99bos: 4.518 r99fer: 4.272 r99tot: 4.464
 Nb/Nf: 1.25446 Eb/Ef: 1.37993
mass_bos= 0.173942 mass_fer= 0.126051
compactness= 0.0927308
compactness_boson= 0.0384997
E_binding= 0.147577
