mass= 0.309175numbos: 0.133808 numfer: 2.53475e-06 omega: 0.731469 r99bos: 3.42 r99fer: 0.066 r99tot: 3.558
 Nb/Nf: 52789.4 Eb/Ef: 69839.1
mass_bos= 0.209639 mass_fer= 3.00175e-06
compactness= 0.0868958
compactness_boson= 0.061298
E_binding= 0.175365
