mass= 1.299numbos: 0.079094 numfer: 1.23999 omega: 0.456814 r99bos: 3.45 r99fer: 5.934 r99tot: 5.88
 Nb/Nf: 0.0637857 Eb/Ef: 0.0677359
mass_bos= 0.101314 mass_fer= 1.49572
compactness= 0.220919
compactness_boson= 0.0293663
E_binding= -0.0200881
