mass= 0.427152numbos: 0.2195 numfer: 0.0159788 omega: 0.591266 r99bos: 2.976 r99fer: 1.302 r99tot: 3.258
 Nb/Nf: 13.7369 Eb/Ef: 13.8342
mass_bos= 0.274673 mass_fer= 0.0198547
compactness= 0.131109
compactness_boson= 0.0922961
E_binding= 0.191673
