mass= 0.31854numbos: 0.140209 numfer: 1.70406e-08 omega: 0.712814 r99bos: 3.276 r99fer: 0.006 r99tot: 3.444
 Nb/Nf: 8.22795e+06 Eb/Ef: 7.89909e+06
mass_bos= 0.21911 mass_fer= 2.77387e-08
compactness= 0.0924912
compactness_boson= 0.0668835
E_binding= 0.178331
