mass= 0.319266numbos: 0.140761 numfer: 2.26946e-06 omega: 0.719111 r99bos: 3.372 r99fer: 0.06 r99tot: 3.534
 Nb/Nf: 62024.2 Eb/Ef: 77220
mass_bos= 0.21629 mass_fer= 2.80096e-06
compactness= 0.0903412
compactness_boson= 0.064143
E_binding= 0.178502
