mass= 0.304678numbos: 0.130742 numfer: 7.54361e-06 omega: 0.735265 r99bos: 3.414 r99fer: 0.096 r99tot: 3.552
 Nb/Nf: 17331.5 Eb/Ef: 22630.7
mass_bos= 0.20697 mass_fer= 9.14556e-06
compactness= 0.0857765
compactness_boson= 0.060624
E_binding= 0.173929
