mass= 0.913095numbos: 0.130754 numfer: 0.705155 omega: 0.611647 r99bos: 3.912 r99fer: 6.708 r99tot: 6.624
 Nb/Nf: 0.185427 Eb/Ef: 0.204897
mass_bos= 0.158198 mass_fer= 0.772083
compactness= 0.137846
compactness_boson= 0.0404391
E_binding= 0.0771862
