mass= 0.302319numbos: 0.129139 numfer: 5.13483e-05 omega: 0.727145 r99bos: 3.282 r99fer: 0.18 r99tot: 3.42
 Nb/Nf: 2514.95 Eb/Ef: 3264.92
mass_bos= 0.20683 mass_fer= 6.33491e-05
compactness= 0.0883972
compactness_boson= 0.0630194
E_binding= 0.173129
