mass= 0.318554numbos: 0.14022 numfer: 1.51189e-08 omega: 0.7128 r99bos: 3.282 r99fer: 0.006 r99tot: 3.444
 Nb/Nf: 9.27449e+06 Eb/Ef: 9.30834e+06
mass_bos= 0.219119 mass_fer= 2.35401e-08
compactness= 0.0924953
compactness_boson= 0.0667638
E_binding= 0.178334
