mass= 0.302315numbos: 0.129137 numfer: 4.25607e-05 omega: 0.727139 r99bos: 3.282 r99fer: 0.18 r99tot: 3.42
 Nb/Nf: 3034.19 Eb/Ef: 3987.76
mass_bos= 0.206835 mass_fer= 5.18674e-05
compactness= 0.0883961
compactness_boson= 0.0630211
E_binding= 0.173135
