mass= 0.30917numbos: 0.133804 numfer: 6.84496e-07 omega: 0.731476 r99bos: 3.42 r99fer: 0.048 r99tot: 3.558
 Nb/Nf: 195479 Eb/Ef: 274729
mass_bos= 0.209637 mass_fer= 7.6307e-07
compactness= 0.0868944
compactness_boson= 0.0612974
E_binding= 0.175365
