mass= 0.319317numbos: 0.140757 numfer: 4.67409e-09 omega: 0.711943 r99bos: 3.282 r99fer: 0.006 r99tot: 3.45
 Nb/Nf: 3.01143e+07 Eb/Ef: 4.00586e+07
mass_bos= 0.21948 mass_fer= 5.47896e-09
compactness= 0.0925557
compactness_boson= 0.0668737
E_binding= 0.17856
