mass= 0.352153numbos: 0.172913 numfer: 0 omega: 0.879384 r99bos: 7.05 r99fer: 0 r99tot: 7.152
 Nb/Nf: inf Eb/Ef: inf
mass_bos= 0.190904 mass_fer= 0
compactness= 0.0492384
compactness_boson= 0.0270786
E_binding= 0.179241
