mass= 0.317084numbos: 0.139195 numfer: 1.04448e-08 omega: 0.714553 r99bos: 3.288 r99fer: 0.006 r99tot: 3.45
 Nb/Nf: 1.33267e+07 Eb/Ef: 1.51008e+07
mass_bos= 0.218417 mass_fer= 1.44639e-08
compactness= 0.0919083
compactness_boson= 0.0664284
E_binding= 0.177889
