mass= 0.405667numbos: 0.207317 numfer: 0.003953 omega: 0.601337 r99bos: 2.91 r99fer: 0.822 r99tot: 3.192
 Nb/Nf: 52.4454 Eb/Ef: 56.1328
mass_bos= 0.271281 mass_fer= 0.00483284
compactness= 0.127089
compactness_boson= 0.0932236
E_binding= 0.194397
