mass= 1.48887numbos: 0.0480372 numfer: 1.53164 omega: 0.528887 r99bos: 4.644 r99fer: 6.534 r99tot: 6.492
 Nb/Nf: 0.0313632 Eb/Ef: 0.0311883
mass_bos= 0.0558061 mass_fer= 1.78933
compactness= 0.229339
compactness_boson= 0.0120168
E_binding= -0.0908138
