mass= 0.456099numbos: 0.216814 numfer: 0.0597314 omega: 0.59657 r99bos: 3.168 r99fer: 2.316 r99tot: 3.396
 Nb/Nf: 3.62982 Eb/Ef: 3.63382
mass_bos= 0.25842 mass_fer= 0.0711152
compactness= 0.134305
compactness_boson= 0.0815719
E_binding= 0.179554
