mass= 0.327835numbos: 0.146775 numfer: 1.42037e-08 omega: 0.704659 r99bos: 3.288 r99fer: 0.006 r99tot: 3.462
 Nb/Nf: 1.03336e+07 Eb/Ef: 1.41694e+07
mass_bos= 0.222964 mass_fer= 1.57355e-08
compactness= 0.0946953
compactness_boson= 0.0678114
E_binding= 0.18106
