mass= 0.32147numbos: 0.142297 numfer: 3.05063e-07 omega: 0.715938 r99bos: 3.36 r99fer: 0.03 r99tot: 3.522
 Nb/Nf: 466451 Eb/Ef: 619189
mass_bos= 0.217853 mass_fer= 3.51837e-07
compactness= 0.0912749
compactness_boson= 0.0648373
E_binding= 0.179173
