mass= 0.306788numbos: 0.132179 numfer: 4.13709e-08 omega: 0.733716 r99bos: 3.42 r99fer: 0.024 r99tot: 3.558
 Nb/Nf: 3.19498e+06 Eb/Ef: 4.86343e+06
mass_bos= 0.208192 mass_fer= 4.28075e-08
compactness= 0.086225
compactness_boson= 0.0608747
E_binding= 0.174609
