mass= 1.43325numbos: 0.0690132 numfer: 1.42893 omega: 0.567332 r99bos: 4.89 r99fer: 6.786 r99tot: 6.744
 Nb/Nf: 0.0482971 Eb/Ef: 0.0484606
mass_bos= 0.0791569 mass_fer= 1.63343
compactness= 0.212523
compactness_boson= 0.0161875
E_binding= -0.0646914
