mass= 0.323419numbos: 0.143661 numfer: 5.46824e-08 omega: 0.712964 r99bos: 3.342 r99fer: 0.018 r99tot: 3.51
 Nb/Nf: 2.62719e+06 Eb/Ef: 3.73937e+06
mass_bos= 0.21928 mass_fer= 5.8641e-08
compactness= 0.092142
compactness_boson= 0.0656135
E_binding= 0.179758
