mass= 0.30679numbos: 0.13218 numfer: 2.91331e-06 omega: 0.733712 r99bos: 3.42 r99fer: 0.078 r99tot: 3.558
 Nb/Nf: 45371 Eb/Ef: 61890.5
mass_bos= 0.208191 mass_fer= 3.36386e-06
compactness= 0.0862254
compactness_boson= 0.0608746
E_binding= 0.174607
