mass= 0.42129numbos: 0.217573 numfer: 0.010158 omega: 0.593043 r99bos: 2.952 r99fer: 1.116 r99tot: 3.24
 Nb/Nf: 21.4189 Eb/Ef: 21.9101
mass_bos= 0.2756 mass_fer= 0.0125787
compactness= 0.130028
compactness_boson= 0.0933603
E_binding= 0.193559
