mass= 0.311885numbos: 0.135823 numfer: 4.1957e-05 omega: 0.705694 r99bos: 3.126 r99fer: 0.192 r99tot: 3.288
 Nb/Nf: 3237.2 Eb/Ef: 4403.47
mass_bos= 0.214132 mass_fer= 4.8628e-05
compactness= 0.0948556
compactness_boson= 0.0685003
E_binding= 0.17602
