mass= 0.45544numbos: 0.246546 numfer: 0.0103952 omega: 0.590647 r99bos: 3.216 r99fer: 1.284 r99tot: 3.522
 Nb/Nf: 23.7174 Eb/Ef: 23.8752
mass_bos= 0.286546 mass_fer= 0.0120018
compactness= 0.129313
compactness_boson= 0.0891
E_binding= 0.198499
