mass= 0.423145numbos: 0.212287 numfer: 0.0228251 omega: 0.593949 r99bos: 2.958 r99fer: 1.464 r99tot: 3.228
 Nb/Nf: 9.30059 Eb/Ef: 9.34581
mass_bos= 0.268261 mass_fer= 0.0287039
compactness= 0.131086
compactness_boson= 0.0906901
E_binding= 0.188033
