mass= 0.326355numbos: 0.145727 numfer: 9.29516e-07 omega: 0.707972 r99bos: 3.312 r99fer: 0.042 r99tot: 3.486
 Nb/Nf: 156777 Eb/Ef: 198102
mass_bos= 0.221574 mass_fer= 1.11849e-06
compactness= 0.0936186
compactness_boson= 0.0669004
E_binding= 0.180627
