mass= 0.432317numbos: 0.218744 numfer: 0.0250385 omega: 0.59057 r99bos: 3 r99fer: 1.542 r99tot: 3.27
 Nb/Nf: 8.73631 Eb/Ef: 8.71997
mass_bos= 0.271327 mass_fer= 0.0311155
compactness= 0.132207
compactness_boson= 0.0904422
E_binding= 0.188534
