mass= 0.375206numbos: 0.183722 numfer: 0.000290147 omega: 0.625045 r99bos: 2.88 r99fer: 0.396 r99tot: 3.138
 Nb/Nf: 633.205 Eb/Ef: 775.399
mass_bos= 0.255639 mass_fer= 0.000329688
compactness= 0.119569
compactness_boson= 0.0887637
E_binding= 0.191194
