mass= 0.326502numbos: 0.145829 numfer: 7.0831e-08 omega: 0.703813 r99bos: 3.258 r99fer: 0.006 r99tot: 3.438
 Nb/Nf: 2.05883e+06 Eb/Ef: 2.11067e+06
mass_bos= 0.222933 mass_fer= 1.05622e-07
compactness= 0.0949685
compactness_boson= 0.0684264
E_binding= 0.180672
