mass= 0.318579numbos: 0.140239 numfer: 8.24615e-09 omega: 0.712774 r99bos: 3.282 r99fer: 0.006 r99tot: 3.45
 Nb/Nf: 1.70066e+07 Eb/Ef: 2.03821e+07
mass_bos= 0.219134 mass_fer= 1.07513e-08
compactness= 0.0923419
compactness_boson= 0.0667686
E_binding= 0.178341
