mass= 0.323898numbos: 0.143985 numfer: 7.10036e-08 omega: 0.706491 r99bos: 3.264 r99fer: 0.006 r99tot: 3.438
 Nb/Nf: 2.02786e+06 Eb/Ef: 2.23842e+06
mass_bos= 0.221672 mass_fer= 9.90306e-08
compactness= 0.094211
compactness_boson= 0.0679142
E_binding= 0.179912
