mass= 0.327347numbos: 0.146429 numfer: 3.77754e-08 omega: 0.70327 r99bos: 3.264 r99fer: 0.006 r99tot: 3.444
 Nb/Nf: 3.87632e+06 Eb/Ef: 4.63461e+06
mass_bos= 0.223278 mass_fer= 4.81763e-08
compactness= 0.0950485
compactness_boson= 0.0684064
E_binding= 0.180917
