mass= 0.317368numbos: 0.139705 numfer: 0.000210805 omega: 0.696199 r99bos: 3.078 r99fer: 0.3 r99tot: 3.252
 Nb/Nf: 662.724 Eb/Ef: 836.48
mass_bos= 0.217873 mass_fer= 0.000260465
compactness= 0.0975916
compactness_boson= 0.0707841
E_binding= 0.177452
