mass= 0.317808numbos: 0.139697 numfer: 1.70406e-08 omega: 0.713661 r99bos: 3.282 r99fer: 0.006 r99tot: 3.444
 Nb/Nf: 8.1979e+06 Eb/Ef: 7.88656e+06
mass_bos= 0.218763 mass_fer= 2.77387e-08
compactness= 0.0922787
compactness_boson= 0.0666554
E_binding= 0.178111
