mass= 0.453758numbos: 0.24771 numfer: 0.00508801 omega: 0.580769 r99bos: 3.096 r99fer: 1.008 r99tot: 3.408
 Nb/Nf: 48.6851 Eb/Ef: 50.1498
mass_bos= 0.293711 mass_fer= 0.00585668
compactness= 0.133145
compactness_boson= 0.094868
E_binding= 0.200959
