mass= 0.497976numbos: 0.196893 numfer: 0.138515 omega: 0.579354 r99bos: 3.042 r99fer: 3.366 r99tot: 3.348
 Nb/Nf: 1.42145 Eb/Ef: 1.47372
mass_bos= 0.241413 mass_fer= 0.163812
compactness= 0.148738
compactness_boson= 0.07936
E_binding= 0.162568
