mass= 0.309175numbos: 0.133808 numfer: 2.39205e-06 omega: 0.73147 r99bos: 3.42 r99fer: 0.066 r99tot: 3.558
 Nb/Nf: 55938.4 Eb/Ef: 74320.8
mass_bos= 0.209639 mass_fer= 2.82073e-06
compactness= 0.0868957
compactness_boson= 0.061298
E_binding= 0.175365
