mass= 0.326517numbos: 0.145841 numfer: 2.85673e-08 omega: 0.703798 r99bos: 3.258 r99fer: 0.006 r99tot: 3.438
 Nb/Nf: 5.10517e+06 Eb/Ef: 6.586e+06
mass_bos= 0.222942 mass_fer= 3.38509e-08
compactness= 0.0949729
compactness_boson= 0.0684292
E_binding= 0.180676
