mass= 0.32342numbos: 0.143662 numfer: 6.3305e-07 omega: 0.712962 r99bos: 3.342 r99fer: 0.036 r99tot: 3.51
 Nb/Nf: 226936 Eb/Ef: 288261
mass_bos= 0.219281 mass_fer= 7.60704e-07
compactness= 0.0921424
compactness_boson= 0.0656137
E_binding= 0.179758
