mass= 0.326348numbos: 0.145722 numfer: 2.54703e-07 omega: 0.707979 r99bos: 3.312 r99fer: 0.024 r99tot: 3.486
 Nb/Nf: 572127 Eb/Ef: 735428
mass_bos= 0.22157 mass_fer= 3.01281e-07
compactness= 0.0936169
compactness_boson= 0.0668993
E_binding= 0.180626
