mass= 0.325055numbos: 0.14481 numfer: 1.97343e-07 omega: 0.710288 r99bos: 3.324 r99fer: 0.024 r99tot: 3.498
 Nb/Nf: 733798 Eb/Ef: 976428
mass_bos= 0.220528 mass_fer= 2.25852e-07
compactness= 0.0929259
compactness_boson= 0.0663442
E_binding= 0.180244
