mass= 0.317839numbos: 0.13972 numfer: 1.26434e-08 omega: 0.71363 r99bos: 3.282 r99fer: 0.006 r99tot: 3.45
 Nb/Nf: 1.10509e+07 Eb/Ef: 1.18052e+07
mass_bos= 0.218782 mass_fer= 1.85327e-08
compactness= 0.0921272
compactness_boson= 0.066661
E_binding= 0.178119
