mass= 0.439342numbos: 0.224184 numfer: 0.0265039 omega: 0.624011 r99bos: 3.432 r99fer: 1.836 r99tot: 3.69
 Nb/Nf: 8.45854 Eb/Ef: 8.5221
mass_bos= 0.258598 mass_fer= 0.0303443
compactness= 0.119063
compactness_boson= 0.0753489
E_binding= 0.188653
