mass= 0.327277numbos: 0.146379 numfer: 1.72152e-07 omega: 0.706091 r99bos: 3.3 r99fer: 0.018 r99tot: 3.474
 Nb/Nf: 850292 Eb/Ef: 1.05082e+06
mass_bos= 0.222385 mass_fer= 2.1163e-07
compactness= 0.0942075
compactness_boson= 0.0673895
E_binding= 0.180898
