mass= 0.430859numbos: 0.214576 numfer: 0.0299558 omega: 0.591458 r99bos: 2.988 r99fer: 1.644 r99tot: 3.246
 Nb/Nf: 7.16308 Eb/Ef: 7.15928
mass_bos= 0.267676 mass_fer= 0.0373886
compactness= 0.132735
compactness_boson= 0.0895836
E_binding= 0.186327
