mass= 0.317069numbos: 0.139184 numfer: 1.31944e-08 omega: 0.714567 r99bos: 3.288 r99fer: 0.006 r99tot: 3.45
 Nb/Nf: 1.05487e+07 Eb/Ef: 1.11386e+07
mass_bos= 0.218408 mass_fer= 1.96082e-08
compactness= 0.091904
compactness_boson= 0.0664257
E_binding= 0.177885
