mass= 0.913092numbos: 0.146241 numfer: 0.684557 omega: 0.514331 r99bos: 3.156 r99fer: 6.018 r99tot: 5.928
 Nb/Nf: 0.213629 Eb/Ef: 0.233926
mass_bos= 0.182717 mass_fer= 0.781088
compactness= 0.15403
compactness_boson= 0.0578951
E_binding= 0.0822937
