mass= 0.554938numbos: 0.180485 numfer: 0.226863 omega: 0.607549 r99bos: 3.378 r99fer: 4.512 r99tot: 4.362
 Nb/Nf: 0.795568 Eb/Ef: 0.847172
mass_bos= 0.215643 mass_fer= 0.254545
compactness= 0.127221
compactness_boson= 0.0638375
E_binding= 0.147591
