mass= 1.01607numbos: 0.133066 numfer: 0.823319 omega: 0.494512 r99bos: 3.156 r99fer: 6.132 r99tot: 6.048
 Nb/Nf: 0.161622 Eb/Ef: 0.17734
mass_bos= 0.168067 mass_fer= 0.947712
compactness= 0.168001
compactness_boson= 0.0532532
E_binding= 0.0596855
