mass= 0.387952numbos: 0.194076 numfer: 2.34311e-05 omega: 0.613539 r99bos: 2.874 r99fer: 0.24 r99tot: 3.15
 Nb/Nf: 8282.85 Eb/Ef: 10729.2
mass_bos= 0.263686 mass_fer= 2.45766e-05
compactness= 0.123159
compactness_boson= 0.0917488
E_binding= 0.193853
