mass= 0.373614numbos: 0.182215 numfer: 0.00113384 omega: 0.626916 r99bos: 2.886 r99fer: 0.546 r99tot: 3.144
 Nb/Nf: 160.706 Eb/Ef: 185.441
mass_bos= 0.25401 mass_fer= 0.00136976
compactness= 0.118834
compactness_boson= 0.0880146
E_binding= 0.190265
