mass= 0.31171numbos: 0.135543 numfer: 3.18041e-07 omega: 0.728732 r99bos: 3.414 r99fer: 0.042 r99tot: 3.558
 Nb/Nf: 426182 Eb/Ef: 618969
mass_bos= 0.211238 mass_fer= 3.41273e-07
compactness= 0.0876081
compactness_boson= 0.0618739
E_binding= 0.176166
