mass= 0.456525numbos: 0.209447 numfer: 0.0713112 omega: 0.614797 r99bos: 3.33 r99fer: 2.64 r99tot: 3.522
 Nb/Nf: 2.93708 Eb/Ef: 2.982
mass_bos= 0.246237 mass_fer= 0.0825744
compactness= 0.129621
compactness_boson= 0.0739451
E_binding= 0.175767
