mass= 0.441185numbos: 0.237706 numfer: 0.00485911 omega: 0.623475 r99bos: 3.486 r99fer: 1.17 r99tot: 3.78
 Nb/Nf: 48.9196 Eb/Ef: 50.8404
mass_bos= 0.270088 mass_fer= 0.00531245
compactness= 0.116716
compactness_boson= 0.0774778
E_binding= 0.19862
