mass= 0.321479numbos: 0.142304 numfer: 2.45956e-06 omega: 0.715926 r99bos: 3.36 r99fer: 0.06 r99tot: 3.522
 Nb/Nf: 57857.4 Eb/Ef: 69900.4
mass_bos= 0.217858 mass_fer= 3.1167e-06
compactness= 0.0912775
compactness_boson= 0.0648388
E_binding= 0.179173
