mass= 0.323425numbos: 0.143665 numfer: 1.96879e-06 omega: 0.712954 r99bos: 3.342 r99fer: 0.048 r99tot: 3.51
 Nb/Nf: 72971.3 Eb/Ef: 83914.1
mass_bos= 0.219284 mass_fer= 2.61319e-06
compactness= 0.0921439
compactness_boson= 0.0656145
E_binding= 0.179758
