mass= 0.306819numbos: 0.132199 numfer: 1.38176e-05 omega: 0.733678 r99bos: 3.42 r99fer: 0.108 r99tot: 3.558
 Nb/Nf: 9567.4 Eb/Ef: 11735.1
mass_bos= 0.208202 mass_fer= 1.77418e-05
compactness= 0.0862336
compactness_boson= 0.0608777
E_binding= 0.174606
