mass= 0.322259numbos: 0.142827 numfer: 1.97902e-08 omega: 0.708482 r99bos: 3.264 r99fer: 0.006 r99tot: 3.438
 Nb/Nf: 7.21703e+06 Eb/Ef: 6.45407e+06
mass_bos= 0.220853 mass_fer= 3.42193e-08
compactness= 0.0937345
compactness_boson= 0.0676634
E_binding= 0.179433
