mass= 0.321476numbos: 0.142301 numfer: 1.68768e-06 omega: 0.715931 r99bos: 3.36 r99fer: 0.054 r99tot: 3.522
 Nb/Nf: 84317.8 Eb/Ef: 104958
mass_bos= 0.217856 mass_fer= 2.07566e-06
compactness= 0.0912765
compactness_boson= 0.0648382
E_binding= 0.179173
