mass= 0.438871numbos: 0.231386 numfer: 0.0133499 omega: 0.624702 r99bos: 3.468 r99fer: 1.506 r99tot: 3.75
 Nb/Nf: 17.3324 Eb/Ef: 17.6206
mass_bos= 0.264669 mass_fer= 0.0150204
compactness= 0.117032
compactness_boson= 0.0763175
E_binding= 0.194135
