mass= 0.327837numbos: 0.146776 numfer: 3.65587e-07 omega: 0.704657 r99bos: 3.288 r99fer: 0.024 r99tot: 3.462
 Nb/Nf: 401482 Eb/Ef: 482558
mass_bos= 0.222965 mass_fer= 4.62047e-07
compactness= 0.0946958
compactness_boson= 0.0678116
E_binding= 0.18106
