mass= 0.321051numbos: 0.141978 numfer: 8.25158e-10 omega: 0.709958 r99bos: 3.276 r99fer: 0.006 r99tot: 3.444
 Nb/Nf: 1.72062e+08 Eb/Ef: 2.59083e+08
mass_bos= 0.220284 mass_fer= 8.50243e-10
compactness= 0.0932204
compactness_boson= 0.0672417
E_binding= 0.179073
