mass= 0.317869numbos: 0.139743 numfer: 5.5101e-10 omega: 0.7136 r99bos: 3.288 r99fer: 0.006 r99tot: 3.45
 Nb/Nf: 2.53611e+08 Eb/Ef: 3.89187e+08
mass_bos= 0.2188 mass_fer= 5.62196e-10
compactness= 0.0921359
compactness_boson= 0.0665449
E_binding= 0.178126
