mass= 0.306785numbos: 0.132176 numfer: 1.5056e-06 omega: 0.733718 r99bos: 3.42 r99fer: 0.06 r99tot: 3.558
 Nb/Nf: 87789.9 Eb/Ef: 121499
mass_bos= 0.208189 mass_fer= 1.7135e-06
compactness= 0.086224
compactness_boson= 0.0608739
E_binding= 0.174607
