mass= 1.6306numbos: 0 numfer: 1.7899 omega: 0.496923 r99bos: 3.288 r99fer: 7.56 r99tot: 7.536
 Nb/Nf: 0 Eb/Ef: 0
mass_bos= 0 mass_fer= 2.00587
compactness= 0.216375
compactness_boson= 0
E_binding= -0.159295
