mass= 0.32147numbos: 0.142297 numfer: 1.06583e-07 omega: 0.715939 r99bos: 3.36 r99fer: 0.024 r99tot: 3.522
 Nb/Nf: 1.33508e+06 Eb/Ef: 1.88751e+06
mass_bos= 0.217853 mass_fer= 1.15419e-07
compactness= 0.0912747
compactness_boson= 0.0648372
E_binding= 0.179173
