mass= 0.317319numbos: 0.139662 numfer: 0.000250311 omega: 0.696302 r99bos: 3.078 r99fer: 0.306 r99tot: 3.252
 Nb/Nf: 557.953 Eb/Ef: 696.595
mass_bos= 0.217807 mass_fer= 0.000312674
compactness= 0.0975764
compactness_boson= 0.0707626
E_binding= 0.177406
