mass= 0.30467numbos: 0.130737 numfer: 4.45598e-06 omega: 0.735274 r99bos: 3.414 r99fer: 0.09 r99tot: 3.552
 Nb/Nf: 29339.6 Eb/Ef: 39894.5
mass_bos= 0.206968 mass_fer= 5.18787e-06
compactness= 0.0857743
compactness_boson= 0.0606233
E_binding= 0.173929
