mass= 0.327857numbos: 0.146792 numfer: 8.8372e-08 omega: 0.703239 r99bos: 3.27 r99fer: 0.012 r99tot: 3.45
 Nb/Nf: 1.66106e+06 Eb/Ef: 2.09159e+06
mass_bos= 0.223404 mass_fer= 1.06811e-07
compactness= 0.095031
compactness_boson= 0.0683192
E_binding= 0.181065
