mass= 0.316857numbos: 0.139091 numfer: 4.18533e-06 omega: 0.722383 r99bos: 3.39 r99fer: 0.072 r99tot: 3.546
 Nb/Nf: 33232.9 Eb/Ef: 40041.4
mass_bos= 0.214631 mass_fer= 5.36024e-06
compactness= 0.0893563
compactness_boson= 0.0633131
E_binding= 0.177763
