mass= 0.319258numbos: 0.140756 numfer: 4.03805e-07 omega: 0.719121 r99bos: 3.372 r99fer: 0.036 r99tot: 3.534
 Nb/Nf: 348573 Eb/Ef: 472882
mass_bos= 0.216286 mass_fer= 4.57378e-07
compactness= 0.0903389
compactness_boson= 0.0641417
E_binding= 0.178502
