mass= 0.412265numbos: 0.211103 numfer: 0.00785579 omega: 0.597858 r99bos: 2.928 r99fer: 1.014 r99tot: 3.21
 Nb/Nf: 26.8722 Eb/Ef: 27.8753
mass_bos= 0.272267 mass_fer= 0.00976735
compactness= 0.128431
compactness_boson= 0.0929875
E_binding= 0.193307
