mass= 0.326521numbos: 0.145844 numfer: 2.47276e-09 omega: 0.703793 r99bos: 3.264 r99fer: 0.006 r99tot: 3.438
 Nb/Nf: 5.89802e+07 Eb/Ef: 8.26325e+07
mass_bos= 0.222945 mass_fer= 2.69803e-09
compactness= 0.0949742
compactness_boson= 0.0683042
E_binding= 0.180677
