mass= 0.319305numbos: 0.140748 numfer: 1.12699e-08 omega: 0.711955 r99bos: 3.282 r99fer: 0.006 r99tot: 3.444
 Nb/Nf: 1.24888e+07 Eb/Ef: 1.37607e+07
mass_bos= 0.219472 mass_fer= 1.59492e-08
compactness= 0.0927134
compactness_boson= 0.0668715
E_binding= 0.178557
