mass= 1.58522numbos: 0.0199015 numfer: 1.69991 omega: 0.570578 r99bos: 5.382 r99fer: 7.11 r99tot: 7.074
 Nb/Nf: 0.0117074 Eb/Ef: 0.0115598
mass_bos= 0.0223969 mass_fer= 1.93748
compactness= 0.224091
compactness_boson= 0.00416145
E_binding= -0.134591
