mass= 0.311715numbos: 0.135547 numfer: 1.87925e-06 omega: 0.728725 r99bos: 3.414 r99fer: 0.06 r99tot: 3.558
 Nb/Nf: 72128.2 Eb/Ef: 95024.5
mass_bos= 0.21124 mass_fer= 2.22301e-06
compactness= 0.0876095
compactness_boson= 0.0618746
E_binding= 0.176166
