mass= 1.39758numbos: 0.0667986 numfer: 1.38517 omega: 0.49706 r99bos: 4.092 r99fer: 6.15 r99tot: 6.102
 Nb/Nf: 0.048224 Eb/Ef: 0.0486641
mass_bos= 0.0802952 mass_fer= 1.64999
compactness= 0.229036
compactness_boson= 0.0196225
E_binding= -0.0543958
