mass= 1.24097numbos: 0.099908 numfer: 1.14027 omega: 0.528798 r99bos: 3.852 r99fer: 6.522 r99tot: 6.462
 Nb/Nf: 0.0876176 Eb/Ef: 0.0944134
mass_bos= 0.123261 mass_fer= 1.30554
compactness= 0.192042
compactness_boson= 0.0319992
E_binding= 0.000792663
