mass= 0.311716numbos: 0.135548 numfer: 2.35829e-06 omega: 0.728723 r99bos: 3.414 r99fer: 0.066 r99tot: 3.558
 Nb/Nf: 57477.1 Eb/Ef: 75414.9
mass_bos= 0.211241 mass_fer= 2.80105e-06
compactness= 0.08761
compactness_boson= 0.0618749
E_binding= 0.176166
