mass= 1.38285numbos: 0.041702 numfer: 1.39657 omega: 0.435459 r99bos: 3.6 r99fer: 5.616 r99tot: 5.568
 Nb/Nf: 0.0298603 Eb/Ef: 0.0298749
mass_bos= 0.0523567 mass_fer= 1.75253
compactness= 0.248357
compactness_boson= 0.0145435
E_binding= -0.0554194
