mass= 0.301738numbos: 0.128741 numfer: 3.11262e-05 omega: 0.735637 r99bos: 3.384 r99fer: 0.156 r99tot: 3.516
 Nb/Nf: 4136.11 Eb/Ef: 5226.9
mass_bos= 0.205498 mass_fer= 3.93155e-05
compactness= 0.0858185
compactness_boson= 0.0607264
E_binding= 0.172965
