mass= 0.325365numbos: 0.145024 numfer: 4.28379e-08 omega: 0.704858 r99bos: 3.258 r99fer: 0.006 r99tot: 3.438
 Nb/Nf: 3.38542e+06 Eb/Ef: 3.79149e+06
mass_bos= 0.222402 mass_fer= 5.86581e-08
compactness= 0.0946379
compactness_boson= 0.0682632
E_binding= 0.180341
