mass= 1.33295numbos: 0.0685891 numfer: 1.29722 omega: 0.454201 r99bos: 3.564 r99fer: 5.808 r99tot: 5.754
 Nb/Nf: 0.0528738 Eb/Ef: 0.0545351
mass_bos= 0.0865487 mass_fer= 1.58703
compactness= 0.231656
compactness_boson= 0.0242841
E_binding= -0.0328645
