mass= 0.32342numbos: 0.143662 numfer: 8.02846e-07 omega: 0.712961 r99bos: 3.342 r99fer: 0.036 r99tot: 3.51
 Nb/Nf: 178941 Eb/Ef: 218187
mass_bos= 0.219281 mass_fer= 1.00501e-06
compactness= 0.0921424
compactness_boson= 0.0656137
E_binding= 0.179757
