mass= 0.465097numbos: 0.25959 numfer: 4.39764e-05 omega: 0.584279 r99bos: 3.234 r99fer: 0.39 r99tot: 3.558
 Nb/Nf: 5902.94 Eb/Ef: 6626.26
mass_bos= 0.297919 mass_fer= 4.49603e-05
compactness= 0.130719
compactness_boson= 0.0921209
E_binding= 0.205463
