mass= 0.324439numbos: 0.144857 numfer: 2.64781e-05 omega: 0.684865 r99bos: 3.018 r99fer: 0.186 r99tot: 3.21
 Nb/Nf: 5470.84 Eb/Ef: 7600.45
mass_bos= 0.222893 mass_fer= 2.93263e-05
compactness= 0.101071
compactness_boson= 0.0738545
E_binding= 0.179556
