mass= 0.440467numbos: 0.225174 numfer: 0.0258545 omega: 0.588987 r99bos: 3.048 r99fer: 1.584 r99tot: 3.324
 Nb/Nf: 8.70928 Eb/Ef: 8.65001
mass_bos= 0.274161 mass_fer= 0.0316949
compactness= 0.132511
compactness_boson= 0.0899478
E_binding= 0.189438
