mass= 0.505194numbos: 0.126766 numfer: 0.264445 omega: 0.930353 r99bos: 12.846 r99fer: 7.83 r99tot: 11.682
 Nb/Nf: 0.479365 Eb/Ef: 0.484453
mass_bos= 0.130496 mass_fer= 0.269367
compactness= 0.0432455
compactness_boson= 0.0101585
E_binding= 0.113983
