mass= 0.321469numbos: 0.142296 numfer: 2.97831e-07 omega: 0.715939 r99bos: 3.36 r99fer: 0.03 r99tot: 3.522
 Nb/Nf: 477776 Eb/Ef: 643501
mass_bos= 0.217853 mass_fer= 3.38543e-07
compactness= 0.0912746
compactness_boson= 0.0648372
E_binding= 0.179172
