mass= 0.321476numbos: 0.142301 numfer: 1.75232e-06 omega: 0.715931 r99bos: 3.36 r99fer: 0.054 r99tot: 3.522
 Nb/Nf: 81207.6 Eb/Ef: 100744
mass_bos= 0.217857 mass_fer= 2.16247e-06
compactness= 0.0912766
compactness_boson= 0.0648382
E_binding= 0.179173
