mass= 0.323897numbos: 0.143985 numfer: 8.5203e-09 omega: 0.706491 r99bos: 3.264 r99fer: 0.006 r99tot: 3.438
 Nb/Nf: 1.6899e+07 Eb/Ef: 1.98013e+07
mass_bos= 0.221672 mass_fer= 1.11948e-08
compactness= 0.0942109
compactness_boson= 0.0679141
E_binding= 0.179912
