mass= 0.454384numbos: 0.246246 numfer: 0.00927145 omega: 0.598213 r99bos: 3.294 r99fer: 1.284 r99tot: 3.6
 Nb/Nf: 26.5596 Eb/Ef: 26.8818
mass_bos= 0.283247 mass_fer= 0.0105368
compactness= 0.126218
compactness_boson= 0.0859887
E_binding= 0.198867
