mass= 0.323895numbos: 0.143984 numfer: 1.01706e-08 omega: 0.706493 r99bos: 3.264 r99fer: 0.006 r99tot: 3.438
 Nb/Nf: 1.41568e+07 Eb/Ef: 1.58545e+07
mass_bos= 0.221671 mass_fer= 1.39815e-08
compactness= 0.0942104
compactness_boson= 0.0679138
E_binding= 0.179912
