mass= 0.323894numbos: 0.143983 numfer: 1.04448e-08 omega: 0.706494 r99bos: 3.264 r99fer: 0.006 r99tot: 3.438
 Nb/Nf: 1.37852e+07 Eb/Ef: 1.53257e+07
mass_bos= 0.22167 mass_fer= 1.44639e-08
compactness= 0.0942101
compactness_boson= 0.0679136
E_binding= 0.179911
