mass= 0.304661numbos: 0.130731 numfer: 1.4719e-06 omega: 0.735284 r99bos: 3.414 r99fer: 0.066 r99tot: 3.552
 Nb/Nf: 88818 Eb/Ef: 126203
mass_bos= 0.206964 mass_fer= 1.63993e-06
compactness= 0.0857718
compactness_boson= 0.0606222
E_binding= 0.173929
