mass= 1.40679numbos: 0.0481983 numfer: 1.42121 omega: 0.458759 r99bos: 3.822 r99fer: 5.832 r99tot: 5.784
 Nb/Nf: 0.0339135 Eb/Ef: 0.0339296
mass_bos= 0.0592327 mass_fer= 1.74575
compactness= 0.243221
compactness_boson= 0.0154978
E_binding= -0.0626205
