mass= 0.317023numbos: 0.139149 numfer: 1.84168e-08 omega: 0.714614 r99bos: 3.282 r99fer: 0.006 r99tot: 3.444
 Nb/Nf: 7.55558e+06 Eb/Ef: 7.06445e+06
mass_bos= 0.21838 mass_fer= 3.09125e-08
compactness= 0.0920508
compactness_boson= 0.0665388
E_binding= 0.177874
