mass= 0.328034numbos: 0.146917 numfer: 7.50057e-07 omega: 0.703695 r99bos: 3.276 r99fer: 0.036 r99tot: 3.456
 Nb/Nf: 195874 Eb/Ef: 249485
mass_bos= 0.223307 mass_fer= 8.95071e-07
compactness= 0.0949171
compactness_boson= 0.0681645
E_binding= 0.181116
