mass= 0.327856numbos: 0.14679 numfer: 1.16335e-07 omega: 0.703241 r99bos: 3.27 r99fer: 0.012 r99tot: 3.45
 Nb/Nf: 1.2618e+06 Eb/Ef: 1.51124e+06
mass_bos= 0.223403 mass_fer= 1.47827e-07
compactness= 0.0950306
compactness_boson= 0.0683189
E_binding= 0.181065
