mass= 0.3143numbos: 0.137325 numfer: 8.44466e-07 omega: 0.725651 r99bos: 3.402 r99fer: 0.048 r99tot: 3.552
 Nb/Nf: 162617 Eb/Ef: 220629
mass_bos= 0.212922 mass_fer= 9.65068e-07
compactness= 0.0884854
compactness_boson= 0.0625874
E_binding= 0.176975
