mass= 0.30466numbos: 0.13073 numfer: 2.88271e-07 omega: 0.735287 r99bos: 3.414 r99fer: 0.042 r99tot: 3.552
 Nb/Nf: 453496 Eb/Ef: 673351
mass_bos= 0.206964 mass_fer= 3.07364e-07
compactness= 0.0857713
compactness_boson= 0.060622
E_binding= 0.17393
