mass= 0.323419numbos: 0.143661 numfer: 6.8558e-08 omega: 0.712963 r99bos: 3.342 r99fer: 0.018 r99tot: 3.51
 Nb/Nf: 2.09547e+06 Eb/Ef: 2.90674e+06
mass_bos= 0.219281 mass_fer= 7.54388e-08
compactness= 0.0921422
compactness_boson= 0.0656136
E_binding= 0.179758
