mass= 0.306784numbos: 0.132176 numfer: 9.68586e-07 omega: 0.733719 r99bos: 3.42 r99fer: 0.06 r99tot: 3.558
 Nb/Nf: 136463 Eb/Ef: 195686
mass_bos= 0.208189 mass_fer= 1.06389e-06
compactness= 0.0862237
compactness_boson= 0.0608739
E_binding= 0.174607
