mass= 0.341986numbos: 0.157902 numfer: 3.05708e-05 omega: 0.660859 r99bos: 2.934 r99fer: 0.21 r99tot: 3.156
 Nb/Nf: 5165.13 Eb/Ef: 7048.34
mass_bos= 0.234613 mass_fer= 3.32863e-05
compactness= 0.10836
compactness_boson= 0.0799635
E_binding= 0.184053
