mass= 0.392589numbos: 0.194307 numfer: 0.0033247 omega: 0.883852 r99bos: 7.56 r99fer: 1.722 r99tot: 7.662
 Nb/Nf: 58.4434 Eb/Ef: 62.1391
mass_bos= 0.210791 mass_fer= 0.00339224
compactness= 0.0512385
compactness_boson= 0.0278823
E_binding= 0.194958
