mass= 0.309169numbos: 0.133804 numfer: 9.56812e-08 omega: 0.731478 r99bos: 3.42 r99fer: 0.03 r99tot: 3.558
 Nb/Nf: 1.39844e+06 Eb/Ef: 2.0927e+06
mass_bos= 0.209637 mass_fer= 1.00175e-07
compactness= 0.0868942
compactness_boson= 0.0612973
E_binding= 0.175365
