mass= 0.318546numbos: 0.140214 numfer: 1.62182e-08 omega: 0.712808 r99bos: 3.276 r99fer: 0.006 r99tot: 3.444
 Nb/Nf: 8.64548e+06 Eb/Ef: 8.45723e+06
mass_bos= 0.219114 mass_fer= 2.59085e-08
compactness= 0.092493
compactness_boson= 0.0668847
E_binding= 0.178332
