mass= 0.46803numbos: 0.198685 numfer: 0.100945 omega: 0.622244 r99bos: 3.384 r99fer: 3.156 r99tot: 3.528
 Nb/Nf: 1.96826 Eb/Ef: 2.03278
mass_bos= 0.234144 mass_fer= 0.115184
compactness= 0.132662
compactness_boson= 0.0691914
E_binding= 0.1684
