mass= 0.304334numbos: 0.130536 numfer: 9.27955e-07 omega: 0.72143 r99bos: 3.228 r99fer: 0.078 r99tot: 3.378
 Nb/Nf: 140670 Eb/Ef: 214439
mass_bos= 0.208546 mass_fer= 9.72518e-07
compactness= 0.0900931
compactness_boson= 0.0646052
E_binding= 0.173798
