mass= 0.324374numbos: 0.144796 numfer: 0.000108887 omega: 0.68503 r99bos: 3.024 r99fer: 0.264 r99tot: 3.21
 Nb/Nf: 1329.78 Eb/Ef: 1743.84
mass_bos= 0.222784 mass_fer= 0.000127755
compactness= 0.101051
compactness_boson= 0.0736719
E_binding= 0.179469
