mass= 0.327856numbos: 0.146791 numfer: 9.41969e-08 omega: 0.70324 r99bos: 3.27 r99fer: 0.012 r99tot: 3.45
 Nb/Nf: 1.55834e+06 Eb/Ef: 1.94097e+06
mass_bos= 0.223403 mass_fer= 1.15099e-07
compactness= 0.0950308
compactness_boson= 0.068319
E_binding= 0.181065
