mass= 0.457737numbos: 0.250197 numfer: 0.00704237 omega: 0.58927 r99bos: 3.222 r99fer: 1.164 r99tot: 3.534
 Nb/Nf: 35.5274 Eb/Ef: 36.1409
mass_bos= 0.289679 mass_fer= 0.00801527
compactness= 0.129524
compactness_boson= 0.0899066
E_binding= 0.200497
