mass= 1.53176numbos: 0.00473237 numfer: 1.65726 omega: 0.685992 r99bos: 7.056 r99fer: 8.4 r99tot: 8.388
 Nb/Nf: 0.00285554 Eb/Ef: 0.00283991
mass_bos= 0.00509876 mass_fer= 1.7954
compactness= 0.182614
compactness_boson= 0.000722613
E_binding= -0.130229
