mass= 1.51691numbos: 0.0325887 numfer: 1.59047 omega: 0.50605 r99bos: 4.512 r99fer: 6.372 r99tot: 6.33
 Nb/Nf: 0.02049 Eb/Ef: 0.0202421
mass_bos= 0.0381719 mass_fer= 1.88576
compactness= 0.239638
compactness_boson= 0.00846009
E_binding= -0.106155
