mass= 0.314299numbos: 0.137324 numfer: 3.94744e-07 omega: 0.725653 r99bos: 3.402 r99fer: 0.042 r99tot: 3.552
 Nb/Nf: 347881 Eb/Ef: 494799
mass_bos= 0.212922 mass_fer= 4.3032e-07
compactness= 0.0884851
compactness_boson= 0.0625873
E_binding= 0.176975
