mass= 0.317524numbos: 0.139851 numfer: 1.13922e-05 omega: 0.695786 r99bos: 3.072 r99fer: 0.156 r99tot: 3.246
 Nb/Nf: 12276 Eb/Ef: 17595.5
mass_bos= 0.21814 mass_fer= 1.23975e-05
compactness= 0.0978201
compactness_boson= 0.0710092
E_binding= 0.177662
