mass= 0.450493numbos: 0.246098 numfer: 0.00229802 omega: 0.57843 r99bos: 3.048 r99fer: 0.81 r99tot: 3.36
 Nb/Nf: 107.091 Eb/Ef: 113.81
mass_bos= 0.295436 mass_fer= 0.00259586
compactness= 0.134075
compactness_boson= 0.0969277
E_binding= 0.202098
