mass= 1.42354numbos: 0.038792 numfer: 1.4556 omega: 0.452042 r99bos: 3.822 r99fer: 5.79 r99tot: 5.742
 Nb/Nf: 0.0266502 Eb/Ef: 0.0265008
mass_bos= 0.0476991 mass_fer= 1.79991
compactness= 0.247917
compactness_boson= 0.0124801
E_binding= -0.0708536
