mass= 0.323425numbos: 0.143665 numfer: 1.86641e-06 omega: 0.712955 r99bos: 3.342 r99fer: 0.048 r99tot: 3.51
 Nb/Nf: 76974.1 Eb/Ef: 89091.7
mass_bos= 0.219283 mass_fer= 2.46132e-06
compactness= 0.0921438
compactness_boson= 0.0656144
E_binding= 0.179758
