mass= 0.318575numbos: 0.140236 numfer: 1.07189e-08 omega: 0.712778 r99bos: 3.282 r99fer: 0.006 r99tot: 3.45
 Nb/Nf: 1.3083e+07 Eb/Ef: 1.46559e+07
mass_bos= 0.219132 mass_fer= 1.49518e-08
compactness= 0.0923407
compactness_boson= 0.0667678
E_binding= 0.178339
