mass= 0.306829numbos: 0.132206 numfer: 1.79242e-05 omega: 0.733668 r99bos: 3.42 r99fer: 0.12 r99tot: 3.558
 Nb/Nf: 7375.83 Eb/Ef: 8932.58
mass_bos= 0.208205 mass_fer= 2.33085e-05
compactness= 0.0862365
compactness_boson= 0.0608787
E_binding= 0.174606
