mass= 0.30298numbos: 0.129586 numfer: 2.99896e-05 omega: 0.73594 r99bos: 3.402 r99fer: 0.144 r99tot: 3.54
 Nb/Nf: 4321.02 Eb/Ef: 5314.82
mass_bos= 0.206054 mass_fer= 3.87697e-05
compactness= 0.0855876
compactness_boson= 0.0605684
E_binding= 0.173364
