mass= 0.301685numbos: 0.128708 numfer: 7.71825e-07 omega: 0.735681 r99bos: 3.384 r99fer: 0.06 r99tot: 3.516
 Nb/Nf: 166758 Eb/Ef: 247588
mass_bos= 0.205488 mass_fer= 8.2996e-07
compactness= 0.0858033
compactness_boson= 0.0607235
E_binding= 0.172976
