mass= 0.458746numbos: 0.252281 numfer: 0.00447608 omega: 0.582645 r99bos: 3.156 r99fer: 1.008 r99tot: 3.474
 Nb/Nf: 56.362 Eb/Ef: 58.1373
mass_bos= 0.294585 mass_fer= 0.00506706
compactness= 0.132051
compactness_boson= 0.0933412
E_binding= 0.201989
