mass= 0.325054numbos: 0.14481 numfer: 7.72212e-08 omega: 0.710288 r99bos: 3.324 r99fer: 0.018 r99tot: 3.498
 Nb/Nf: 1.87526e+06 Eb/Ef: 2.59851e+06
mass_bos= 0.220528 mass_fer= 8.48671e-08
compactness= 0.0929258
compactness_boson= 0.0663442
E_binding= 0.180244
