mass= 0.327355numbos: 0.146435 numfer: 1.43086e-08 omega: 0.703262 r99bos: 3.264 r99fer: 0.006 r99tot: 3.444
 Nb/Nf: 1.02341e+07 Eb/Ef: 1.42149e+07
mass_bos= 0.223283 mass_fer= 1.57077e-08
compactness= 0.0950507
compactness_boson= 0.0684078
E_binding= 0.180919
