mass= 0.456498numbos: 0.249753 numfer: 0.00583179 omega: 0.596955 r99bos: 3.3 r99fer: 1.146 r99tot: 3.612
 Nb/Nf: 42.8261 Eb/Ef: 43.8725
mass_bos= 0.286255 mass_fer= 0.00652469
compactness= 0.126384
compactness_boson= 0.0867438
E_binding= 0.200914
