mass= 0.352239numbos: 0.170296 numfer: 0.00572975 omega: 0.878574 r99bos: 6.996 r99fer: 1.866 r99tot: 7.08
 Nb/Nf: 29.7213 Eb/Ef: 31.9553
mass_bos= 0.188303 mass_fer= 0.00589268
compactness= 0.0497513
compactness_boson= 0.0269158
E_binding= 0.176214
