mass= 0.327845numbos: 0.146782 numfer: 6.46639e-09 omega: 0.70465 r99bos: 3.288 r99fer: 0.006 r99tot: 3.462
 Nb/Nf: 2.26993e+07 Eb/Ef: 3.24903e+07
mass_bos= 0.222969 mass_fer= 6.86265e-09
compactness= 0.094698
compactness_boson= 0.0678131
E_binding= 0.181062
