mass= 0.302922numbos: 0.129549 numfer: 2.08929e-06 omega: 0.735993 r99bos: 3.402 r99fer: 0.078 r99tot: 3.534
 Nb/Nf: 62006.2 Eb/Ef: 88851.3
mass_bos= 0.206039 mass_fer= 2.31892e-06
compactness= 0.0857165
compactness_boson= 0.0605642
E_binding= 0.173371
