mass= 0.36375numbos: 0.174699 numfer: 4.55569e-06 omega: 0.636141 r99bos: 2.886 r99fer: 0.162 r99tot: 3.132
 Nb/Nf: 38347.5 Eb/Ef: 52853.4
mass_bos= 0.248667 mass_fer= 4.70483e-06
compactness= 0.11614
compactness_boson= 0.0861631
E_binding= 0.189046
