mass= 0.321473numbos: 0.142299 numfer: 1.08535e-06 omega: 0.715935 r99bos: 3.36 r99fer: 0.042 r99tot: 3.522
 Nb/Nf: 131109 Eb/Ef: 161430
mass_bos= 0.217855 mass_fer= 1.34953e-06
compactness= 0.0912756
compactness_boson= 0.0648377
E_binding= 0.179173
