mass= 0.30233numbos: 0.12914 numfer: 9.2663e-05 omega: 0.727185 r99bos: 3.282 r99fer: 0.216 r99tot: 3.42
 Nb/Nf: 1393.66 Eb/Ef: 1748.94
mass_bos= 0.2068 mass_fer= 0.000118243
compactness= 0.0884005
compactness_boson= 0.0630103
E_binding= 0.173096
