mass= 0.307509numbos: 0.132746 numfer: 7.84949e-06 omega: 0.714249 r99bos: 3.18 r99fer: 0.132 r99tot: 3.33
 Nb/Nf: 16911.3 Eb/Ef: 24490.7
mass_bos= 0.210967 mass_fer= 8.61416e-06
compactness= 0.0923449
compactness_boson= 0.0663418
E_binding= 0.174755
