mass= 1.48132numbos: 0.0541354 numfer: 1.51303 omega: 0.554304 r99bos: 4.89 r99fer: 6.75 r99tot: 6.708
 Nb/Nf: 0.0357794 Eb/Ef: 0.03567
mass_bos= 0.0621222 mass_fer= 1.74158
compactness= 0.22083
compactness_boson= 0.0127039
E_binding= -0.085842
