mass= 1.25912numbos: 0.0892936 numfer: 1.17634 omega: 0.460221 r99bos: 3.354 r99fer: 6.03 r99tot: 5.976
 Nb/Nf: 0.075908 Eb/Ef: 0.0819881
mass_bos= 0.114976 mass_fer= 1.40235
compactness= 0.210696
compactness_boson= 0.0342804
E_binding= -0.00651305
