mass= 0.302942numbos: 0.129562 numfer: 1.08126e-05 omega: 0.735972 r99bos: 3.402 r99fer: 0.108 r99tot: 3.534
 Nb/Nf: 11982.5 Eb/Ef: 15671.5
mass_bos= 0.206045 mass_fer= 1.31478e-05
compactness= 0.0857221
compactness_boson= 0.060566
E_binding= 0.17337
