mass= 1.17375numbos: 0.108251 numfer: 1.04609 omega: 0.574155 r99bos: 4.11 r99fer: 6.792 r99tot: 6.732
 Nb/Nf: 0.103482 Eb/Ef: 0.112038
mass_bos= 0.131218 mass_fer= 1.17119
compactness= 0.174354
compactness_boson= 0.0319265
E_binding= 0.0194066
