mass= 0.327857numbos: 0.146791 numfer: 9.12505e-08 omega: 0.70324 r99bos: 3.27 r99fer: 0.012 r99tot: 3.45
 Nb/Nf: 1.60866e+06 Eb/Ef: 2.01462e+06
mass_bos= 0.223403 mass_fer= 1.10891e-07
compactness= 0.0950309
compactness_boson= 0.0683191
E_binding= 0.181065
