mass= 0.325056numbos: 0.144811 numfer: 8.73129e-08 omega: 0.710287 r99bos: 3.324 r99fer: 0.018 r99tot: 3.498
 Nb/Nf: 1.65853e+06 Eb/Ef: 2.2431e+06
mass_bos= 0.220529 mass_fer= 9.83142e-08
compactness= 0.0929261
compactness_boson= 0.0663444
E_binding= 0.180245
