mass= 0.322325numbos: 0.142876 numfer: 8.25158e-10 omega: 0.708416 r99bos: 3.27 r99fer: 0.006 r99tot: 3.444
 Nb/Nf: 1.7315e+08 Eb/Ef: 2.598e+08
mass_bos= 0.220893 mass_fer= 8.50243e-10
compactness= 0.0935902
compactness_boson= 0.0675514
E_binding= 0.179449
