mass= 0.311718numbos: 0.135549 numfer: 2.79536e-06 omega: 0.728721 r99bos: 3.414 r99fer: 0.072 r99tot: 3.558
 Nb/Nf: 48490.8 Eb/Ef: 63683
mass_bos= 0.211242 mass_fer= 3.31708e-06
compactness= 0.0876104
compactness_boson= 0.0618751
E_binding= 0.176166
