mass= 0.302286numbos: 0.129122 numfer: 1.88229e-07 omega: 0.727131 r99bos: 3.282 r99fer: 0.054 r99tot: 3.42
 Nb/Nf: 685985 Eb/Ef: 1.0721e+06
mass_bos= 0.206851 mass_fer= 1.92941e-07
compactness= 0.0883877
compactness_boson= 0.0630259
E_binding= 0.173164
