mass= 0.600829numbos: 0 numfer: 0.616798 omega: 0.892478 r99bos: 3.288 r99fer: 11.04 r99tot: 11.052
 Nb/Nf: 0 Eb/Ef: 0
mass_bos= 0 mass_fer= 0.626044
compactness= 0.0543638
compactness_boson= 0
E_binding= -0.0159686
