mass= 0.32361numbos: 0.143803 numfer: 0 omega: 0.712793 r99bos: 3.372 r99fer: 0 r99tot: 3.528
 Nb/Nf: inf Eb/Ef: inf
mass_bos= 0.219394 mass_fer= 0
compactness= 0.0917261
compactness_boson= 0.0650634
E_binding= 0.179807
