mass= 0.419579numbos: 0.21527 numfer: 0.011875 omega: 0.594305 r99bos: 2.952 r99fer: 1.17 r99tot: 3.234
 Nb/Nf: 18.128 Eb/Ef: 18.4752
mass_bos= 0.273512 mass_fer= 0.0148042
compactness= 0.12974
compactness_boson= 0.0926531
E_binding= 0.192434
