mass= 0.317851numbos: 0.139729 numfer: 9.89647e-09 omega: 0.713617 r99bos: 3.288 r99fer: 0.006 r99tot: 3.45
 Nb/Nf: 1.41191e+07 Eb/Ef: 1.62009e+07
mass_bos= 0.218789 mass_fer= 1.35047e-08
compactness= 0.0921308
compactness_boson= 0.0665417
E_binding= 0.178122
