mass= 0.306782numbos: 0.132174 numfer: 3.64107e-07 omega: 0.733722 r99bos: 3.42 r99fer: 0.042 r99tot: 3.558
 Nb/Nf: 363010 Eb/Ef: 528450
mass_bos= 0.208188 mass_fer= 3.93959e-07
compactness= 0.0862231
compactness_boson= 0.0608735
E_binding= 0.174607
