mass= 0.44996numbos: 0.243826 numfer: 0.00684862 omega: 0.608939 r99bos: 3.384 r99fer: 1.23 r99tot: 3.684
 Nb/Nf: 35.6023 Eb/Ef: 36.4719
mass_bos= 0.2782 mass_fer= 0.00762781
compactness= 0.122139
compactness_boson= 0.0822105
E_binding= 0.199285
