mass= 1.19073numbos: 0.104462 numfer: 1.07171 omega: 0.470843 r99bos: 3.276 r99fer: 6.144 r99tot: 6.078
 Nb/Nf: 0.0974729 Eb/Ef: 0.106442
mass_bos= 0.133901 mass_fer= 1.25797
compactness= 0.195908
compactness_boson= 0.0408732
E_binding= 0.0145612
