mass= 0.32379numbos: 0.144282 numfer: 0.000524424 omega: 0.686113 r99bos: 3.03 r99fer: 0.39 r99tot: 3.216
 Nb/Nf: 275.125 Eb/Ef: 332.05
mass_bos= 0.222064 mass_fer= 0.000668766
compactness= 0.100681
compactness_boson= 0.0732883
E_binding= 0.178984
