mass= 0.415413numbos: 0.209122 numfer: 0.0168999 omega: 0.597332 r99bos: 2.94 r99fer: 1.302 r99tot: 3.21
 Nb/Nf: 12.3741 Eb/Ef: 12.5435
mass_bos= 0.267949 mass_fer= 0.0213616
compactness= 0.129412
compactness_boson= 0.091139
E_binding= 0.189392
