mass= 0.321469numbos: 0.142296 numfer: 3.6482e-07 omega: 0.715939 r99bos: 3.36 r99fer: 0.03 r99tot: 3.522
 Nb/Nf: 390045 Eb/Ef: 509569
mass_bos= 0.217853 mass_fer= 4.27524e-07
compactness= 0.0912746
compactness_boson= 0.0648371
E_binding= 0.179172
