mass= 0.325363numbos: 0.145023 numfer: 5.49653e-09 omega: 0.70486 r99bos: 3.258 r99fer: 0.006 r99tot: 3.438
 Nb/Nf: 2.63844e+07 Eb/Ef: 3.36482e+07
mass_bos= 0.2224 mass_fer= 6.60958e-09
compactness= 0.0946373
compactness_boson= 0.0682628
E_binding= 0.18034
