mass= 0.311713numbos: 0.135546 numfer: 1.73422e-06 omega: 0.728726 r99bos: 3.414 r99fer: 0.06 r99tot: 3.558
 Nb/Nf: 78159.9 Eb/Ef: 104225
mass_bos= 0.211239 mass_fer= 2.02676e-06
compactness= 0.0876092
compactness_boson= 0.0618745
E_binding= 0.176166
