mass= 0.307516numbos: 0.132749 numfer: 2.43602e-05 omega: 0.714258 r99bos: 3.18 r99fer: 0.174 r99tot: 3.33
 Nb/Nf: 5449.42 Eb/Ef: 7566.42
mass_bos= 0.210958 mass_fer= 2.78809e-05
compactness= 0.0923472
compactness_boson= 0.0663391
E_binding= 0.174743
