mass= 0.325369numbos: 0.145027 numfer: 3.57207e-09 omega: 0.704854 r99bos: 3.258 r99fer: 0.006 r99tot: 3.438
 Nb/Nf: 4.06004e+07 Eb/Ef: 5.50212e+07
mass_bos= 0.222404 mass_fer= 4.04215e-09
compactness= 0.0946391
compactness_boson= 0.0682639
E_binding= 0.180342
