mass= 0.328026numbos: 0.146911 numfer: 2.12501e-07 omega: 0.703704 r99bos: 3.276 r99fer: 0.018 r99tot: 3.456
 Nb/Nf: 691342 Eb/Ef: 838631
mass_bos= 0.223302 mass_fer= 2.6627e-07
compactness= 0.0949148
compactness_boson= 0.0681631
E_binding= 0.181115
