mass= 1.36627numbos: 0.0805521 numfer: 1.32581 omega: 0.521453 r99bos: 4.212 r99fer: 6.33 r99tot: 6.276
 Nb/Nf: 0.0607568 Eb/Ef: 0.0618732
mass_bos= 0.0960299 mass_fer= 1.55204
compactness= 0.217698
compactness_boson= 0.0227991
E_binding= -0.0400947
