mass= 0.326517numbos: 0.145841 numfer: 3.84893e-09 omega: 0.703797 r99bos: 3.258 r99fer: 0.006 r99tot: 3.438
 Nb/Nf: 3.78913e+07 Eb/Ef: 5.07298e+07
mass_bos= 0.222943 mass_fer= 4.39471e-09
compactness= 0.094973
compactness_boson= 0.0684293
E_binding= 0.180676
