mass= 0.43266numbos: 0.219572 numfer: 0.0241192 omega: 0.59036 r99bos: 3 r99fer: 1.518 r99tot: 3.276
 Nb/Nf: 9.10362 Eb/Ef: 9.0858
mass_bos= 0.272051 mass_fer= 0.0299425
compactness= 0.13207
compactness_boson= 0.0906838
E_binding= 0.188969
