mass= 0.326349numbos: 0.145723 numfer: 1.98121e-07 omega: 0.707978 r99bos: 3.312 r99fer: 0.024 r99tot: 3.486
 Nb/Nf: 735526 Eb/Ef: 988676
mass_bos= 0.221571 mass_fer= 2.24109e-07
compactness= 0.0936171
compactness_boson= 0.0668994
E_binding= 0.180626
