mass= 0.317081numbos: 0.139193 numfer: 1.09958e-08 omega: 0.714555 r99bos: 3.288 r99fer: 0.006 r99tot: 3.45
 Nb/Nf: 1.26588e+07 Eb/Ef: 1.41368e+07
mass_bos= 0.218415 mass_fer= 1.54502e-08
compactness= 0.0919076
compactness_boson= 0.066428
E_binding= 0.177888
