mass= 0.314298numbos: 0.137323 numfer: 1.4998e-07 omega: 0.725655 r99bos: 3.402 r99fer: 0.03 r99tot: 3.552
 Nb/Nf: 915605 Eb/Ef: 1.3245e+06
mass_bos= 0.212921 mass_fer= 1.60756e-07
compactness= 0.0884847
compactness_boson= 0.062587
E_binding= 0.176975
