mass= 0.319257numbos: 0.140755 numfer: 2.34166e-07 omega: 0.719122 r99bos: 3.372 r99fer: 0.03 r99tot: 3.534
 Nb/Nf: 601091 Eb/Ef: 832508
mass_bos= 0.216286 mass_fer= 2.598e-07
compactness= 0.0903387
compactness_boson= 0.0641416
E_binding= 0.178502
