mass= 0.449507numbos: 0.237738 numfer: 0.0173724 omega: 0.588289 r99bos: 3.132 r99fer: 1.434 r99tot: 3.42
 Nb/Nf: 13.6848 Eb/Ef: 13.6135
mass_bos= 0.282048 mass_fer= 0.0207183
compactness= 0.131435
compactness_boson= 0.0900535
E_binding= 0.194396
