mass= 0.317858numbos: 0.139734 numfer: 6.32169e-09 omega: 0.713611 r99bos: 3.288 r99fer: 0.006 r99tot: 3.45
 Nb/Nf: 2.21039e+07 Eb/Ef: 2.80719e+07
mass_bos= 0.218793 mass_fer= 7.79401e-09
compactness= 0.0921326
compactness_boson= 0.0665428
E_binding= 0.178123
