mass= 0.393075numbos: 0.195884 numfer: 0.000487884 omega: 0.884044 r99bos: 7.572 r99fer: 1.11 r99tot: 7.68
 Nb/Nf: 401.498 Eb/Ef: 430.615
mass_bos= 0.212379 mass_fer= 0.000493198
compactness= 0.0511816
compactness_boson= 0.0280479
E_binding= 0.196703
