mass= 0.321487numbos: 0.14231 numfer: 2.03998e-09 omega: 0.715923 r99bos: 3.36 r99fer: 0.006 r99tot: 3.522
 Nb/Nf: 6.97602e+07 Eb/Ef: 1.04826e+08
mass_bos= 0.217863 mass_fer= 2.07833e-09
compactness= 0.0912796
compactness_boson= 0.0648403
E_binding= 0.179177
