mass= 0.316855numbos: 0.139089 numfer: 3.7301e-06 omega: 0.722385 r99bos: 3.39 r99fer: 0.066 r99tot: 3.546
 Nb/Nf: 37288.3 Eb/Ef: 44767.2
mass_bos= 0.21463 mass_fer= 4.79436e-06
compactness= 0.0893557
compactness_boson= 0.0633127
E_binding= 0.177763
