mass= 0.423506numbos: 0.213027 numfer: 0.0220663 omega: 0.593709 r99bos: 2.964 r99fer: 1.452 r99tot: 3.234
 Nb/Nf: 9.65397 Eb/Ef: 9.7003
mass_bos= 0.26892 mass_fer= 0.0277228
compactness= 0.130954
compactness_boson= 0.0907287
E_binding= 0.188413
