mass= 0.327358numbos: 0.146438 numfer: 1.37271e-08 omega: 0.703259 r99bos: 3.264 r99fer: 0.006 r99tot: 3.444
 Nb/Nf: 1.06678e+07 Eb/Ef: 1.42883e+07
mass_bos= 0.223285 mass_fer= 1.56272e-08
compactness= 0.0950517
compactness_boson= 0.0684084
E_binding= 0.18092
