mass= 0.31786numbos: 0.139736 numfer: 4.67409e-09 omega: 0.713609 r99bos: 3.288 r99fer: 0.006 r99tot: 3.45
 Nb/Nf: 2.98958e+07 Eb/Ef: 3.99335e+07
mass_bos= 0.218794 mass_fer= 5.47896e-09
compactness= 0.0921333
compactness_boson= 0.0665432
E_binding= 0.178124
