mass= 1.55275numbos: 0.0249562 numfer: 1.64928 omega: 0.522488 r99bos: 4.764 r99fer: 6.582 r99tot: 6.54
 Nb/Nf: 0.0151316 Eb/Ef: 0.0149146
mass_bos= 0.0288423 mass_fer= 1.93383
compactness= 0.237423
compactness_boson= 0.00605423
E_binding= -0.121489
