mass= 0.318583numbos: 0.140242 numfer: 6.8727e-09 omega: 0.71277 r99bos: 3.282 r99fer: 0.006 r99tot: 3.45
 Nb/Nf: 2.04056e+07 Eb/Ef: 2.54429e+07
mass_bos= 0.219137 mass_fer= 8.61287e-09
compactness= 0.092343
compactness_boson= 0.0667692
E_binding= 0.178341
