mass= 0.301305numbos: 0.12844 numfer: 8.33577e-05 omega: 0.731377 r99bos: 3.324 r99fer: 0.204 r99tot: 3.462
 Nb/Nf: 1540.83 Eb/Ef: 1907.76
mass_bos= 0.205791 mass_fer= 0.00010787
compactness= 0.0870321
compactness_boson= 0.0619106
E_binding= 0.172782
