mass= 0.328033numbos: 0.146916 numfer: 1.09931e-09 omega: 0.703697 r99bos: 3.276 r99fer: 0.006 r99tot: 3.456
 Nb/Nf: 1.33644e+08 Eb/Ef: 1.95227e+08
mass_bos= 0.223306 mass_fer= 1.14383e-09
compactness= 0.0949168
compactness_boson= 0.0681644
E_binding= 0.181116
