mass= 0.452155numbos: 0.247373 numfer: 0.00328469 omega: 0.607573 r99bos: 3.39 r99fer: 1.032 r99tot: 3.702
 Nb/Nf: 75.3108 Eb/Ef: 78.5572
mass_bos= 0.281268 mass_fer= 0.00358043
compactness= 0.122138
compactness_boson= 0.08297
E_binding= 0.201497
