mass= 0.51089numbos: 0.194858 numfer: 0.156416 omega: 0.59336 r99bos: 3.21 r99fer: 3.69 r99tot: 3.618
 Nb/Nf: 1.24577 Eb/Ef: 1.297
mass_bos= 0.233873 mass_fer= 0.180319
compactness= 0.141208
compactness_boson= 0.0728576
E_binding= 0.159616
