mass= 0.327363numbos: 0.146441 numfer: 8.25158e-10 omega: 0.703254 r99bos: 3.264 r99fer: 0.006 r99tot: 3.444
 Nb/Nf: 1.77471e+08 Eb/Ef: 2.62617e+08
mass_bos= 0.223288 mass_fer= 8.50243e-10
compactness= 0.0950531
compactness_boson= 0.0684093
E_binding= 0.180921
