mass= 0.324444numbos: 0.144862 numfer: 1.82085e-05 omega: 0.68485 r99bos: 3.018 r99fer: 0.18 r99tot: 3.21
 Nb/Nf: 7955.7 Eb/Ef: 11199.8
mass_bos= 0.222903 mass_fer= 1.99024e-05
compactness= 0.101073
compactness_boson= 0.0738577
E_binding= 0.179564
