mass= 0.314301numbos: 0.137325 numfer: 9.77272e-07 omega: 0.72565 r99bos: 3.402 r99fer: 0.048 r99tot: 3.552
 Nb/Nf: 140519 Eb/Ef: 187195
mass_bos= 0.212923 mass_fer= 1.13744e-06
compactness= 0.0884856
compactness_boson= 0.0625875
E_binding= 0.176975
