mass= 0.321017numbos: 0.141952 numfer: 1.42937e-08 omega: 0.709993 r99bos: 3.276 r99fer: 0.006 r99tot: 3.444
 Nb/Nf: 9.93111e+06 Eb/Ef: 1.00942e+07
mass_bos= 0.220263 mass_fer= 2.18208e-08
compactness= 0.0932104
compactness_boson= 0.0672354
E_binding= 0.179064
