mass= 0.318578numbos: 0.140238 numfer: 8.5203e-09 omega: 0.712775 r99bos: 3.282 r99fer: 0.006 r99tot: 3.45
 Nb/Nf: 1.64593e+07 Eb/Ef: 1.95746e+07
mass_bos= 0.219134 mass_fer= 1.11948e-08
compactness= 0.0923415
compactness_boson= 0.0667683
E_binding= 0.17834
