mass= 0.363608numbos: 0.174569 numfer: 0.000101514 omega: 0.636355 r99bos: 2.886 r99fer: 0.3 r99tot: 3.132
 Nb/Nf: 1719.66 Eb/Ef: 2212.37
mass_bos= 0.248503 mass_fer= 0.000112324
compactness= 0.116095
compactness_boson= 0.0861062
E_binding= 0.188938
