mass= 0.320975numbos: 0.141921 numfer: 2.06154e-08 omega: 0.710035 r99bos: 3.27 r99fer: 0.006 r99tot: 3.438
 Nb/Nf: 6.88424e+06 Eb/Ef: 6.07172e+06
mass_bos= 0.220238 mass_fer= 3.62728e-08
compactness= 0.0933611
compactness_boson= 0.0673511
E_binding= 0.179054
