mass= 0.43259numbos: 0 numfer: 0.440612 omega: 0.925329 r99bos: 3.294 r99fer: 11.316 r99tot: 11.328
 Nb/Nf: 0 Eb/Ef: 0
mass_bos= 0 mass_fer= 0.445043
compactness= 0.0381877
compactness_boson= 0
E_binding= -0.00802147
