mass= 0.324461numbos: 0.144877 numfer: 1.18666e-06 omega: 0.684814 r99bos: 3.018 r99fer: 0.096 r99tot: 3.21
 Nb/Nf: 122088 Eb/Ef: 181759
mass_bos= 0.222927 mass_fer= 1.22649e-06
compactness= 0.101078
compactness_boson= 0.0738656
E_binding= 0.179583
