mass= 0.457154numbos: 0.227036 numfer: 0.0108534 omega: 0.908647 r99bos: 9.792 r99fer: 2.79 r99tot: 9.858
 Nb/Nf: 20.9185 Eb/Ef: 21.5834
mass_bos= 0.237907 mass_fer= 0.0110227
compactness= 0.0463739
compactness_boson= 0.0242961
E_binding= 0.219265
