mass= 0.302917numbos: 0.129545 numfer: 2.13884e-07 omega: 0.736 r99bos: 3.402 r99fer: 0.042 r99tot: 3.534
 Nb/Nf: 605680 Eb/Ef: 919289
mass_bos= 0.206037 mass_fer= 2.24127e-07
compactness= 0.085715
compactness_boson= 0.0605635
E_binding= 0.173372
