mass= 0.31855numbos: 0.140217 numfer: 1.56671e-08 omega: 0.712804 r99bos: 3.282 r99fer: 0.006 r99tot: 3.444
 Nb/Nf: 8.94973e+06 Eb/Ef: 8.86744e+06
mass_bos= 0.219117 mass_fer= 2.47102e-08
compactness= 0.0924941
compactness_boson= 0.0667631
E_binding= 0.178333
