mass= 0.397275numbos: 0.197522 numfer: 0.0102594 omega: 0.608511 r99bos: 2.91 r99fer: 1.08 r99tot: 3.174
 Nb/Nf: 19.2529 Eb/Ef: 19.9823
mass_bos= 0.262013 mass_fer= 0.0131122
compactness= 0.125165
compactness_boson= 0.0900388
E_binding= 0.189493
