mass= 0.321032numbos: 0.141964 numfer: 8.24615e-09 omega: 0.709977 r99bos: 3.276 r99fer: 0.006 r99tot: 3.444
 Nb/Nf: 1.72158e+07 Eb/Ef: 2.04879e+07
mass_bos= 0.220272 mass_fer= 1.07513e-08
compactness= 0.0932149
compactness_boson= 0.0672382
E_binding= 0.179068
