mass= 0.411105numbos: 0.209675 numfer: 0.00882432 omega: 0.598781 r99bos: 2.928 r99fer: 1.05 r99tot: 3.204
 Nb/Nf: 23.7611 Eb/Ef: 24.5655
mass_bos= 0.270946 mass_fer= 0.0110295
compactness= 0.12831
compactness_boson= 0.0925362
E_binding= 0.192605
