mass= 0.318567numbos: 0.14023 numfer: 1.26434e-08 omega: 0.712786 r99bos: 3.282 r99fer: 0.006 r99tot: 3.444
 Nb/Nf: 1.10912e+07 Eb/Ef: 1.18238e+07
mass_bos= 0.219127 mass_fer= 1.85327e-08
compactness= 0.0924992
compactness_boson= 0.0667663
E_binding= 0.178337
