mass= 0.327864numbos: 0.146797 numfer: 1.2488e-08 omega: 0.703232 r99bos: 3.27 r99fer: 0.006 r99tot: 3.45
 Nb/Nf: 1.1755e+07 Eb/Ef: 1.60488e+07
mass_bos= 0.223408 mass_fer= 1.39205e-08
compactness= 0.0950331
compactness_boson= 0.0683205
E_binding= 0.181067
