mass= 0.314314numbos: 0.137334 numfer: 4.45228e-06 omega: 0.725634 r99bos: 3.402 r99fer: 0.078 r99tot: 3.552
 Nb/Nf: 30845.7 Eb/Ef: 38369.8
mass_bos= 0.212929 mass_fer= 5.54939e-06
compactness= 0.0884892
compactness_boson= 0.0625893
E_binding= 0.176975
