mass= 0.323422numbos: 0.143663 numfer: 1.19186e-06 omega: 0.712959 r99bos: 3.342 r99fer: 0.042 r99tot: 3.51
 Nb/Nf: 120538 Eb/Ef: 144055
mass_bos= 0.219282 mass_fer= 1.52222e-06
compactness= 0.0921431
compactness_boson= 0.0656141
E_binding= 0.179758
