mass= 0.363492numbos: 0.174463 numfer: 0.000172852 omega: 0.636518 r99bos: 2.892 r99fer: 0.336 r99tot: 3.132
 Nb/Nf: 1009.32 Eb/Ef: 1273.44
mass_bos= 0.248374 mass_fer= 0.000195042
compactness= 0.116058
compactness_boson= 0.0858833
E_binding= 0.188857
