mass= 0.342262numbos: 0.167822 numfer: 0.00140386 omega: 0.770652 r99bos: 4.548 r99fer: 1.05 r99tot: 4.734
 Nb/Nf: 119.543 Eb/Ef: 133.166
mass_bos= 0.193844 mass_fer= 0.00145566
compactness= 0.0722987
compactness_boson= 0.0426217
E_binding= 0.173036
