mass= 0.314318numbos: 0.137337 numfer: 6.1313e-06 omega: 0.725628 r99bos: 3.402 r99fer: 0.078 r99tot: 3.552
 Nb/Nf: 22399.3 Eb/Ef: 26710.7
mass_bos= 0.212931 mass_fer= 7.97173e-06
compactness= 0.0884905
compactness_boson= 0.0625898
E_binding= 0.176975
