mass= 0.331438numbos: 0.149832 numfer: 0.000793401 omega: 0.675091 r99bos: 2.988 r99fer: 0.444 r99tot: 3.186
 Nb/Nf: 188.848 Eb/Ef: 223.761
mass_bos= 0.227035 mass_fer= 0.00101463
compactness= 0.10403
compactness_boson= 0.0759822
E_binding= 0.180813
