mass= 0.32098numbos: 0.141925 numfer: 2.00644e-08 omega: 0.71003 r99bos: 3.27 r99fer: 0.006 r99tot: 3.438
 Nb/Nf: 7.07347e+06 Eb/Ef: 6.31136e+06
mass_bos= 0.220241 mass_fer= 3.4896e-08
compactness= 0.0933625
compactness_boson= 0.067352
E_binding= 0.179055
