mass= 0.314298numbos: 0.137323 numfer: 2.97005e-07 omega: 0.725655 r99bos: 3.402 r99fer: 0.036 r99tot: 3.552
 Nb/Nf: 462358 Eb/Ef: 654610
mass_bos= 0.212921 mass_fer= 3.25264e-07
compactness= 0.0884847
compactness_boson= 0.062587
E_binding= 0.176975
