mass= 0.443784numbos: 0.240783 numfer: 0.00102145 omega: 0.579175 r99bos: 3 r99fer: 0.654 r99tot: 3.312
 Nb/Nf: 235.727 Eb/Ef: 259.248
mass_bos= 0.293824 mass_fer= 0.00113337
compactness= 0.133993
compactness_boson= 0.0979414
E_binding= 0.20198
