mass= 1.34841numbos: 0.0828518 numfer: 1.29953 omega: 0.513408 r99bos: 4.08 r99fer: 6.264 r99tot: 6.216
 Nb/Nf: 0.063755 Eb/Ef: 0.0653918
mass_bos= 0.0997977 mass_fer= 1.52615
compactness= 0.216925
compactness_boson= 0.0244602
E_binding= -0.0339778
