mass= 0.321236numbos: 0.142117 numfer: 0 omega: 0.709788 r99bos: 3.306 r99fer: 0 r99tot: 3.462
 Nb/Nf: inf Eb/Ef: inf
mass_bos= 0.220394 mass_fer= 0
compactness= 0.0927892
compactness_boson= 0.0666648
E_binding= 0.17912
