mass= 0.311883numbos: 0.135826 numfer: 4.25558e-06 omega: 0.705653 r99bos: 3.126 r99fer: 0.12 r99tot: 3.288
 Nb/Nf: 31917.2 Eb/Ef: 47091
mass_bos= 0.214161 mass_fer= 4.54781e-06
compactness= 0.0948549
compactness_boson= 0.0685097
E_binding= 0.176052
