mass= 0.321047numbos: 0.141975 numfer: 1.92446e-09 omega: 0.709963 r99bos: 3.276 r99fer: 0.006 r99tot: 3.444
 Nb/Nf: 7.37737e+07 Eb/Ef: 1.06885e+08
mass_bos= 0.220281 mass_fer= 2.06091e-09
compactness= 0.0932191
compactness_boson= 0.0672409
E_binding= 0.179072
