mass= 0.309205numbos: 0.133828 numfer: 1.24453e-05 omega: 0.731434 r99bos: 3.42 r99fer: 0.102 r99tot: 3.558
 Nb/Nf: 10753.2 Eb/Ef: 12929.3
mass_bos= 0.209651 mass_fer= 1.62152e-05
compactness= 0.0869041
compactness_boson= 0.0613014
E_binding= 0.175365
