mass= 1.60168numbos: 0.00718755 numfer: 1.74034 omega: 0.524006 r99bos: 4.92 r99fer: 6.678 r99tot: 6.642
 Nb/Nf: 0.00412996 Eb/Ef: 0.00405016
mass_bos= 0.00825182 mass_fer= 2.03741
compactness= 0.241145
compactness_boson= 0.0016772
E_binding= -0.14585
