mass= 0.455095numbos: 0.247258 numfer: 0.00842233 omega: 0.58499 r99bos: 3.15 r99fer: 1.182 r99tot: 3.462
 Nb/Nf: 29.3574 Eb/Ef: 29.7137
mass_bos= 0.290223 mass_fer= 0.00976732
compactness= 0.131454
compactness_boson= 0.0921342
E_binding= 0.199414
