mass= 0.341936numbos: 0.157857 numfer: 8.00296e-05 omega: 0.660958 r99bos: 2.94 r99fer: 0.264 r99tot: 3.156
 Nb/Nf: 1972.48 Eb/Ef: 2605.81
mass_bos= 0.234542 mass_fer= 9.00075e-05
compactness= 0.108345
compactness_boson= 0.0797763
E_binding= 0.183999
