mass= 0.321651numbos: 0.154395 numfer: 0.00232866 omega: 0.822355 r99bos: 5.256 r99fer: 1.272 r99tot: 5.388
 Nb/Nf: 66.3019 Eb/Ef: 73.6739
mass_bos= 0.177659 mass_fer= 0.00241142
compactness= 0.0596977
compactness_boson= 0.0338011
E_binding= 0.164928
