mass= 0.451316numbos: 0.237943 numfer: 0.0197252 omega: 0.592882 r99bos: 3.192 r99fer: 1.53 r99tot: 3.48
 Nb/Nf: 12.0629 Eb/Ef: 11.9835
mass_bos= 0.279228 mass_fer= 0.0233011
compactness= 0.129688
compactness_boson= 0.0874776
E_binding= 0.193648
