mass= 0.43874numbos: 0.230551 numfer: 0.0146681 omega: 0.624737 r99bos: 3.462 r99fer: 1.542 r99tot: 3.744
 Nb/Nf: 15.7179 Eb/Ef: 15.9521
mass_bos= 0.263961 mass_fer= 0.0165471
compactness= 0.117185
compactness_boson= 0.0762453
E_binding= 0.193521
