mass= 0.30917numbos: 0.133804 numfer: 2.30663e-07 omega: 0.731477 r99bos: 3.42 r99fer: 0.036 r99tot: 3.558
 Nb/Nf: 580085 Eb/Ef: 844031
mass_bos= 0.209637 mass_fer= 2.48376e-07
compactness= 0.0868942
compactness_boson= 0.0612973
E_binding= 0.175365
