mass= 0.326349numbos: 0.145723 numfer: 9.59938e-08 omega: 0.707979 r99bos: 3.312 r99fer: 0.018 r99tot: 3.486
 Nb/Nf: 1.51804e+06 Eb/Ef: 2.05788e+06
mass_bos= 0.221571 mass_fer= 1.07669e-07
compactness= 0.0936169
compactness_boson= 0.0668993
E_binding= 0.180626
