mass= 0.321019numbos: 0.141954 numfer: 1.34685e-08 omega: 0.70999 r99bos: 3.276 r99fer: 0.006 r99tot: 3.444
 Nb/Nf: 1.05397e+07 Eb/Ef: 1.09304e+07
mass_bos= 0.220264 mass_fer= 2.01516e-08
compactness= 0.0932111
compactness_boson= 0.0672358
E_binding= 0.179065
