mass= 0.428931numbos: 0.229242 numfer: 0.00232683 omega: 0.64141 r99bos: 3.6 r99fer: 1.02 r99tot: 3.888
 Nb/Nf: 98.5212 Eb/Ef: 104.757
mass_bos= 0.260084 mass_fer= 0.00248273
compactness= 0.110322
compactness_boson= 0.0722457
E_binding= 0.197362
