mass= 0.327279numbos: 0.146381 numfer: 3.67124e-07 omega: 0.706089 r99bos: 3.3 r99fer: 0.024 r99tot: 3.474
 Nb/Nf: 398722 Eb/Ef: 472193
mass_bos= 0.222386 mass_fer= 4.70965e-07
compactness= 0.094208
compactness_boson= 0.0673898
E_binding= 0.180898
