mass= 0.314324numbos: 0.137341 numfer: 7.70538e-06 omega: 0.725621 r99bos: 3.402 r99fer: 0.09 r99tot: 3.552
 Nb/Nf: 17824 Eb/Ef: 21289.1
mass_bos= 0.212933 mass_fer= 1.0002e-05
compactness= 0.0884921
compactness_boson= 0.0625906
E_binding= 0.176975
