mass= 0.304331numbos: 0.130534 numfer: 6.96822e-07 omega: 0.721433 r99bos: 3.228 r99fer: 0.072 r99tot: 3.378
 Nb/Nf: 187327 Eb/Ef: 286940
mass_bos= 0.208544 mass_fer= 7.26787e-07
compactness= 0.0900922
compactness_boson= 0.0646047
E_binding= 0.173797
