mass= 0.366542numbos: 0.155694 numfer: 4.94823e-09 omega: 0.845292 r99bos: 5.004 r99fer: 0.006 r99tot: 5.016
 Nb/Nf: 3.14645e+07 Eb/Ef: 4.1638e+07
mass_bos= 0.243595 mass_fer= 5.8503e-09
compactness= 0.0730746
compactness_boson= 0.0486801
E_binding= 0.210849
