mass= 0.378409numbos: 0.162751 numfer: 7.72346e-07 omega: 0.847802 r99bos: 5.184 r99fer: 0.048 r99tot: 5.202
 Nb/Nf: 210723 Eb/Ef: 282479
mass_bos= 0.247243 mass_fer= 8.75264e-07
compactness= 0.0727429
compactness_boson= 0.0476935
E_binding= 0.215656
