mass= 0.368832numbos: 0.157046 numfer: 9.61961e-09 omega: 0.843907 r99bos: 4.974 r99fer: 0.006 r99tot: 4.992
 Nb/Nf: 1.63256e+07 Eb/Ef: 1.87758e+07
mass_bos= 0.244627 mass_fer= 1.30288e-08
compactness= 0.0738846
compactness_boson= 0.0491811
E_binding= 0.211786
