mass= 0.364897numbos: 0.154723 numfer: 1.42937e-08 omega: 0.846441 r99bos: 4.986 r99fer: 0.006 r99tot: 5.004
 Nb/Nf: 1.08246e+07 Eb/Ef: 1.1128e+07
mass_bos= 0.242822 mass_fer= 2.18208e-08
compactness= 0.072921
compactness_boson= 0.0487007
E_binding= 0.210173
