mass= 0.372436numbos: 0.158825 numfer: 0.00440188 omega: 0.802399 r99bos: 4.152 r99fer: 0.81 r99tot: 4.182
 Nb/Nf: 36.0812 Eb/Ef: 43.7524
mass_bos= 0.245165 mass_fer= 0.00560347
compactness= 0.0890568
compactness_boson= 0.0590475
E_binding= 0.209209
