mass= 0.366403numbos: 0.155608 numfer: 1.29175e-08 omega: 0.845349 r99bos: 4.986 r99fer: 0.006 r99tot: 4.998
 Nb/Nf: 1.20463e+07 Eb/Ef: 1.2773e+07
mass_bos= 0.243517 mass_fer= 1.9065e-08
compactness= 0.0733099
compactness_boson= 0.0488401
E_binding= 0.210795
