mass= 0.369686numbos: 0.15755 numfer: 1.26434e-08 omega: 0.843323 r99bos: 4.95 r99fer: 0.006 r99tot: 4.974
 Nb/Nf: 1.24611e+07 Eb/Ef: 1.32196e+07
mass_bos= 0.244994 mass_fer= 1.85327e-08
compactness= 0.0743237
compactness_boson= 0.0494937
E_binding= 0.212136
