mass= 0.526854numbos: 0.185522 numfer: 0.147195 omega: 0.730326 r99bos: 3.9 r99fer: 3.396 r99tot: 3.798
 Nb/Nf: 1.26039 Eb/Ef: 1.45925
mass_bos= 0.252783 mass_fer= 0.173228
compactness= 0.138719
compactness_boson= 0.0648163
E_binding= 0.194137
