mass= 0.416983numbos: 0.183128 numfer: 0.0143452 omega: 0.779216 r99bos: 4.062 r99fer: 1.284 r99tot: 4.122
 Nb/Nf: 12.7658 Eb/Ef: 14.9738
mass_bos= 0.264642 mass_fer= 0.0176736
compactness= 0.10116
compactness_boson= 0.0651506
E_binding= 0.219509
