mass= 0.365669numbos: 0.155176 numfer: 1.29175e-08 omega: 0.845842 r99bos: 4.992 r99fer: 0.006 r99tot: 5.004
 Nb/Nf: 1.20128e+07 Eb/Ef: 1.27553e+07
mass_bos= 0.24318 mass_fer= 1.9065e-08
compactness= 0.0730753
compactness_boson= 0.0487139
E_binding= 0.210493
