mass= 0.381746numbos: 0.164722 numfer: 1.84073e-07 omega: 0.843401 r99bos: 5.088 r99fer: 0.024 r99tot: 5.112
 Nb/Nf: 894874 Eb/Ef: 1.18287e+06
mass_bos= 0.24987 mass_fer= 2.11241e-07
compactness= 0.0746765
compactness_boson= 0.0491096
E_binding= 0.217024
