mass= 0.367755numbos: 0.156403 numfer: 1.78658e-08 omega: 0.84451 r99bos: 4.95 r99fer: 0.006 r99tot: 4.968
 Nb/Nf: 8.75432e+06 Eb/Ef: 8.24019e+06
mass_bos= 0.244116 mass_fer= 2.9625e-08
compactness= 0.0740247
compactness_boson= 0.0493163
E_binding= 0.211352
