mass= 0.372345numbos: 0.159129 numfer: 7.71493e-08 omega: 0.841418 r99bos: 4.938 r99fer: 0.006 r99tot: 4.956
 Nb/Nf: 2.06261e+06 Eb/Ef: 2.21475e+06
mass_bos= 0.246227 mass_fer= 1.11176e-07
compactness= 0.0751302
compactness_boson= 0.0498638
E_binding= 0.213216
