mass= 0.58428numbos: 0.295022 numfer: 0.00388856 omega: 0.795553 r99bos: 5.466 r99fer: 1.302 r99tot: 5.592
 Nb/Nf: 75.8693 Eb/Ef: 84.8739
mass_bos= 0.347089 mass_fer= 0.00408947
compactness= 0.104485
compactness_boson= 0.0634997
E_binding= 0.285369
