mass= 0.437089numbos: 0.200304 numfer: 0.00341792 omega: 0.774164 r99bos: 4.092 r99fer: 0.858 r99tot: 4.182
 Nb/Nf: 58.6042 Eb/Ef: 71.1048
mass_bos= 0.282347 mass_fer= 0.00397086
compactness= 0.104517
compactness_boson= 0.0689998
E_binding= 0.233367
