mass= 0.376813numbos: 0.161785 numfer: 1.31623e-07 omega: 0.839651 r99bos: 4.938 r99fer: 0.012 r99tot: 4.962
 Nb/Nf: 1.22915e+06 Eb/Ef: 1.45242e+06
mass_bos= 0.248417 mass_fer= 1.71037e-07
compactness= 0.0759398
compactness_boson= 0.0503073
E_binding= 0.215029
