mass= 0.500875numbos: 0.242004 numfer: 0.00252517 omega: 0.769878 r99bos: 4.416 r99fer: 0.924 r99tot: 4.536
 Nb/Nf: 95.8369 Eb/Ef: 113.994
mass_bos= 0.314688 mass_fer= 0.00276057
compactness= 0.110422
compactness_boson= 0.0712608
E_binding= 0.256346
