mass= 0.355313numbos: 0.149223 numfer: 5.07579e-06 omega: 0.856468 r99bos: 5.238 r99fer: 0.096 r99tot: 5.226
 Nb/Nf: 29399 Eb/Ef: 40162.7
mass_bos= 0.233463 mass_fer= 5.81292e-06
compactness= 0.0679894
compactness_boson= 0.044571
E_binding= 0.206084
