mass= 0.365785numbos: 0.155247 numfer: 9.34546e-09 omega: 0.845794 r99bos: 5.004 r99fer: 0.006 r99tot: 5.016
 Nb/Nf: 1.6612e+07 Eb/Ef: 1.93618e+07
mass_bos= 0.243245 mass_fer= 1.25631e-08
compactness= 0.0729236
compactness_boson= 0.04861
E_binding= 0.210537
