mass= 0.461679numbos: 0.216196 numfer: 0.00351974 omega: 0.770357 r99bos: 4.182 r99fer: 0.912 r99tot: 4.29
 Nb/Nf: 61.4239 Eb/Ef: 73.7522
mass_bos= 0.295021 mass_fer= 0.00400017
compactness= 0.107617
compactness_boson= 0.0705455
E_binding= 0.241963
