mass= 0.395738numbos: 0.174772 numfer: 6.52955e-06 omega: 0.787335 r99bos: 4.014 r99fer: 0.192 r99tot: 4.086
 Nb/Nf: 26766.3 Eb/Ef: 39026.7
mass_bos= 0.261899 mass_fer= 6.71077e-06
compactness= 0.0968523
compactness_boson= 0.0652464
E_binding= 0.22096
