mass= 0.363371numbos: 0.153931 numfer: 2.88356e-07 omega: 0.855222 r99bos: 5.274 r99fer: 0.042 r99tot: 5.268
 Nb/Nf: 533821 Eb/Ef: 774036
mass_bos= 0.237971 mass_fer= 3.07441e-07
compactness= 0.0689771
compactness_boson= 0.0451215
E_binding= 0.20944
