mass= 0.36971numbos: 0.157565 numfer: 1.18182e-08 omega: 0.843313 r99bos: 4.956 r99fer: 0.006 r99tot: 4.974
 Nb/Nf: 1.33324e+07 Eb/Ef: 1.44429e+07
mass_bos= 0.245007 mass_fer= 1.69639e-08
compactness= 0.0743285
compactness_boson= 0.0494365
E_binding= 0.212145
