mass= 0.367125numbos: 0.156034 numfer: 1.40195e-08 omega: 0.844904 r99bos: 4.974 r99fer: 0.006 r99tot: 4.992
 Nb/Nf: 1.11297e+07 Eb/Ef: 1.14693e+07
mass_bos= 0.243845 mass_fer= 2.12606e-08
compactness= 0.0735427
compactness_boson= 0.0490239
E_binding= 0.211092
