mass= 0.378456numbos: 0.16278 numfer: 5.62544e-06 omega: 0.847778 r99bos: 5.19 r99fer: 0.078 r99tot: 5.208
 Nb/Nf: 28936.4 Eb/Ef: 33620.1
mass_bos= 0.247268 mass_fer= 7.35476e-06
compactness= 0.0726682
compactness_boson= 0.0476431
E_binding= 0.21567
