mass= 0.365183numbos: 0.154878 numfer: 2.06154e-08 omega: 0.846049 r99bos: 4.926 r99fer: 0.006 r99tot: 4.95
 Nb/Nf: 7.51273e+06 Eb/Ef: 6.69667e+06
mass_bos= 0.242907 mass_fer= 3.62728e-08
compactness= 0.0737744
compactness_boson= 0.0493111
E_binding= 0.210306
