mass= 0.378395numbos: 0.162743 numfer: 1.0713e-07 omega: 0.847808 r99bos: 5.184 r99fer: 0.024 r99tot: 5.202
 Nb/Nf: 1.51911e+06 Eb/Ef: 2.12753e+06
mass_bos= 0.247236 mass_fer= 1.16208e-07
compactness= 0.0727403
compactness_boson= 0.0476921
E_binding= 0.215652
