mass= 0.372309numbos: 0.159107 numfer: 9.34546e-09 omega: 0.841433 r99bos: 4.932 r99fer: 0.006 r99tot: 4.956
 Nb/Nf: 1.7025e+07 Eb/Ef: 1.95976e+07
mass_bos= 0.246207 mass_fer= 1.25631e-08
compactness= 0.075123
compactness_boson= 0.0499204
E_binding= 0.213203
