mass= 0.373776numbos: 0.160027 numfer: 9.70279e-06 omega: 0.85104 r99bos: 5.25 r99fer: 0.096 r99tot: 5.256
 Nb/Nf: 16492.8 Eb/Ef: 19377
mass_bos= 0.244197 mass_fer= 1.26024e-05
compactness= 0.0711142
compactness_boson= 0.0465137
E_binding= 0.21374
