mass= 0.365487numbos: 0.155064 numfer: 1.64923e-08 omega: 0.845918 r99bos: 4.962 r99fer: 0.006 r99tot: 4.986
 Nb/Nf: 9.40222e+06 Eb/Ef: 9.16823e+06
mass_bos= 0.243077 mass_fer= 2.6513e-08
compactness= 0.0733026
compactness_boson= 0.0489878
E_binding= 0.210423
