mass= 0.366286numbos: 0.155536 numfer: 1.56671e-08 omega: 0.845398 r99bos: 4.968 r99fer: 0.006 r99tot: 4.986
 Nb/Nf: 9.92753e+06 Eb/Ef: 9.85224e+06
mass_bos= 0.243451 mass_fer= 2.47102e-08
compactness= 0.0734629
compactness_boson= 0.0490039
E_binding= 0.21075
