mass= 0.49691numbos: 0.237759 numfer: 0.00711029 omega: 0.770975 r99bos: 4.422 r99fer: 1.188 r99tot: 4.53
 Nb/Nf: 33.4387 Eb/Ef: 38.6939
mass_bos= 0.309804 mass_fer= 0.00800652
compactness= 0.109693
compactness_boson= 0.0700596
E_binding= 0.25204
