mass= 0.365112numbos: 0.154855 numfer: 8.79716e-09 omega: 0.846352 r99bos: 5.016 r99fer: 0.006 r99tot: 5.028
 Nb/Nf: 1.76028e+07 Eb/Ef: 2.08564e+07
mass_bos= 0.242943 mass_fer= 1.16483e-08
compactness= 0.0726157
compactness_boson= 0.0484335
E_binding= 0.210257
