mass= 0.365808numbos: 0.155262 numfer: 6.8727e-09 omega: 0.845784 r99bos: 5.01 r99fer: 0.006 r99tot: 5.022
 Nb/Nf: 2.25911e+07 Eb/Ef: 2.82436e+07
mass_bos= 0.243258 mass_fer= 8.61287e-09
compactness= 0.0728412
compactness_boson= 0.0485545
E_binding= 0.210547
