mass= 1.38474numbos: 0.0362901 numfer: 1.40509 omega: 0.437878 r99bos: 3.63 r99fer: 5.55 r99tot: 5.502
 Nb/Nf: 0.0258276 Eb/Ef: 0.0257756
mass_bos= 0.0457994 mass_fer= 1.77685
compactness= 0.251679
compactness_boson= 0.0126169
E_binding= -0.0566446
