mass= 0.381962numbos: 0.16485 numfer: 3.53449e-07 omega: 0.84223 r99bos: 5.058 r99fer: 0.03 r99tot: 5.082
 Nb/Nf: 466403 Eb/Ef: 604033
mass_bos= 0.250234 mass_fer= 4.14272e-07
compactness= 0.0751597
compactness_boson= 0.049473
E_binding= 0.217112
