mass= 0.34221numbos: 0.141573 numfer: 5.63422e-06 omega: 0.835532 r99bos: 4.554 r99fer: 0.132 r99tot: 4.548
 Nb/Nf: 25127.4 Eb/Ef: 38124.5
mass_bos= 0.228697 mass_fer= 5.99869e-06
compactness= 0.075244
compactness_boson= 0.050219
E_binding= 0.20063
