mass= 0.368094numbos: 0.156611 numfer: 3.29792e-09 omega: 0.844369 r99bos: 4.992 r99fer: 0.006 r99tot: 5.004
 Nb/Nf: 4.7488e+07 Eb/Ef: 6.60535e+07
mass_bos= 0.244306 mass_fer= 3.69862e-09
compactness= 0.07356
compactness_boson= 0.0489396
E_binding= 0.211483
