mass= 0.368505numbos: 0.156845 numfer: 2.00644e-08 omega: 0.844045 r99bos: 4.926 r99fer: 0.006 r99tot: 4.956
 Nb/Nf: 7.81708e+06 Eb/Ef: 7.0049e+06
mass_bos= 0.244443 mass_fer= 3.4896e-08
compactness= 0.0743553
compactness_boson= 0.0496229
E_binding= 0.21166
