mass= 0.381792numbos: 0.164748 numfer: 4.88058e-07 omega: 0.841252 r99bos: 5.028 r99fer: 0.03 r99tot: 5.052
 Nb/Nf: 337559 Eb/Ef: 417190
mass_bos= 0.250369 mass_fer= 6.00131e-07
compactness= 0.0755724
compactness_boson= 0.0497949
E_binding= 0.217043
