mass= 0.347665numbos: 0.144756 numfer: 4.98146e-07 omega: 0.855621 r99bos: 5.136 r99fer: 0.06 r99tot: 5.118
 Nb/Nf: 290590 Eb/Ef: 439556
mass_bos= 0.229462 mass_fer= 5.22031e-07
compactness= 0.0679298
compactness_boson= 0.0446771
E_binding= 0.202908
