mass= 0.378247numbos: 0.16264 numfer: 8.82122e-09 omega: 0.839498 r99bos: 4.956 r99fer: 0.006 r99tot: 4.98
 Nb/Nf: 1.84373e+07 Eb/Ef: 2.65741e+07
mass_bos= 0.249097 mass_fer= 9.37366e-09
compactness= 0.0759533
compactness_boson= 0.0502616
E_binding= 0.215608
