mass= 0.366521numbos: 0.15568 numfer: 7.14685e-09 omega: 0.8453 r99bos: 5.004 r99fer: 0.006 r99tot: 5.01
 Nb/Nf: 2.17831e+07 Eb/Ef: 2.6979e+07
mass_bos= 0.243583 mass_fer= 9.02861e-09
compactness= 0.0731579
compactness_boson= 0.0486776
E_binding= 0.210841
