mass= 0.632987numbos: 0.326493 numfer: 0 omega: 0.854113 r99bos: 7.8 r99fer: 0 r99tot: 7.914
 Nb/Nf: inf Eb/Ef: inf
mass_bos= 0.354075 mass_fer= 0
compactness= 0.0799831
compactness_boson= 0.0453942
E_binding= 0.306493
