mass= 0.372335numbos: 0.159123 numfer: 7.69514e-09 omega: 0.841422 r99bos: 4.932 r99fer: 0.006 r99tot: 4.956
 Nb/Nf: 2.06783e+07 Eb/Ef: 2.49295e+07
mass_bos= 0.246222 mass_fer= 9.87672e-09
compactness= 0.0751282
compactness_boson= 0.0499233
E_binding= 0.213213
