mass= 0.381969numbos: 0.164854 numfer: 8.9622e-07 omega: 0.842226 r99bos: 5.058 r99fer: 0.036 r99tot: 5.082
 Nb/Nf: 183944 Eb/Ef: 216557
mass_bos= 0.250238 mass_fer= 1.15553e-06
compactness= 0.0751612
compactness_boson= 0.0494737
E_binding= 0.217114
