mass= 0.379438numbos: 0.163348 numfer: 1.32448e-08 omega: 0.839612 r99bos: 4.962 r99fer: 0.006 r99tot: 4.986
 Nb/Nf: 1.2333e+07 Eb/Ef: 1.70242e+07
mass_bos= 0.249619 mass_fer= 1.46626e-08
compactness= 0.0761006
compactness_boson= 0.0503061
E_binding= 0.21609
