mass= 0.351331numbos: 0.146898 numfer: 4.51293e-07 omega: 0.856359 r99bos: 5.196 r99fer: 0.054 r99tot: 5.178
 Nb/Nf: 325506 Eb/Ef: 485685
mass_bos= 0.23134 mass_fer= 4.76317e-07
compactness= 0.0678508
compactness_boson= 0.0445227
E_binding= 0.204432
