mass= 0.369866numbos: 0.157661 numfer: 4.12308e-09 omega: 0.843248 r99bos: 4.974 r99fer: 0.006 r99tot: 4.992
 Nb/Nf: 3.82386e+07 Eb/Ef: 5.16057e+07
mass_bos= 0.245095 mass_fer= 4.74937e-09
compactness= 0.0740916
compactness_boson= 0.0492752
E_binding= 0.212205
