mass= 0.380491numbos: 0.163975 numfer: 8.27857e-09 omega: 0.839931 r99bos: 4.986 r99fer: 0.006 r99tot: 5.01
 Nb/Nf: 1.98072e+07 Eb/Ef: 2.85055e+07
mass_bos= 0.250042 mass_fer= 8.77171e-09
compactness= 0.0759464
compactness_boson= 0.0501488
E_binding= 0.216516
