mass= 0.381109numbos: 0.164346 numfer: 4.90286e-07 omega: 0.84474 r99bos: 5.124 r99fer: 0.036 r99tot: 5.142
 Nb/Nf: 335203 Eb/Ef: 437972
mass_bos= 0.24926 mass_fer= 5.69124e-07
compactness= 0.074117
compactness_boson= 0.0486456
E_binding= 0.216763
