mass= 0.376858numbos: 0.161812 numfer: 1.54034e-08 omega: 0.839633 r99bos: 4.944 r99fer: 0.006 r99tot: 4.962
 Nb/Nf: 1.05049e+07 Eb/Ef: 1.45918e+07
mass_bos= 0.248442 mass_fer= 1.70261e-08
compactness= 0.0759487
compactness_boson= 0.0502513
E_binding= 0.215046
