mass= 0.614805numbos: 0.221141 numfer: 0.194977 omega: 0.885752 r99bos: 9.48 r99fer: 5.658 r99tot: 9.102
 Nb/Nf: 1.13419 Eb/Ef: 1.15697
mass_bos= 0.233677 mass_fer= 0.201973
compactness= 0.0675461
compactness_boson= 0.0246495
E_binding= 0.198687
