mass= 0.605149numbos: 0.292627 numfer: 0.0384686 omega: 0.824063 r99bos: 6.426 r99fer: 2.64 r99tot: 6.486
 Nb/Nf: 7.6069 Eb/Ef: 8.04817
mass_bos= 0.329653 mass_fer= 0.04096
compactness= 0.0933007
compactness_boson= 0.0512999
E_binding= 0.274053
