mass= 0.375394numbos: 0.160941 numfer: 3.02377e-09 omega: 0.839985 r99bos: 4.938 r99fer: 0.006 r99tot: 4.956
 Nb/Nf: 5.32254e+07 Eb/Ef: 7.37158e+07
mass_bos= 0.247731 mass_fer= 3.36062e-09
compactness= 0.0757454
compactness_boson= 0.0501682
E_binding= 0.214453
