mass= 0.380019numbos: 0.163702 numfer: 2.13178e-06 omega: 0.846212 r99bos: 5.154 r99fer: 0.054 r99tot: 5.172
 Nb/Nf: 76791.2 Eb/Ef: 91983.1
mass_bos= 0.248394 mass_fer= 2.70043e-06
compactness= 0.0734763
compactness_boson= 0.0481945
E_binding= 0.216315
