mass= 0.376806numbos: 0.16178 numfer: 1.37502e-07 omega: 0.839653 r99bos: 4.932 r99fer: 0.012 r99tot: 4.962
 Nb/Nf: 1.17657e+06 Eb/Ef: 1.37672e+06
mass_bos= 0.248413 mass_fer= 1.80439e-07
compactness= 0.0759384
compactness_boson= 0.0503677
E_binding= 0.215026
