mass= 0.372309numbos: 0.159106 numfer: 9.07131e-09 omega: 0.841433 r99bos: 4.932 r99fer: 0.006 r99tot: 4.956
 Nb/Nf: 1.75395e+07 Eb/Ef: 2.03427e+07
mass_bos= 0.246207 mass_fer= 1.21029e-08
compactness= 0.0751228
compactness_boson= 0.0499203
E_binding= 0.213202
