mass= 1.22716numbos: 0.111595 numfer: 1.1006 omega: 0.534323 r99bos: 3.96 r99fer: 5.904 r99tot: 5.838
 Nb/Nf: 0.101395 Eb/Ef: 0.105755
mass_bos= 0.138403 mass_fer= 1.30872
compactness= 0.210201
compactness_boson= 0.0349502
E_binding= 0.0149604
