mass= 0.369585numbos: 0.157488 numfer: 1.78658e-08 omega: 0.843365 r99bos: 4.938 r99fer: 0.006 r99tot: 4.962
 Nb/Nf: 8.81508e+06 Eb/Ef: 8.26792e+06
mass_bos= 0.244937 mass_fer= 2.9625e-08
compactness= 0.0744832
compactness_boson= 0.0496025
E_binding= 0.212097
