mass= 1.28727numbos: 0.0834666 numfer: 1.21581 omega: 0.484745 r99bos: 3.702 r99fer: 5.706 r99tot: 5.646
 Nb/Nf: 0.0686509 Eb/Ef: 0.0708119
mass_bos= 0.105515 mass_fer= 1.49007
compactness= 0.227996
compactness_boson= 0.0285021
E_binding= -0.0120102
