mass= 0.643124numbos: 0.245584 numfer: 0.178518 omega: 0.795041 r99bos: 5.826 r99fer: 4.122 r99tot: 5.688
 Nb/Nf: 1.37568 Eb/Ef: 1.44618
mass_bos= 0.281293 mass_fer= 0.194507
compactness= 0.113067
compactness_boson= 0.0482824
E_binding= 0.219021
