mass= 0.463716numbos: 0.21055 numfer: 0.0207112 omega: 0.770401 r99bos: 4.218 r99fer: 1.542 r99tot: 4.296
 Nb/Nf: 10.166 Eb/Ef: 11.6211
mass_bos= 0.285547 mass_fer= 0.0245713
compactness= 0.107941
compactness_boson= 0.0676972
E_binding= 0.232455
