mass= 0.381958numbos: 0.164847 numfer: 4.01427e-07 omega: 0.842231 r99bos: 5.058 r99fer: 0.03 r99tot: 5.082
 Nb/Nf: 410653 Eb/Ef: 524169
mass_bos= 0.250232 mass_fer= 4.77388e-07
compactness= 0.0751589
compactness_boson= 0.0494725
E_binding= 0.21711
