mass= 1.11333numbos: 0.142306 numfer: 0.913686 omega: 0.591457 r99bos: 4.218 r99fer: 5.976 r99tot: 5.898
 Nb/Nf: 0.155749 Eb/Ef: 0.164406
mass_bos= 0.173966 mass_fer= 1.05815
compactness= 0.188764
compactness_boson= 0.0412437
E_binding= 0.0573392
