mass= 0.540237numbos: 0.267958 numfer: 0.00113981 omega: 0.776016 r99bos: 4.764 r99fer: 0.858 r99tot: 4.89
 Nb/Nf: 235.091 Eb/Ef: 277.461
mass_bos= 0.332909 mass_fer= 0.00119984
compactness= 0.110478
compactness_boson= 0.0698802
E_binding= 0.271139
