mass= 0.368872numbos: 0.157071 numfer: 6.8727e-09 omega: 0.843891 r99bos: 4.98 r99fer: 0.006 r99tot: 4.992
 Nb/Nf: 2.28543e+07 Eb/Ef: 2.84051e+07
mass_bos= 0.244649 mass_fer= 8.61287e-09
compactness= 0.0738926
compactness_boson= 0.0491263
E_binding= 0.211801
