mass= 0.378415numbos: 0.162755 numfer: 1.58479e-06 omega: 0.847799 r99bos: 5.19 r99fer: 0.054 r99tot: 5.202
 Nb/Nf: 102699 Eb/Ef: 129797
mass_bos= 0.247247 mass_fer= 1.90487e-06
compactness= 0.0727442
compactness_boson= 0.047639
E_binding= 0.215658
