mass= 0.371112numbos: 0.158401 numfer: 8.25158e-10 omega: 0.842354 r99bos: 4.974 r99fer: 0.006 r99tot: 4.986
 Nb/Nf: 1.91965e+08 Eb/Ef: 2.88931e+08
mass_bos= 0.245662 mass_fer= 8.50243e-10
compactness= 0.0744308
compactness_boson= 0.0493892
E_binding= 0.212711
