mass= 0.388777numbos: 0.168091 numfer: 0.00711621 omega: 0.791944 r99bos: 4.08 r99fer: 0.972 r99tot: 4.128
 Nb/Nf: 23.6209 Eb/Ef: 28.2971
mass_bos= 0.253104 mass_fer= 0.00894452
compactness= 0.0941806
compactness_boson= 0.0620352
E_binding= 0.21357
