mass= 0.379411numbos: 0.163331 numfer: 9.66049e-08 omega: 0.839623 r99bos: 4.962 r99fer: 0.012 r99tot: 4.986
 Nb/Nf: 1.69071e+06 Eb/Ef: 2.04898e+06
mass_bos= 0.249604 mass_fer= 1.21818e-07
compactness= 0.0760954
compactness_boson= 0.0503031
E_binding= 0.21608
