mass= 0.371078numbos: 0.15838 numfer: 1.92446e-09 omega: 0.842368 r99bos: 4.968 r99fer: 0.006 r99tot: 4.986
 Nb/Nf: 8.22984e+07 Eb/Ef: 1.19192e+08
mass_bos= 0.245643 mass_fer= 2.06091e-09
compactness= 0.074424
compactness_boson= 0.049445
E_binding= 0.212698
