mass= 0.395119numbos: 0.17422 numfer: 0.00071564 omega: 0.788131 r99bos: 4.032 r99fer: 0.522 r99tot: 4.098
 Nb/Nf: 243.447 Eb/Ef: 317.432
mass_bos= 0.261029 mass_fer= 0.000822313
compactness= 0.0964175
compactness_boson= 0.0647392
E_binding= 0.220183
