mass= 0.340488numbos: 0.140548 numfer: 1.0555e-05 omega: 0.848976 r99bos: 4.878 r99fer: 0.138 r99tot: 4.866
 Nb/Nf: 13315.8 Eb/Ef: 19302.7
mass_bos= 0.226357 mass_fer= 1.17267e-05
compactness= 0.0699728
compactness_boson= 0.0464038
E_binding= 0.19993
