mass= 0.462236numbos: 0.207244 numfer: 0.0258902 omega: 0.769559 r99bos: 4.194 r99fer: 1.662 r99tot: 4.26
 Nb/Nf: 8.00474 Eb/Ef: 9.13398
mass_bos= 0.281869 mass_fer= 0.0308594
compactness= 0.108506
compactness_boson= 0.0672078
E_binding= 0.229102
