mass= 0.380475numbos: 0.163965 numfer: 3.23797e-07 omega: 0.839938 r99bos: 4.98 r99fer: 0.024 r99tot: 5.004
 Nb/Nf: 506381 Eb/Ef: 640534
mass_bos= 0.250032 mass_fer= 3.9035e-07
compactness= 0.0760341
compactness_boson= 0.0502073
E_binding= 0.21651
