mass= 0.415189numbos: 0.180198 numfer: 0.0184328 omega: 0.778925 r99bos: 4.05 r99fer: 1.404 r99tot: 4.098
 Nb/Nf: 9.77593 Eb/Ef: 11.4511
mass_bos= 0.261245 mass_fer= 0.0228138
compactness= 0.101315
compactness_boson= 0.0645048
E_binding= 0.216558
