mass= 0.34074numbos: 0.140639 numfer: 0.00036978 omega: 0.841055 r99bos: 4.704 r99fer: 0.342 r99tot: 4.686
 Nb/Nf: 380.332 Eb/Ef: 480.347
mass_bos= 0.227082 mass_fer= 0.000472745
compactness= 0.0727145
compactness_boson= 0.0482741
E_binding= 0.199732
