mass= 0.367148numbos: 0.156047 numfer: 1.34685e-08 omega: 0.844895 r99bos: 4.98 r99fer: 0.006 r99tot: 4.992
 Nb/Nf: 1.15861e+07 Eb/Ef: 1.21011e+07
mass_bos= 0.243858 mass_fer= 2.01516e-08
compactness= 0.0735472
compactness_boson= 0.0489674
E_binding= 0.2111
