mass= 0.542012numbos: 0.214789 numfer: 0.113235 omega: 0.752071 r99bos: 4.35 r99fer: 3.06 r99tot: 4.314
 Nb/Nf: 1.89684 Eb/Ef: 2.10545
mass_bos= 0.275595 mass_fer= 0.130896
compactness= 0.12564
compactness_boson= 0.0633552
E_binding= 0.213989
