mass= 0.369901numbos: 0.157683 numfer: 1.92446e-09 omega: 0.843234 r99bos: 4.98 r99fer: 0.006 r99tot: 4.992
 Nb/Nf: 8.19358e+07 Eb/Ef: 1.18935e+08
mass_bos= 0.245114 mass_fer= 2.06091e-09
compactness= 0.0740987
compactness_boson= 0.0492198
E_binding= 0.212218
