mass= 0.380471numbos: 0.163963 numfer: 1.29041e-08 omega: 0.839939 r99bos: 4.98 r99fer: 0.006 r99tot: 5.004
 Nb/Nf: 1.27062e+07 Eb/Ef: 1.76232e+07
mass_bos= 0.25003 mass_fer= 1.41875e-08
compactness= 0.0760335
compactness_boson= 0.0502069
E_binding= 0.216509
