mass= 0.613725numbos: 0.310053 numfer: 0.0115442 omega: 0.825823 r99bos: 6.528 r99fer: 1.968 r99tot: 6.63
 Nb/Nf: 26.858 Eb/Ef: 28.8152
mass_bos= 0.347811 mass_fer= 0.0120704
compactness= 0.0925679
compactness_boson= 0.0532799
E_binding= 0.292128
