mass= 0.38175numbos: 0.164725 numfer: 3.78179e-07 omega: 0.8434 r99bos: 5.088 r99fer: 0.03 r99tot: 5.112
 Nb/Nf: 435573 Eb/Ef: 556005
mass_bos= 0.249872 mass_fer= 4.49406e-07
compactness= 0.0746773
compactness_boson= 0.04911
E_binding= 0.217025
