mass= 0.38003numbos: 0.163708 numfer: 3.18492e-06 omega: 0.846206 r99bos: 5.16 r99fer: 0.06 r99tot: 5.172
 Nb/Nf: 51401.2 Eb/Ef: 59865.1
mass_bos= 0.2484 mass_fer= 4.14933e-06
compactness= 0.0734784
compactness_boson= 0.0481395
E_binding= 0.216319
