mass= 0.367986numbos: 0.156545 numfer: 1.15441e-08 omega: 0.844414 r99bos: 4.98 r99fer: 0.006 r99tot: 4.992
 Nb/Nf: 1.35606e+07 Eb/Ef: 1.48443e+07
mass_bos= 0.244245 mass_fer= 1.64538e-08
compactness= 0.0737151
compactness_boson= 0.0490453
E_binding= 0.211441
