mass= 0.381116numbos: 0.164349 numfer: 1.12195e-06 omega: 0.844736 r99bos: 5.124 r99fer: 0.042 r99tot: 5.142
 Nb/Nf: 146485 Eb/Ef: 178071
mass_bos= 0.249264 mass_fer= 1.3998e-06
compactness= 0.0741182
compactness_boson= 0.0486463
E_binding= 0.216765
