mass= 0.381348numbos: 0.164486 numfer: 4.40293e-09 omega: 0.840458 r99bos: 5.016 r99fer: 0.006 r99tot: 5.034
 Nb/Nf: 3.73583e+07 Eb/Ef: 5.45077e+07
mass_bos= 0.250331 mass_fer= 4.59258e-09
compactness= 0.0757544
compactness_boson= 0.0499066
E_binding= 0.216862
