mass= 0.37946numbos: 0.163361 numfer: 5.24933e-07 omega: 0.839603 r99bos: 4.968 r99fer: 0.03 r99tot: 4.992
 Nb/Nf: 311203 Eb/Ef: 395641
mass_bos= 0.249631 mass_fer= 6.30952e-07
compactness= 0.0760135
compactness_boson= 0.0502477
E_binding= 0.216098
