mass= 0.555576numbos: 0.273078 numfer: 0.013169 omega: 0.785485 r99bos: 5.07 r99fer: 1.62 r99tot: 5.178
 Nb/Nf: 20.7364 Eb/Ef: 22.9947
mass_bos= 0.330917 mass_fer= 0.014391
compactness= 0.107296
compactness_boson= 0.0652696
E_binding= 0.26933
