mass= 0.436626numbos: 0.182795 numfer: 0.0420559 omega: 0.767618 r99bos: 4.002 r99fer: 1.968 r99tot: 4.02
 Nb/Nf: 4.34648 Eb/Ef: 5.05905
mass_bos= 0.259711 mass_fer= 0.051336
compactness= 0.108613
compactness_boson= 0.0648954
E_binding= 0.211775
