mass= 0.367199numbos: 0.156079 numfer: 1.18182e-08 omega: 0.844873 r99bos: 4.986 r99fer: 0.006 r99tot: 4.998
 Nb/Nf: 1.32066e+07 Eb/Ef: 1.43768e+07
mass_bos= 0.243887 mass_fer= 1.69639e-08
compactness= 0.0734692
compactness_boson= 0.0489143
E_binding= 0.21112
