mass= 0.38178numbos: 0.164741 numfer: 9.56552e-08 omega: 0.841257 r99bos: 5.028 r99fer: 0.018 r99tot: 5.052
 Nb/Nf: 1.72224e+06 Eb/Ef: 2.33419e+06
mass_bos= 0.250362 mass_fer= 1.07259e-07
compactness= 0.07557
compactness_boson= 0.0497936
E_binding= 0.217039
