mass= 0.522765numbos: 0.25463 numfer: 0.00676116 omega: 0.774444 r99bos: 4.638 r99fer: 1.248 r99tot: 4.758
 Nb/Nf: 37.6608 Eb/Ef: 43.1263
mass_bos= 0.321664 mass_fer= 0.00745865
compactness= 0.109871
compactness_boson= 0.0693541
E_binding= 0.261373
