mass= 1.50622numbos: 0 numfer: 1.61782 omega: 0.30535 r99bos: 5.028 r99fer: 5.772 r99tot: 5.736
 Nb/Nf: 0 Eb/Ef: 0
mass_bos= 0 mass_fer= 2.02392
compactness= 0.26259
compactness_boson= 0
E_binding= -0.111608
