mass= 0.486961numbos: 0.221139 numfer: 0.0305852 omega: 0.769204 r99bos: 4.344 r99fer: 1.812 r99tot: 4.41
 Nb/Nf: 7.23026 Eb/Ef: 8.13809
mass_bos= 0.291408 mass_fer= 0.0358078
compactness= 0.110422
compactness_boson= 0.0670828
E_binding= 0.235236
