mass= 0.621255numbos: 0.318901 numfer: 0.00137843 omega: 0.824913 r99bos: 6.534 r99fer: 1.23 r99tot: 6.66
 Nb/Nf: 231.351 Eb/Ef: 253.584
mass_bos= 0.357206 mass_fer= 0.00140863
compactness= 0.0932815
compactness_boson= 0.0546688
E_binding= 0.300976
