mass= 0.381287numbos: 0.164448 numfer: 5.55794e-07 omega: 0.840481 r99bos: 5.004 r99fer: 0.03 r99tot: 5.028
 Nb/Nf: 295879 Eb/Ef: 355272
mass_bos= 0.250297 mass_fer= 7.04522e-07
compactness= 0.0758326
compactness_boson= 0.0500194
E_binding= 0.216838
