mass= 0.373695numbos: 0.159978 numfer: 4.41668e-07 omega: 0.851079 r99bos: 5.238 r99fer: 0.042 r99tot: 5.25
 Nb/Nf: 362214 Eb/Ef: 502646
mass_bos= 0.244156 mass_fer= 4.85741e-07
compactness= 0.0711801
compactness_boson= 0.0466125
E_binding= 0.213717
