mass= 0.369744numbos: 0.157586 numfer: 1.09958e-08 omega: 0.843298 r99bos: 4.956 r99fer: 0.006 r99tot: 4.98
 Nb/Nf: 1.43315e+07 Eb/Ef: 1.58592e+07
mass_bos= 0.245026 mass_fer= 1.54502e-08
compactness= 0.0742458
compactness_boson= 0.0494404
E_binding= 0.212158
