mass= 0.364535numbos: 0.154525 numfer: 7.972e-09 omega: 0.847071 r99bos: 5.034 r99fer: 0.006 r99tot: 5.04
 Nb/Nf: 1.93835e+07 Eb/Ef: 2.35326e+07
mass_bos= 0.242701 mass_fer= 1.03134e-08
compactness= 0.0723284
compactness_boson= 0.0482124
E_binding= 0.21001
