mass= 0.376934numbos: 0.161859 numfer: 1.23657e-06 omega: 0.839601 r99bos: 4.95 r99fer: 0.048 r99tot: 4.974
 Nb/Nf: 130893 Eb/Ef: 171890
mass_bos= 0.248485 mass_fer= 1.4456e-06
compactness= 0.0757808
compactness_boson= 0.0501989
E_binding= 0.215073
