mass= 0.368697numbos: 0.156963 numfer: 1.59413e-08 omega: 0.843963 r99bos: 4.956 r99fer: 0.006 r99tot: 4.974
 Nb/Nf: 9.84634e+06 Eb/Ef: 9.66467e+06
mass_bos= 0.244551 mass_fer= 2.53036e-08
compactness= 0.0741249
compactness_boson= 0.0493444
E_binding= 0.211734
