mass= 0.339913numbos: 0.140208 numfer: 5.5298e-06 omega: 0.845201 r99bos: 4.776 r99fer: 0.126 r99tot: 4.758
 Nb/Nf: 25355 Eb/Ef: 37980.5
mass_bos= 0.226459 mass_fer= 5.96251e-06
compactness= 0.0714403
compactness_boson= 0.0474161
E_binding= 0.1997
