mass= 0.465405numbos: 0.219701 numfer: 6.16207e-07 omega: 0.76832 r99bos: 4.17 r99fer: 0.144 r99tot: 4.284
 Nb/Nf: 356538 Eb/Ef: 483049
mass_bos= 0.299365 mass_fer= 6.19739e-07
compactness= 0.108638
compactness_boson= 0.0717901
E_binding= 0.245703
