mass= 0.36892numbos: 0.1571 numfer: 3.84893e-09 omega: 0.843871 r99bos: 4.986 r99fer: 0.006 r99tot: 4.998
 Nb/Nf: 4.08167e+07 Eb/Ef: 5.56752e+07
mass_bos= 0.244676 mass_fer= 4.39471e-09
compactness= 0.0738135
compactness_boson= 0.0490726
E_binding= 0.21182
