mass= 0.381108numbos: 0.164345 numfer: 5.48836e-07 omega: 0.84474 r99bos: 5.118 r99fer: 0.036 r99tot: 5.142
 Nb/Nf: 299442 Eb/Ef: 387527
mass_bos= 0.249259 mass_fer= 6.43205e-07
compactness= 0.0741167
compactness_boson= 0.0487025
E_binding= 0.216763
