mass= 0.342395numbos: 0.141641 numfer: 0.000284936 omega: 0.835819 r99bos: 4.578 r99fer: 0.33 r99tot: 4.572
 Nb/Nf: 497.098 Eb/Ef: 647.717
mass_bos= 0.228574 mass_fer= 0.000352892
compactness= 0.0748896
compactness_boson= 0.0499288
E_binding= 0.200469
