mass= 0.369785numbos: 0.157611 numfer: 8.24615e-09 omega: 0.843281 r99bos: 4.962 r99fer: 0.006 r99tot: 4.98
 Nb/Nf: 1.91133e+07 Eb/Ef: 2.27925e+07
mass_bos= 0.245049 mass_fer= 1.07513e-08
compactness= 0.074254
compactness_boson= 0.0493852
E_binding= 0.212174
