mass= 0.359372numbos: 0.151594 numfer: 3.90413e-07 omega: 0.856062 r99bos: 5.262 r99fer: 0.048 r99tot: 5.256
 Nb/Nf: 388290 Eb/Ef: 566513
mass_bos= 0.235702 mass_fer= 4.16058e-07
compactness= 0.0683736
compactness_boson= 0.0447933
E_binding= 0.207777
