mass= 0.368921numbos: 0.157101 numfer: 3.29792e-09 omega: 0.84387 r99bos: 4.986 r99fer: 0.006 r99tot: 4.998
 Nb/Nf: 4.76365e+07 Eb/Ef: 6.61536e+07
mass_bos= 0.244677 mass_fer= 3.69862e-09
compactness= 0.0738138
compactness_boson= 0.0490728
E_binding= 0.21182
