mass= 0.767771numbos: 0.213144 numfer: 0.384459 omega: 0.757344 r99bos: 5.556 r99fer: 5.322 r99tot: 5.406
 Nb/Nf: 0.5544 Eb/Ef: 0.581204
mass_bos= 0.244605 mass_fer= 0.42086
compactness= 0.142022
compactness_boson= 0.0440254
E_binding= 0.170168
