mass= 0.441468numbos: 0.199116 numfer: 0.0138396 omega: 0.773572 r99bos: 4.128 r99fer: 1.308 r99tot: 4.2
 Nb/Nf: 14.3874 Eb/Ef: 16.7199
mass_bos= 0.278126 mass_fer= 0.0166344
compactness= 0.105111
compactness_boson= 0.0673755
E_binding= 0.228512
