mass= 0.370856numbos: 0.158243 numfer: 1.29175e-08 omega: 0.84246 r99bos: 4.938 r99fer: 0.006 r99tot: 4.962
 Nb/Nf: 1.22503e+07 Eb/Ef: 1.2878e+07
mass_bos= 0.245518 mass_fer= 1.9065e-08
compactness= 0.0747393
compactness_boson= 0.0497202
E_binding= 0.212613
