mass= 0.419253numbos: 0.186179 numfer: 0.0105024 omega: 0.779081 r99bos: 4.074 r99fer: 1.158 r99tot: 4.14
 Nb/Nf: 17.7273 Eb/Ef: 20.8898
mass_bos= 0.26821 mass_fer= 0.0128393
compactness= 0.101269
compactness_boson= 0.0658346
E_binding= 0.222572
