mass= 0.381119numbos: 0.164352 numfer: 6.88874e-07 omega: 0.844736 r99bos: 5.124 r99fer: 0.042 r99tot: 5.142
 Nb/Nf: 238580 Eb/Ef: 312697
mass_bos= 0.249266 mass_fer= 7.97147e-07
compactness= 0.0741189
compactness_boson= 0.0486467
E_binding= 0.216767
