mass= 0.748537numbos: 0.214866 numfer: 0.358842 omega: 0.750151 r99bos: 5.316 r99fer: 5.112 r99tot: 5.19
 Nb/Nf: 0.598776 Eb/Ef: 0.631656
mass_bos= 0.249711 mass_fer= 0.395328
compactness= 0.144227
compactness_boson= 0.0469735
E_binding= 0.174829
