mass= 0.459642numbos: 0.214082 numfer: 0.005753 omega: 0.771051 r99bos: 4.188 r99fer: 1.038 r99tot: 4.29
 Nb/Nf: 37.2123 Eb/Ef: 44.0062
mass_bos= 0.292522 mass_fer= 0.0066473
compactness= 0.107143
compactness_boson= 0.0698476
E_binding= 0.239807
