mass= 0.34506numbos: 0.143114 numfer: 0.000855954 omega: 0.830886 r99bos: 4.506 r99fer: 0.45 r99tot: 4.5
 Nb/Nf: 167.198 Eb/Ef: 208.789
mass_bos= 0.2301 mass_fer= 0.00110207
compactness= 0.0766799
compactness_boson= 0.0510652
E_binding= 0.20109
