mass= 0.380451numbos: 0.16395 numfer: 6.30997e-08 omega: 0.839948 r99bos: 4.98 r99fer: 0.012 r99tot: 5.004
 Nb/Nf: 2.59826e+06 Eb/Ef: 3.42881e+06
mass_bos= 0.250019 mass_fer= 7.29171e-08
compactness= 0.0760293
compactness_boson= 0.0502045
E_binding= 0.216501
