mass= 0.365908numbos: 0.155303 numfer: 2.14405e-08 omega: 0.84556 r99bos: 4.92 r99fer: 0.006 r99tot: 4.95
 Nb/Nf: 7.24345e+06 Eb/Ef: 6.33822e+06
mass_bos= 0.243238 mass_fer= 3.83764e-08
compactness= 0.0739208
compactness_boson= 0.0494387
E_binding= 0.210605
