mass= 1.24014numbos: 0.116123 numfer: 1.11086 omega: 0.560746 r99bos: 4.266 r99fer: 6.102 r99tot: 6.042
 Nb/Nf: 0.104535 Eb/Ef: 0.108162
mass_bos= 0.140455 mass_fer= 1.29856
compactness= 0.205253
compactness_boson= 0.0329242
E_binding= 0.0131572
