mass= 0.378408numbos: 0.162751 numfer: 9.52418e-07 omega: 0.847802 r99bos: 5.184 r99fer: 0.048 r99tot: 5.202
 Nb/Nf: 170882 Eb/Ef: 222706
mass_bos= 0.247243 mass_fer= 1.11018e-06
compactness= 0.0727428
compactness_boson= 0.0476934
E_binding= 0.215656
