mass= 0.370646numbos: 0.158189 numfer: 9.5437e-08 omega: 0.852636 r99bos: 5.262 r99fer: 0.03 r99tot: 5.268
 Nb/Nf: 1.65752e+06 Eb/Ef: 2.42479e+06
mass_bos= 0.242269 mass_fer= 9.99134e-08
compactness= 0.070358
compactness_boson= 0.0460412
E_binding= 0.212457
