mass= 0.495815numbos: 0.236477 numfer: 0.00858498 omega: 0.771156 r99bos: 4.416 r99fer: 1.248 r99tot: 4.524
 Nb/Nf: 27.5454 Eb/Ef: 31.7201
mass_bos= 0.308355 mass_fer= 0.00972112
compactness= 0.109597
compactness_boson= 0.0698268
E_binding= 0.250753
