mass= 0.512553numbos: 0.190484 numfer: 0.121435 omega: 0.739443 r99bos: 3.978 r99fer: 3.12 r99tot: 3.906
 Nb/Nf: 1.56861 Eb/Ef: 1.80286
mass_bos= 0.258172 mass_fer= 0.143201
compactness= 0.131222
compactness_boson= 0.0649
E_binding= 0.200635
