mass= 0.373859numbos: 0.160028 numfer: 4.14001e-08 omega: 0.84058 r99bos: 4.932 r99fer: 0.006 r99tot: 4.956
 Nb/Nf: 3.86542e+06 Eb/Ef: 4.75182e+06
mass_bos= 0.246971 mass_fer= 5.1974e-08
compactness= 0.0754357
compactness_boson= 0.0500752
E_binding= 0.213831
