mass= 0.340241numbos: 0.140363 numfer: 0.000271084 omega: 0.845407 r99bos: 4.806 r99fer: 0.306 r99tot: 4.788
 Nb/Nf: 517.783 Eb/Ef: 652.421
mass_bos= 0.226424 mass_fer= 0.000347051
compactness= 0.0710612
compactness_boson= 0.0471127
E_binding= 0.199607
