mass= 0.363527numbos: 0.154021 numfer: 2.8013e-05 omega: 0.855158 r99bos: 5.286 r99fer: 0.144 r99tot: 5.28
 Nb/Nf: 5498.21 Eb/Ef: 6526.04
mass_bos= 0.238041 mass_fer= 3.64756e-05
compactness= 0.0688498
compactness_boson= 0.0450323
E_binding= 0.209478
