mass= 0.368838numbos: 0.15705 numfer: 9.34546e-09 omega: 0.843904 r99bos: 4.974 r99fer: 0.006 r99tot: 4.992
 Nb/Nf: 1.6805e+07 Eb/Ef: 1.94721e+07
mass_bos= 0.24463 mass_fer= 1.25631e-08
compactness= 0.0738859
compactness_boson= 0.0491818
E_binding= 0.211788
