mass= 0.364265numbos: 0.15439 numfer: 1.04448e-08 omega: 0.848274 r99bos: 5.064 r99fer: 0.006 r99tot: 5.07
 Nb/Nf: 1.47815e+07 Eb/Ef: 1.67776e+07
mass_bos= 0.242669 mass_fer= 1.44639e-08
compactness= 0.0718471
compactness_boson= 0.0479205
E_binding= 0.209875
