mass= 0.355362numbos: 0.149252 numfer: 1.31717e-05 omega: 0.856449 r99bos: 5.244 r99fer: 0.126 r99tot: 5.226
 Nb/Nf: 11331.2 Eb/Ef: 14813.6
mass_bos= 0.233485 mass_fer= 1.57616e-05
compactness= 0.0679988
compactness_boson= 0.0445243
E_binding= 0.206097
