mass= 1.43354numbos: 0.0657746 numfer: 1.43351 omega: 0.638454 r99bos: 5.862 r99fer: 7.38 r99tot: 7.338
 Nb/Nf: 0.0458836 Eb/Ef: 0.0459577
mass_bos= 0.0731537 mass_fer= 1.59176
compactness= 0.195359
compactness_boson= 0.0124793
E_binding= -0.0657428
