mass= 0.38195numbos: 0.164842 numfer: 1.00231e-07 omega: 0.842235 r99bos: 5.058 r99fer: 0.018 r99tot: 5.082
 Nb/Nf: 1.64463e+06 Eb/Ef: 2.19136e+06
mass_bos= 0.250228 mass_fer= 1.14188e-07
compactness= 0.0751574
compactness_boson= 0.0494717
E_binding= 0.217107
