mass= 0.376825numbos: 0.161792 numfer: 2.31103e-08 omega: 0.839646 r99bos: 4.938 r99fer: 0.006 r99tot: 4.962
 Nb/Nf: 7.00087e+06 Eb/Ef: 9.30712e+06
mass_bos= 0.248424 mass_fer= 2.66919e-08
compactness= 0.0759423
compactness_boson= 0.0503087
E_binding= 0.215033
