mass= 0.364288numbos: 0.154404 numfer: 9.07131e-09 omega: 0.848265 r99bos: 5.07 r99fer: 0.006 r99tot: 5.076
 Nb/Nf: 1.70211e+07 Eb/Ef: 2.00515e+07
mass_bos= 0.242682 mass_fer= 1.21029e-08
compactness= 0.0717667
compactness_boson= 0.0478663
E_binding= 0.209884
