mass= 0.452321numbos: 0.211063 numfer: 0.000509174 omega: 0.770221 r99bos: 4.11 r99fer: 0.564 r99tot: 4.218
 Nb/Nf: 414.52 Eb/Ef: 530.656
mass_bos= 0.292322 mass_fer= 0.000550869
compactness= 0.107236
compactness_boson= 0.0711246
E_binding= 0.240749
