mass= 1.21633numbos: 0 numfer: 1.29184 omega: 0.738261 r99bos: 5.076 r99fer: 9.72 r99tot: 9.72
 Nb/Nf: 0 Eb/Ef: 0
mass_bos= 0 mass_fer= 1.34826
compactness= 0.125137
compactness_boson= 0
E_binding= -0.0755017
