mass= 1.19518numbos: 0.12445 numfer: 1.04197 omega: 0.563619 r99bos: 4.158 r99fer: 6.012 r99tot: 5.946
 Nb/Nf: 0.119437 Eb/Ef: 0.124732
mass_bos= 0.152104 mass_fer= 1.21945
compactness= 0.201006
compactness_boson= 0.0365811
E_binding= 0.0287594
