mass= 0.373704numbos: 0.159984 numfer: 1.74099e-07 omega: 0.851076 r99bos: 5.238 r99fer: 0.036 r99tot: 5.25
 Nb/Nf: 918925 Eb/Ef: 1.32892e+06
mass_bos= 0.244161 mass_fer= 1.83729e-07
compactness= 0.0711818
compactness_boson= 0.0466134
E_binding= 0.21372
