mass= 0.501202numbos: 0.233261 numfer: 0.0243128 omega: 0.77176 r99bos: 4.47 r99fer: 1.722 r99tot: 4.56
 Nb/Nf: 9.59418 Eb/Ef: 10.7587
mass_bos= 0.301542 mass_fer= 0.0280277
compactness= 0.109913
compactness_boson= 0.0674591
E_binding= 0.243628
