mass= 0.366515numbos: 0.155677 numfer: 7.42099e-09 omega: 0.845303 r99bos: 4.998 r99fer: 0.006 r99tot: 5.01
 Nb/Nf: 2.09779e+07 Eb/Ef: 2.57759e+07
mass_bos= 0.24358 mass_fer= 9.44989e-09
compactness= 0.0731568
compactness_boson= 0.0487355
E_binding= 0.210838
