mass= 0.367258numbos: 0.156115 numfer: 7.42099e-09 omega: 0.844849 r99bos: 4.992 r99fer: 0.006 r99tot: 5.004
 Nb/Nf: 2.10369e+07 Eb/Ef: 2.58119e+07
mass_bos= 0.24392 mass_fer= 9.44989e-09
compactness= 0.0733929
compactness_boson= 0.0488621
E_binding= 0.211143
