mass= 0.37372numbos: 0.159993 numfer: 2.24494e-06 omega: 0.851068 r99bos: 5.244 r99fer: 0.066 r99tot: 5.25
 Nb/Nf: 71268.2 Eb/Ef: 91998.9
mass_bos= 0.244169 mass_fer= 2.65404e-06
compactness= 0.0711848
compactness_boson= 0.0465616
E_binding= 0.213725
