mass= 0.35371numbos: 0.148192 numfer: 0.00148884 omega: 0.819223 r99bos: 4.326 r99fer: 0.552 r99tot: 4.332
 Nb/Nf: 99.5354 Eb/Ef: 123.785
mass_bos= 0.235466 mass_fer= 0.00190222
compactness= 0.0816505
compactness_boson= 0.0544304
E_binding= 0.204029
