mass= 0.807417numbos: 0.205791 numfer: 0.443909 omega: 0.75791 r99bos: 5.754 r99fer: 5.664 r99tot: 5.7
 Nb/Nf: 0.463587 Eb/Ef: 0.48325
mass_bos= 0.233753 mass_fer= 0.48371
compactness= 0.141652
compactness_boson= 0.0406244
E_binding= 0.157717
