mass= 0.36573numbos: 0.155214 numfer: 1.12699e-08 omega: 0.845816 r99bos: 4.998 r99fer: 0.006 r99tot: 5.01
 Nb/Nf: 1.37724e+07 Eb/Ef: 1.52493e+07
mass_bos= 0.243214 mass_fer= 1.59492e-08
compactness= 0.073
compactness_boson= 0.0486623
E_binding= 0.210516
