mass= 0.5399numbos: 0.267633 numfer: 0.00145891 omega: 0.776142 r99bos: 4.764 r99fer: 0.906 r99tot: 4.89
 Nb/Nf: 183.447 Eb/Ef: 215.567
mass_bos= 0.332533 mass_fer= 0.0015426
compactness= 0.110409
compactness_boson= 0.0698013
E_binding= 0.270809
