mass= 0.898367numbos: 0.173024 numfer: 0.605619 omega: 0.643482 r99bos: 4.158 r99fer: 5.544 r99tot: 5.442
 Nb/Nf: 0.285698 Eb/Ef: 0.310784
mass_bos= 0.215737 mass_fer= 0.694172
compactness= 0.16508
compactness_boson= 0.0518849
E_binding= 0.119724
