mass= 0.363383numbos: 0.153938 numfer: 2.11109e-07 omega: 0.855218 r99bos: 5.274 r99fer: 0.042 r99tot: 5.268
 Nb/Nf: 729187 Eb/Ef: 1.07229e+06
mass_bos= 0.237977 mass_fer= 2.21934e-07
compactness= 0.0689793
compactness_boson= 0.0451227
E_binding= 0.209445
