mass= 0.373703numbos: 0.159983 numfer: 3.17528e-07 omega: 0.851076 r99bos: 5.238 r99fer: 0.042 r99tot: 5.25
 Nb/Nf: 503839 Eb/Ef: 716717
mass_bos= 0.244161 mass_fer= 3.40665e-07
compactness= 0.0711816
compactness_boson= 0.0466133
E_binding= 0.21372
