mass= 0.378403numbos: 0.162748 numfer: 4.15063e-08 omega: 0.847805 r99bos: 5.184 r99fer: 0.018 r99tot: 5.202
 Nb/Nf: 3.92104e+06 Eb/Ef: 5.62423e+06
mass_bos= 0.24724 mass_fer= 4.39598e-08
compactness= 0.0727418
compactness_boson= 0.0476929
E_binding= 0.215655
