mass= 0.373739numbos: 0.160005 numfer: 4.35084e-06 omega: 0.851059 r99bos: 5.244 r99fer: 0.078 r99tot: 5.25
 Nb/Nf: 36775.5 Eb/Ef: 45588.3
mass_bos= 0.244179 mass_fer= 5.35617e-06
compactness= 0.0711884
compactness_boson= 0.0465635
E_binding= 0.21373
