mass= 0.370831numbos: 0.158228 numfer: 1.37427e-08 omega: 0.84247 r99bos: 4.932 r99fer: 0.006 r99tot: 4.956
 Nb/Nf: 1.15136e+07 Eb/Ef: 1.18597e+07
mass_bos= 0.245504 mass_fer= 2.07006e-08
compactness= 0.0748247
compactness_boson= 0.0497778
E_binding= 0.212603
