mass= 0.342363numbos: 0.141643 numfer: 0.000164946 omega: 0.835673 r99bos: 4.572 r99fer: 0.288 r99tot: 4.566
 Nb/Nf: 858.726 Eb/Ef: 1152.04
mass_bos= 0.228657 mass_fer= 0.000198479
compactness= 0.074981
compactness_boson= 0.0500124
E_binding= 0.200555
