mass= 0.368822numbos: 0.15704 numfer: 9.89647e-09 omega: 0.843911 r99bos: 4.974 r99fer: 0.006 r99tot: 4.986
 Nb/Nf: 1.58683e+07 Eb/Ef: 1.81137e+07
mass_bos= 0.244621 mass_fer= 1.35047e-08
compactness= 0.0739715
compactness_boson= 0.0491799
E_binding= 0.211782
