mass= 0.381276numbos: 0.164441 numfer: 3.48481e-07 omega: 0.840486 r99bos: 5.004 r99fer: 0.024 r99tot: 5.028
 Nb/Nf: 471880 Eb/Ef: 565125
mass_bos= 0.250291 mass_fer= 4.42895e-07
compactness= 0.0758305
compactness_boson= 0.0500181
E_binding= 0.216834
