mass= 0.478976numbos: 0.222899 numfer: 0.0150803 omega: 0.770725 r99bos: 4.314 r99fer: 1.422 r99tot: 4.404
 Nb/Nf: 14.7808 Eb/Ef: 16.8888
mass_bos= 0.296369 mass_fer= 0.0175482
compactness= 0.108759
compactness_boson= 0.0686993
E_binding= 0.240997
