mass= 0.36888numbos: 0.157076 numfer: 6.32169e-09 omega: 0.843887 r99bos: 4.98 r99fer: 0.006 r99tot: 4.998
 Nb/Nf: 2.48471e+07 Eb/Ef: 3.13899e+07
mass_bos= 0.244654 mass_fer= 7.79401e-09
compactness= 0.0738055
compactness_boson= 0.0491272
E_binding= 0.211804
