mass= 0.379997numbos: 0.163688 numfer: 1.22874e-07 omega: 0.846224 r99bos: 5.154 r99fer: 0.024 r99tot: 5.172
 Nb/Nf: 1.33216e+06 Eb/Ef: 1.83898e+06
mass_bos= 0.248382 mass_fer= 1.35065e-07
compactness= 0.0734719
compactness_boson= 0.0481921
E_binding= 0.216309
