mass= 0.537052numbos: 0.26467 numfer: 0.00458578 omega: 0.776973 r99bos: 4.77 r99fer: 1.176 r99tot: 4.896
 Nb/Nf: 57.7153 Eb/Ef: 66.2546
mass_bos= 0.32916 mass_fer= 0.00496811
compactness= 0.109692
compactness_boson= 0.0690064
E_binding= 0.267796
