mass= 0.651944numbos: 0.247096 numfer: 0.186112 omega: 0.829319 r99bos: 6.936 r99fer: 4.602 r99tot: 6.738
 Nb/Nf: 1.32767 Eb/Ef: 1.37529
mass_bos= 0.272612 mass_fer= 0.198222
compactness= 0.0967562
compactness_boson= 0.0393039
E_binding= 0.218735
