mass= 0.347698numbos: 0.144776 numfer: 7.75426e-07 omega: 0.855607 r99bos: 5.142 r99fer: 0.066 r99tot: 5.124
 Nb/Nf: 186705 Eb/Ef: 279241
mass_bos= 0.22948 mass_fer= 8.21799e-07
compactness= 0.0678567
compactness_boson= 0.0446285
E_binding= 0.202921
