mass= 0.355321numbos: 0.149228 numfer: 5.37888e-06 omega: 0.856465 r99bos: 5.238 r99fer: 0.096 r99tot: 5.226
 Nb/Nf: 27743.3 Eb/Ef: 37675.8
mass_bos= 0.233467 mass_fer= 6.19674e-06
compactness= 0.0679909
compactness_boson= 0.0445718
E_binding= 0.206087
