mass= 0.368781numbos: 0.157015 numfer: 1.34685e-08 omega: 0.843928 r99bos: 4.968 r99fer: 0.006 r99tot: 4.986
 Nb/Nf: 1.16579e+07 Eb/Ef: 1.21379e+07
mass_bos= 0.244598 mass_fer= 2.01516e-08
compactness= 0.0739633
compactness_boson= 0.0492347
E_binding= 0.211766
