mass= 0.345199numbos: 0.143369 numfer: 8.56819e-07 omega: 0.829812 r99bos: 4.452 r99fer: 0.09 r99tot: 4.452
 Nb/Nf: 167327 Eb/Ef: 262080
mass_bos= 0.230882 mass_fer= 8.80961e-07
compactness= 0.0775379
compactness_boson= 0.0518602
E_binding= 0.201829
