mass= 0.364491numbos: 0.154498 numfer: 1.15441e-08 omega: 0.847089 r99bos: 5.028 r99fer: 0.006 r99tot: 5.034
 Nb/Nf: 1.33833e+07 Eb/Ef: 1.4749e+07
mass_bos= 0.242676 mass_fer= 1.64538e-08
compactness= 0.0724058
compactness_boson= 0.048265
E_binding= 0.209993
