mass= 0.365338numbos: 0.154973 numfer: 1.86909e-08 omega: 0.845982 r99bos: 4.944 r99fer: 0.006 r99tot: 4.968
 Nb/Nf: 8.29135e+06 Eb/Ef: 7.69906e+06
mass_bos= 0.242994 mass_fer= 3.15615e-08
compactness= 0.0735383
compactness_boson= 0.0491492
E_binding= 0.210365
