mass= 0.366884numbos: 0.155885 numfer: 1.89651e-08 omega: 0.845006 r99bos: 4.944 r99fer: 0.006 r99tot: 4.968
 Nb/Nf: 8.21961e+06 Eb/Ef: 7.56487e+06
mass_bos= 0.24371 mass_fer= 3.2216e-08
compactness= 0.0738495
compactness_boson= 0.049294
E_binding= 0.210999
