mass= 0.344564numbos: 0.142941 numfer: 1.55835e-05 omega: 0.854162 r99bos: 5.07 r99fer: 0.138 r99tot: 5.046
 Nb/Nf: 9172.58 Eb/Ef: 12615.8
mass_bos= 0.227959 mass_fer= 1.80694e-05
compactness= 0.0682846
compactness_boson= 0.0449623
E_binding= 0.201607
