mass= 0.406272numbos: 0.176897 numfer: 0.0128641 omega: 0.783113 r99bos: 4.056 r99fer: 1.218 r99tot: 4.11
 Nb/Nf: 13.7513 Eb/Ef: 16.2222
mass_bos= 0.259568 mass_fer= 0.0160008
compactness= 0.0988496
compactness_boson= 0.0639961
E_binding= 0.21651
