mass= 0.373855numbos: 0.160025 numfer: 4.41672e-08 omega: 0.840582 r99bos: 4.932 r99fer: 0.006 r99tot: 4.956
 Nb/Nf: 3.62317e+06 Eb/Ef: 4.08042e+06
mass_bos= 0.246968 mass_fer= 6.05252e-08
compactness= 0.0754347
compactness_boson= 0.0500746
E_binding= 0.213829
