mass= 0.373821numbos: 0.160005 numfer: 6.08768e-08 omega: 0.840596 r99bos: 4.926 r99fer: 0.006 r99tot: 4.95
 Nb/Nf: 2.62834e+06 Eb/Ef: 2.95651e+06
mass_bos= 0.246949 mass_fer= 8.35274e-08
compactness= 0.0755194
compactness_boson= 0.0501318
E_binding= 0.213816
