mass= 0.36798numbos: 0.156541 numfer: 9.89647e-09 omega: 0.844416 r99bos: 4.98 r99fer: 0.006 r99tot: 4.992
 Nb/Nf: 1.58179e+07 Eb/Ef: 1.80857e+07
mass_bos= 0.244242 mass_fer= 1.35047e-08
compactness= 0.073714
compactness_boson= 0.0490446
E_binding= 0.211439
