mass= 0.448919numbos: 0.196777 numfer: 0.0297793 omega: 0.769584 r99bos: 4.11 r99fer: 1.722 r99tot: 4.164
 Nb/Nf: 6.60783 Eb/Ef: 7.59115
mass_bos= 0.272888 mass_fer= 0.0359482
compactness= 0.10781
compactness_boson= 0.0663962
E_binding= 0.222363
