mass= 0.344514numbos: 0.142913 numfer: 8.57334e-07 omega: 0.854175 r99bos: 5.064 r99fer: 0.072 r99tot: 5.046
 Nb/Nf: 166694 Eb/Ef: 252465
mass_bos= 0.22794 mass_fer= 9.02859e-07
compactness= 0.0682746
compactness_boson= 0.0450119
E_binding= 0.2016
