mass= 0.344522numbos: 0.142918 numfer: 1.39834e-06 omega: 0.854172 r99bos: 5.064 r99fer: 0.084 r99tot: 5.046
 Nb/Nf: 102205 Eb/Ef: 153659
mass_bos= 0.227945 mass_fer= 1.48344e-06
compactness= 0.0682762
compactness_boson= 0.0450128
E_binding= 0.201603
