mass= 0.381735numbos: 0.164715 numfer: 8.9408e-08 omega: 0.843406 r99bos: 5.088 r99fer: 0.018 r99tot: 5.112
 Nb/Nf: 1.84229e+06 Eb/Ef: 2.49241e+06
mass_bos= 0.249864 mass_fer= 1.0025e-07
compactness= 0.0746743
compactness_boson= 0.0491084
E_binding= 0.21702
