mass= 0.366474numbos: 0.155652 numfer: 1.07189e-08 omega: 0.845319 r99bos: 4.992 r99fer: 0.006 r99tot: 5.01
 Nb/Nf: 1.45212e+07 Eb/Ef: 1.62894e+07
mass_bos= 0.243557 mass_fer= 1.49518e-08
compactness= 0.0731485
compactness_boson= 0.0487894
E_binding= 0.210823
