mass= 0.380473numbos: 0.163964 numfer: 4.75561e-07 omega: 0.839938 r99bos: 4.98 r99fer: 0.024 r99tot: 5.004
 Nb/Nf: 344780 Eb/Ef: 387160
mass_bos= 0.250031 mass_fer= 6.45809e-07
compactness= 0.0760338
compactness_boson= 0.0502071
E_binding= 0.216509
