mass= 0.376807numbos: 0.16178 numfer: 3.96511e-08 omega: 0.839653 r99bos: 4.932 r99fer: 0.006 r99tot: 4.962
 Nb/Nf: 4.0801e+06 Eb/Ef: 4.87214e+06
mass_bos= 0.248414 mass_fer= 5.09865e-08
compactness= 0.0759385
compactness_boson= 0.0503677
E_binding= 0.215026
