mass= 0.380488numbos: 0.163973 numfer: 4.66015e-07 omega: 0.839932 r99bos: 4.986 r99fer: 0.03 r99tot: 5.01
 Nb/Nf: 351862 Eb/Ef: 454996
mass_bos= 0.25004 mass_fer= 5.49543e-07
compactness= 0.0759458
compactness_boson= 0.0501484
E_binding= 0.216515
