mass= 0.370846numbos: 0.158237 numfer: 1.31944e-08 omega: 0.842464 r99bos: 4.932 r99fer: 0.006 r99tot: 4.956
 Nb/Nf: 1.19928e+07 Eb/Ef: 1.25209e+07
mass_bos= 0.245512 mass_fer= 1.96082e-08
compactness= 0.0748276
compactness_boson= 0.0497794
E_binding= 0.212609
