mass= 0.557477numbos: 0.275652 numfer: 0.00989271 omega: 0.785431 r99bos: 5.076 r99fer: 1.512 r99tot: 5.19
 Nb/Nf: 27.8641 Eb/Ef: 31.0705
mass_bos= 0.333706 mass_fer= 0.0107403
compactness= 0.107414
compactness_boson= 0.0657419
E_binding= 0.271932
