mass= 0.365197numbos: 0.154907 numfer: 1.09931e-09 omega: 0.846317 r99bos: 5.028 r99fer: 0.006 r99tot: 5.034
 Nb/Nf: 1.40914e+08 Eb/Ef: 2.12436e+08
mass_bos= 0.24299 mass_fer= 1.14383e-09
compactness= 0.0725461
compactness_boson= 0.0483275
E_binding= 0.21029
