mass= 0.38048numbos: 0.163968 numfer: 1.15876e-08 omega: 0.839936 r99bos: 4.98 r99fer: 0.006 r99tot: 5.01
 Nb/Nf: 1.41503e+07 Eb/Ef: 1.97753e+07
mass_bos= 0.250035 mass_fer= 1.26438e-08
compactness= 0.0759441
compactness_boson= 0.0502079
E_binding= 0.216512
