mass= 0.376853numbos: 0.161809 numfer: 2.47276e-09 omega: 0.839634 r99bos: 4.938 r99fer: 0.006 r99tot: 4.962
 Nb/Nf: 6.54366e+07 Eb/Ef: 9.20819e+07
mass_bos= 0.24844 mass_fer= 2.69803e-09
compactness= 0.0759478
compactness_boson= 0.0503118
E_binding= 0.215044
