mass= 0.366797numbos: 0.155832 numfer: 2.03412e-08 omega: 0.845043 r99bos: 4.932 r99fer: 0.006 r99tot: 4.956
 Nb/Nf: 7.66088e+06 Eb/Ef: 6.84729e+06
mass_bos= 0.243661 mass_fer= 3.5585e-08
compactness= 0.0740108
compactness_boson= 0.049404
E_binding= 0.210965
