mass= 0.368054numbos: 0.156587 numfer: 5.77339e-09 omega: 0.844386 r99bos: 4.992 r99fer: 0.006 r99tot: 5.004
 Nb/Nf: 2.71221e+07 Eb/Ef: 3.48907e+07
mass_bos= 0.244284 mass_fer= 7.00139e-09
compactness= 0.073552
compactness_boson= 0.0489351
E_binding= 0.211467
