mass= 0.3763numbos: 0.161509 numfer: 8.41523e-07 omega: 0.849442 r99bos: 5.214 r99fer: 0.048 r99tot: 5.226
 Nb/Nf: 191925 Eb/Ef: 255685
mass_bos= 0.245827 mass_fer= 9.61442e-07
compactness= 0.0720053
compactness_boson= 0.0471474
E_binding= 0.21479
