mass= 0.349337numbos: 0.145868 numfer: 1.25377e-05 omega: 0.823739 r99bos: 4.344 r99fer: 0.174 r99tot: 4.362
 Nb/Nf: 11634.3 Eb/Ef: 17439.1
mass_bos= 0.233699 mass_fer= 1.34009e-05
compactness= 0.0800863
compactness_boson= 0.0537981
E_binding= 0.203456
