mass= 0.36421numbos: 0.154356 numfer: 1.26434e-08 omega: 0.848297 r99bos: 5.058 r99fer: 0.006 r99tot: 5.064
 Nb/Nf: 1.22085e+07 Eb/Ef: 1.30925e+07
mass_bos= 0.242639 mass_fer= 1.85327e-08
compactness= 0.0719214
compactness_boson= 0.0479713
E_binding= 0.209854
