mass= 0.537088numbos: 0.252613 numfer: 0.0326131 omega: 0.779156 r99bos: 4.836 r99fer: 2.016 r99tot: 4.914
 Nb/Nf: 7.74576 Eb/Ef: 8.50976
mass_bos= 0.312519 mass_fer= 0.0367248
compactness= 0.109298
compactness_boson= 0.0646235
E_binding= 0.251862
