mass= 0.351352numbos: 0.14691 numfer: 6.1694e-06 omega: 0.856351 r99bos: 5.196 r99fer: 0.102 r99tot: 5.178
 Nb/Nf: 23812.7 Eb/Ef: 32782.6
mass_bos= 0.231349 mass_fer= 7.05706e-06
compactness= 0.0678548
compactness_boson= 0.0445244
E_binding= 0.204436
