mass= 0.381283numbos: 0.164446 numfer: 5.40793e-07 omega: 0.840483 r99bos: 5.004 r99fer: 0.03 r99tot: 5.028
 Nb/Nf: 304084 Eb/Ef: 366547
mass_bos= 0.250295 mass_fer= 6.82846e-07
compactness= 0.075832
compactness_boson= 0.050019
E_binding= 0.216837
