mass= 0.342382numbos: 0.141646 numfer: 0.000140447 omega: 0.851989 r99bos: 5.004 r99fer: 0.246 r99tot: 4.98
 Nb/Nf: 1008.54 Eb/Ef: 1261.46
mass_bos= 0.226945 mass_fer= 0.000179906
compactness= 0.0687515
compactness_boson= 0.0453527
E_binding= 0.200595
