mass= 0.443057numbos: 0.201252 numfer: 0.0111554 omega: 0.773512 r99bos: 4.134 r99fer: 1.224 r99tot: 4.212
 Nb/Nf: 18.0408 Eb/Ef: 21.0531
mass_bos= 0.280581 mass_fer= 0.0133273
compactness= 0.105189
compactness_boson= 0.0678715
E_binding= 0.23065
