mass= 0.477544numbos: 0.227512 numfer: 0.000344296 omega: 0.767994 r99bos: 4.224 r99fer: 0.558 r99tot: 4.344
 Nb/Nf: 660.803 Eb/Ef: 837.425
mass_bos= 0.305118 mass_fer= 0.000364352
compactness= 0.109932
compactness_boson= 0.0722343
E_binding= 0.249688
