mass= 0.480571numbos: 0.225144 numfer: 0.0121826 omega: 0.770759 r99bos: 4.32 r99fer: 1.338 r99tot: 4.422
 Nb/Nf: 18.4807 Eb/Ef: 21.2127
mass_bos= 0.298882 mass_fer= 0.0140898
compactness= 0.108677
compactness_boson= 0.0691857
E_binding= 0.243245
