mass= 0.365851numbos: 0.155288 numfer: 3.02377e-09 omega: 0.845767 r99bos: 5.016 r99fer: 0.006 r99tot: 5.022
 Nb/Nf: 5.13558e+07 Eb/Ef: 7.2392e+07
mass_bos= 0.243282 mass_fer= 3.36062e-09
compactness= 0.0728497
compactness_boson= 0.0485012
E_binding= 0.210563
