mass= 0.379477numbos: 0.163372 numfer: 1.09931e-09 omega: 0.839596 r99bos: 4.968 r99fer: 0.006 r99tot: 4.992
 Nb/Nf: 1.48614e+08 Eb/Ef: 2.1825e+08
mass_bos= 0.249641 mass_fer= 1.14383e-09
compactness= 0.0760171
compactness_boson= 0.0502498
E_binding= 0.216105
