mass= 1.16886numbos: 0.11535 numfer: 1.02104 omega: 0.520636 r99bos: 3.66 r99fer: 5.718 r99tot: 5.652
 Nb/Nf: 0.112973 Eb/Ef: 0.120374
mass_bos= 0.148 mass_fer= 1.2295
compactness= 0.206804
compactness_boson= 0.0404371
E_binding= 0.0324666
