mass= 0.367889numbos: 0.157091 numfer: 0.000839276 omega: 0.805643 r99bos: 4.152 r99fer: 0.498 r99tot: 4.188
 Nb/Nf: 187.174 Eb/Ef: 242.025
mass_bos= 0.244829 mass_fer= 0.00101159
compactness= 0.0878436
compactness_boson= 0.0589666
E_binding= 0.209959
