mass= 0.441076numbos: 0.198552 numfer: 0.0145762 omega: 0.773557 r99bos: 4.122 r99fer: 1.326 r99tot: 4.2
 Nb/Nf: 13.6217 Eb/Ef: 15.8167
mass_bos= 0.277481 mass_fer= 0.0175435
compactness= 0.105018
compactness_boson= 0.0673171
E_binding= 0.227948
