mass= 0.365837numbos: 0.155279 numfer: 5.22238e-09 omega: 0.845773 r99bos: 5.016 r99fer: 0.006 r99tot: 5.022
 Nb/Nf: 2.97334e+07 Eb/Ef: 3.90666e+07
mass_bos= 0.243274 mass_fer= 6.22717e-09
compactness= 0.0728469
compactness_boson= 0.0484996
E_binding= 0.210558
