mass= 0.603861numbos: 0.30146 numfer: 0.0174369 omega: 0.817319 r99bos: 6.192 r99fer: 2.076 r99tot: 6.294
 Nb/Nf: 17.2886 Eb/Ef: 18.5571
mass_bos= 0.342515 mass_fer= 0.0184574
compactness= 0.0959423
compactness_boson= 0.0553157
E_binding= 0.284964
