mass= 0.381289numbos: 0.16445 numfer: 4.4269e-07 omega: 0.84048 r99bos: 5.004 r99fer: 0.03 r99tot: 5.028
 Nb/Nf: 371478 Eb/Ef: 473612
mass_bos= 0.250298 mass_fer= 5.28488e-07
compactness= 0.0758332
compactness_boson= 0.0500197
E_binding= 0.216839
