mass= 0.39558numbos: 0.17463 numfer: 0.000213865 omega: 0.78759 r99bos: 4.014 r99fer: 0.396 r99tot: 4.092
 Nb/Nf: 816.545 Eb/Ef: 1111.39
mass_bos= 0.261656 mass_fer= 0.000235431
compactness= 0.0966715
compactness_boson= 0.0651858
E_binding= 0.220736
