mass= 0.375388numbos: 0.160938 numfer: 2.24962e-08 omega: 0.839987 r99bos: 4.938 r99fer: 0.006 r99tot: 4.956
 Nb/Nf: 7.15398e+06 Eb/Ef: 9.59715e+06
mass_bos= 0.247727 mass_fer= 2.58126e-08
compactness= 0.0757441
compactness_boson= 0.0501675
E_binding= 0.21445
