mass= 0.381755numbos: 0.164728 numfer: 7.98805e-07 omega: 0.843397 r99bos: 5.088 r99fer: 0.036 r99tot: 5.112
 Nb/Nf: 206218 Eb/Ef: 250046
mass_bos= 0.249875 mass_fer= 9.99315e-07
compactness= 0.0746783
compactness_boson= 0.0491106
E_binding= 0.217027
