mass= 0.381119numbos: 0.164351 numfer: 1.03845e-06 omega: 0.844735 r99bos: 5.124 r99fer: 0.042 r99tot: 5.142
 Nb/Nf: 158265 Eb/Ef: 193956
mass_bos= 0.249265 mass_fer= 1.28516e-06
compactness= 0.0741188
compactness_boson= 0.0486466
E_binding= 0.216766
