mass= 0.372331numbos: 0.15912 numfer: 6.89481e-08 omega: 0.841424 r99bos: 4.932 r99fer: 0.006 r99tot: 4.956
 Nb/Nf: 2.30782e+06 Eb/Ef: 2.56295e+06
mass_bos= 0.246219 mass_fer= 9.60686e-08
compactness= 0.0751273
compactness_boson= 0.0499228
E_binding= 0.213211
