mass= 0.373859numbos: 0.160028 numfer: 5.08818e-08 omega: 0.840581 r99bos: 4.932 r99fer: 0.006 r99tot: 4.956
 Nb/Nf: 3.1451e+06 Eb/Ef: 3.4518e+06
mass_bos= 0.24697 mass_fer= 7.15484e-08
compactness= 0.0754356
compactness_boson= 0.0500751
E_binding= 0.213831
