mass= 0.375338numbos: 0.160906 numfer: 4.7842e-08 omega: 0.840008 r99bos: 4.926 r99fer: 0.006 r99tot: 4.95
 Nb/Nf: 3.36329e+06 Eb/Ef: 3.83342e+06
mass_bos= 0.247699 mass_fer= 6.46157e-08
compactness= 0.0758258
compactness_boson= 0.0502839
E_binding= 0.214431
