mass= 0.365853numbos: 0.155289 numfer: 2.47276e-09 omega: 0.845766 r99bos: 5.016 r99fer: 0.006 r99tot: 5.022
 Nb/Nf: 6.27999e+07 Eb/Ef: 9.01706e+07
mass_bos= 0.243283 mass_fer= 2.69803e-09
compactness= 0.07285
compactness_boson= 0.0485014
E_binding= 0.210564
