mass= 0.381782numbos: 0.164743 numfer: 2.94863e-07 omega: 0.841256 r99bos: 5.028 r99fer: 0.024 r99tot: 5.052
 Nb/Nf: 558709 Eb/Ef: 690760
mass_bos= 0.250363 mass_fer= 3.62446e-07
compactness= 0.0755704
compactness_boson= 0.0497938
E_binding= 0.217039
