mass= 0.380003numbos: 0.163692 numfer: 7.88492e-07 omega: 0.84622 r99bos: 5.154 r99fer: 0.042 r99tot: 5.172
 Nb/Nf: 207601 Eb/Ef: 267926
mass_bos= 0.248385 mass_fer= 9.27066e-07
compactness= 0.073473
compactness_boson= 0.0481927
E_binding= 0.21631
