mass= 0.366582numbos: 0.155718 numfer: 1.65032e-09 omega: 0.845276 r99bos: 5.01 r99fer: 0.006 r99tot: 5.022
 Nb/Nf: 9.43563e+07 Eb/Ef: 1.39158e+08
mass_bos= 0.243617 mass_fer= 1.75066e-09
compactness= 0.0729952
compactness_boson= 0.0486262
E_binding= 0.210864
