mass= 0.419904numbos: 0.186971 numfer: 0.00956439 omega: 0.778972 r99bos: 4.074 r99fer: 1.122 r99tot: 4.14
 Nb/Nf: 19.5487 Eb/Ef: 23.0804
mass_bos= 0.269144 mass_fer= 0.0116612
compactness= 0.101426
compactness_boson= 0.0660639
E_binding= 0.223368
