mass= 0.571866numbos: 0.224677 numfer: 0.131452 omega: 0.756786 r99bos: 4.596 r99fer: 3.306 r99tot: 4.536
 Nb/Nf: 1.7092 Eb/Ef: 1.86822
mass_bos= 0.279762 mass_fer= 0.149748
compactness= 0.126073
compactness_boson= 0.0608707
E_binding= 0.215737
