mass= 0.646988numbos: 0.248 numfer: 0.178518 omega: 0.806304 r99bos: 6.162 r99fer: 4.242 r99tot: 6.006
 Nb/Nf: 1.38921 Eb/Ef: 1.45267
mass_bos= 0.280329 mass_fer= 0.192975
compactness= 0.107724
compactness_boson= 0.0454932
E_binding= 0.22047
