mass= 0.378204numbos: 0.162613 numfer: 2.17085e-07 omega: 0.839515 r99bos: 4.95 r99fer: 0.018 r99tot: 4.974
 Nb/Nf: 749075 Eb/Ef: 936635
mass_bos= 0.249072 mass_fer= 2.65922e-07
compactness= 0.0760362
compactness_boson= 0.0503176
E_binding= 0.215591
