mass= 0.370702numbos: 0.158222 numfer: 8.33767e-06 omega: 0.852608 r99bos: 5.268 r99fer: 0.096 r99tot: 5.268
 Nb/Nf: 18976.8 Eb/Ef: 23095.5
mass_bos= 0.242296 mass_fer= 1.0491e-05
compactness= 0.0703686
compactness_boson= 0.0459939
E_binding= 0.212471
