mass= 0.369921numbos: 0.157695 numfer: 1.09931e-09 omega: 0.843226 r99bos: 4.986 r99fer: 0.006 r99tot: 4.998
 Nb/Nf: 1.43449e+08 Eb/Ef: 2.14303e+08
mass_bos= 0.245126 mass_fer= 1.14383e-09
compactness= 0.0740138
compactness_boson= 0.0491628
E_binding= 0.212226
