mass= 0.34207numbos: 0.14148 numfer: 2.14231e-07 omega: 0.851963 r99bos: 4.98 r99fer: 0.054 r99tot: 4.962
 Nb/Nf: 660408 Eb/Ef: 1.0311e+06
mass_bos= 0.226881 mass_fer= 2.20039e-07
compactness= 0.0689379
compactness_boson= 0.0455585
E_binding= 0.20059
