mass= 0.375339numbos: 0.160907 numfer: 1.79125e-07 omega: 0.840008 r99bos: 4.926 r99fer: 0.012 r99tot: 4.95
 Nb/Nf: 898294 Eb/Ef: 994482
mass_bos= 0.247699 mass_fer= 2.49074e-07
compactness= 0.075826
compactness_boson= 0.0502841
E_binding= 0.214431
