mass= 0.540755numbos: 0.268458 numfer: 0.000640043 omega: 0.775802 r99bos: 4.758 r99fer: 0.762 r99tot: 4.89
 Nb/Nf: 419.438 Eb/Ef: 499.61
mass_bos= 0.333497 mass_fer= 0.000667514
compactness= 0.110584
compactness_boson= 0.0700918
E_binding= 0.271657
