mass= 0.62938numbos: 0.323907 numfer: 0.00115971 omega: 0.865691 r99bos: 8.304 r99fer: 1.458 r99tot: 8.412
 Nb/Nf: 279.299 Eb/Ef: 296.652
mass_bos= 0.347873 mass_fer= 0.00117267
compactness= 0.0748193
compactness_boson= 0.0418923
E_binding= 0.304313
