mass= 0.376801numbos: 0.161777 numfer: 1.40487e-07 omega: 0.839656 r99bos: 4.932 r99fer: 0.012 r99tot: 4.956
 Nb/Nf: 1.15154e+06 Eb/Ef: 1.34084e+06
mass_bos= 0.24841 mass_fer= 1.85264e-07
compactness= 0.0760293
compactness_boson= 0.0503671
E_binding= 0.215024
