mass= 0.977952numbos: 0.174025 numfer: 0.699675 omega: 0.677032 r99bos: 4.92 r99fer: 6.03 r99tot: 5.952
 Nb/Nf: 0.248722 Eb/Ef: 0.260938
mass_bos= 0.204163 mass_fer= 0.78242
compactness= 0.164306
compactness_boson= 0.0414966
E_binding= 0.104252
