mass= 0.398523numbos: 0.173931 numfer: 0.00798538 omega: 0.78707 r99bos: 4.068 r99fer: 1.026 r99tot: 4.122
 Nb/Nf: 21.7812 Eb/Ef: 25.9776
mass_bos= 0.258171 mass_fer= 0.00993822
compactness= 0.0966819
compactness_boson= 0.0634639
E_binding= 0.216606
