mass= 0.373863numbos: 0.160031 numfer: 4.01866e-08 omega: 0.840579 r99bos: 4.932 r99fer: 0.006 r99tot: 4.956
 Nb/Nf: 3.98219e+06 Eb/Ef: 4.92435e+06
mass_bos= 0.246973 mass_fer= 5.01534e-08
compactness= 0.0754364
compactness_boson= 0.0500756
E_binding= 0.213832
