mass= 0.378193numbos: 0.162606 numfer: 1.27853e-07 omega: 0.83952 r99bos: 4.944 r99fer: 0.012 r99tot: 4.974
 Nb/Nf: 1.27182e+06 Eb/Ef: 1.45475e+06
mass_bos= 0.249066 mass_fer= 1.71209e-07
compactness= 0.076034
compactness_boson= 0.0503774
E_binding= 0.215587
