mass= 0.379459numbos: 0.16336 numfer: 5.86656e-07 omega: 0.839603 r99bos: 4.968 r99fer: 0.03 r99tot: 4.992
 Nb/Nf: 278461 Eb/Ef: 336168
mass_bos= 0.24963 mass_fer= 7.42576e-07
compactness= 0.0760134
compactness_boson= 0.0502476
E_binding= 0.216098
