mass= 0.38002numbos: 0.163702 numfer: 1.70467e-06 omega: 0.846212 r99bos: 5.154 r99fer: 0.054 r99tot: 5.172
 Nb/Nf: 96031.6 Eb/Ef: 118589
mass_bos= 0.248395 mass_fer= 2.09458e-06
compactness= 0.0734764
compactness_boson= 0.0481946
E_binding= 0.216316
