mass= 0.624386numbos: 0.215076 numfer: 0.211731 omega: 0.739099 r99bos: 4.536 r99fer: 3.996 r99tot: 4.374
 Nb/Nf: 1.0158 Eb/Ef: 1.10908
mass_bos= 0.266459 mass_fer= 0.240252
compactness= 0.14275
compactness_boson= 0.0587432
E_binding= 0.197579
