mass= 0.364506numbos: 0.154507 numfer: 1.09958e-08 omega: 0.847082 r99bos: 5.028 r99fer: 0.006 r99tot: 5.034
 Nb/Nf: 1.40515e+07 Eb/Ef: 1.57076e+07
mass_bos= 0.242685 mass_fer= 1.54502e-08
compactness= 0.0724089
compactness_boson= 0.0482667
E_binding= 0.209999
