mass= 0.405697numbos: 0.176082 numfer: 0.0139264 omega: 0.78312 r99bos: 4.05 r99fer: 1.254 r99tot: 4.104
 Nb/Nf: 12.6438 Eb/Ef: 14.9058
mass_bos= 0.258608 mass_fer= 0.0173495
compactness= 0.0988539
compactness_boson= 0.0638538
E_binding= 0.215688
