mass= 0.365026numbos: 0.154802 numfer: 1.15441e-08 omega: 0.846387 r99bos: 5.004 r99fer: 0.006 r99tot: 5.016
 Nb/Nf: 1.34097e+07 Eb/Ef: 1.47622e+07
mass_bos= 0.242894 mass_fer= 1.64538e-08
compactness= 0.0727723
compactness_boson= 0.04854
E_binding= 0.210223
