mass= 0.365194numbos: 0.154905 numfer: 1.37345e-09 omega: 0.846319 r99bos: 5.028 r99fer: 0.006 r99tot: 5.034
 Nb/Nf: 1.12785e+08 Eb/Ef: 1.68397e+08
mass_bos= 0.242989 mass_fer= 1.44295e-09
compactness= 0.0725455
compactness_boson= 0.0483271
E_binding= 0.210288
