mass= 0.490068numbos: 0.228342 numfer: 0.0191463 omega: 0.771031 r99bos: 4.386 r99fer: 1.566 r99tot: 4.476
 Nb/Nf: 11.9262 Eb/Ef: 13.4963
mass_bos= 0.299303 mass_fer= 0.0221766
compactness= 0.109488
compactness_boson= 0.0682404
E_binding= 0.24258
