mass= 0.446854numbos: 0.205677 numfer: 0.00608109 omega: 0.772753 r99bos: 4.134 r99fer: 1.026 r99tot: 4.23
 Nb/Nf: 33.8224 Eb/Ef: 40.1112
mass_bos= 0.285737 mass_fer= 0.00712361
compactness= 0.105639
compactness_boson= 0.0691187
E_binding= 0.235095
