mass= 0.436266numbos: 0.185835 numfer: 0.035441 omega: 0.769657 r99bos: 4.032 r99fer: 1.83 r99tot: 4.068
 Nb/Nf: 5.24352 Eb/Ef: 6.08269
mass_bos= 0.263115 mass_fer= 0.0432563
compactness= 0.107243
compactness_boson= 0.0652566
E_binding= 0.21499
