mass= 0.38198numbos: 0.164861 numfer: 1.19076e-06 omega: 0.842221 r99bos: 5.058 r99fer: 0.042 r99tot: 5.082
 Nb/Nf: 138450 Eb/Ef: 163942
mass_bos= 0.250244 mass_fer= 1.52642e-06
compactness= 0.0751634
compactness_boson= 0.049475
E_binding= 0.217118
