mass= 0.407448numbos: 0.17845 numfer: 0.0109238 omega: 0.783004 r99bos: 4.062 r99fer: 1.152 r99tot: 4.116
 Nb/Nf: 16.3359 Eb/Ef: 19.311
mass_bos= 0.261404 mass_fer= 0.0135365
compactness= 0.0989911
compactness_boson= 0.0643534
E_binding= 0.218074
