mass= 0.366699numbos: 0.155771 numfer: 2.17147e-08 omega: 0.845086 r99bos: 4.92 r99fer: 0.006 r99tot: 4.944
 Nb/Nf: 7.17354e+06 Eb/Ef: 6.23246e+06
mass_bos= 0.243605 mass_fer= 3.90864e-08
compactness= 0.0741704
compactness_boson= 0.0495132
E_binding= 0.210927
