mass= 0.367271numbos: 0.156123 numfer: 6.8727e-09 omega: 0.844844 r99bos: 4.998 r99fer: 0.006 r99tot: 5.01
 Nb/Nf: 2.27165e+07 Eb/Ef: 2.83213e+07
mass_bos= 0.243927 mass_fer= 8.61287e-09
compactness= 0.0733077
compactness_boson= 0.0488049
E_binding= 0.211148
