mass= 0.470718numbos: 0.220513 numfer: 0.00775935 omega: 0.770568 r99bos: 4.254 r99fer: 1.152 r99tot: 4.356
 Nb/Nf: 28.4191 Eb/Ef: 33.1589
mass_bos= 0.296794 mass_fer= 0.00895067
compactness= 0.108062
compactness_boson= 0.0697682
E_binding= 0.242445
