mass= 0.378396numbos: 0.162744 numfer: 1.75278e-07 omega: 0.847808 r99bos: 5.184 r99fer: 0.03 r99tot: 5.202
 Nb/Nf: 928487 Eb/Ef: 1.30008e+06
mass_bos= 0.247236 mass_fer= 1.90169e-07
compactness= 0.0727404
compactness_boson= 0.0476922
E_binding= 0.215652
