mass= 0.365378numbos: 0.154997 numfer: 1.81426e-08 omega: 0.845965 r99bos: 4.95 r99fer: 0.006 r99tot: 4.974
 Nb/Nf: 8.54326e+06 Eb/Ef: 8.0285e+06
mass_bos= 0.243016 mass_fer= 3.02692e-08
compactness= 0.0734575
compactness_boson= 0.0490941
E_binding= 0.21038
