mass= 0.355307numbos: 0.14922 numfer: 7.70295e-07 omega: 0.856471 r99bos: 5.238 r99fer: 0.06 r99tot: 5.226
 Nb/Nf: 193718 Eb/Ef: 281881
mass_bos= 0.233462 mass_fer= 8.28229e-07
compactness= 0.0679883
compactness_boson= 0.0445708
E_binding= 0.206086
