mass= 0.348006numbos: 0.144946 numfer: 0.000103161 omega: 0.855568 r99bos: 5.16 r99fer: 0.216 r99tot: 5.136
 Nb/Nf: 1405.04 Eb/Ef: 1703.37
mass_bos= 0.229574 mass_fer= 0.000134776
compactness= 0.0677582
compactness_boson= 0.0444911
E_binding= 0.202957
