mass= 0.38174numbos: 0.164719 numfer: 1.7365e-07 omega: 0.843404 r99bos: 5.088 r99fer: 0.024 r99tot: 5.112
 Nb/Nf: 948566 Eb/Ef: 1.27839e+06
mass_bos= 0.249866 mass_fer= 1.95454e-07
compactness= 0.0746753
compactness_boson= 0.049109
E_binding= 0.217022
