mass= 0.379415numbos: 0.163334 numfer: 7.20611e-08 omega: 0.839621 r99bos: 4.962 r99fer: 0.012 r99tot: 4.986
 Nb/Nf: 2.2666e+06 Eb/Ef: 2.94782e+06
mass_bos= 0.249606 mass_fer= 8.46749e-08
compactness= 0.0760961
compactness_boson= 0.0503035
E_binding= 0.216082
