mass= 0.381114numbos: 0.164348 numfer: 1.6297e-08 omega: 0.844739 r99bos: 5.124 r99fer: 0.012 r99tot: 5.142
 Nb/Nf: 1.00846e+07 Eb/Ef: 1.46558e+07
mass_bos= 0.249263 mass_fer= 1.70078e-08
compactness= 0.0741178
compactness_boson= 0.0486461
E_binding= 0.216765
