mass= 0.381784numbos: 0.164744 numfer: 2.20838e-07 omega: 0.841255 r99bos: 5.028 r99fer: 0.024 r99tot: 5.052
 Nb/Nf: 745994 Eb/Ef: 973628
mass_bos= 0.250364 mass_fer= 2.57146e-07
compactness= 0.0755709
compactness_boson= 0.0497941
E_binding= 0.21704
