mass= 0.373694numbos: 0.159978 numfer: 5.50109e-07 omega: 0.85108 r99bos: 5.238 r99fer: 0.042 r99tot: 5.25
 Nb/Nf: 290811 Eb/Ef: 395761
mass_bos= 0.244155 mass_fer= 6.16926e-07
compactness= 0.0711799
compactness_boson= 0.0466123
E_binding= 0.213716
