mass= 0.369998numbos: 0.157742 numfer: 2.74148e-10 omega: 0.843195 r99bos: 4.998 r99fer: 0.006 r99tot: 5.004
 Nb/Nf: 5.7539e+08 Eb/Ef: 8.85351e+08
mass_bos= 0.245169 mass_fer= 2.76917e-10
compactness= 0.0739404
compactness_boson= 0.0490534
E_binding= 0.212256
