mass= 0.462535numbos: 0.217042 numfer: 0.00265811 omega: 0.77 r99bos: 4.182 r99fer: 0.852 r99tot: 4.29
 Nb/Nf: 81.6526 Eb/Ef: 98.9058
mass_bos= 0.296035 mass_fer= 0.0029931
compactness= 0.107817
compactness_boson= 0.0707879
E_binding= 0.242835
