mass= 0.482155numbos: 0.227178 numfer: 0.00969333 omega: 0.770643 r99bos: 4.326 r99fer: 1.254 r99tot: 4.428
 Nb/Nf: 23.4365 Eb/Ef: 27.0476
mass_bos= 0.301175 mass_fer= 0.011135
compactness= 0.108888
compactness_boson= 0.0696197
E_binding= 0.245284
