mass= 0.344531numbos: 0.142923 numfer: 2.51645e-07 omega: 0.854168 r99bos: 5.07 r99fer: 0.054 r99tot: 5.046
 Nb/Nf: 567955 Eb/Ef: 877514
mass_bos= 0.22795 mass_fer= 2.59768e-07
compactness= 0.068278
compactness_boson= 0.0449606
E_binding= 0.201607
