mass= 0.370637numbos: 0.158184 numfer: 4.20335e-07 omega: 0.852639 r99bos: 5.256 r99fer: 0.042 r99tot: 5.262
 Nb/Nf: 376327 Eb/Ef: 525712
mass_bos= 0.242264 mass_fer= 4.6083e-07
compactness= 0.0704365
compactness_boson= 0.0460928
E_binding= 0.212453
