mass= 0.351384numbos: 0.146931 numfer: 8.39122e-08 omega: 0.856338 r99bos: 5.202 r99fer: 0.036 r99tot: 5.184
 Nb/Nf: 1.75101e+06 Eb/Ef: 2.68068e+06
mass_bos= 0.23137 mass_fer= 8.63101e-08
compactness= 0.0677825
compactness_boson= 0.0444771
E_binding= 0.204454
