mass= 0.380002numbos: 0.163691 numfer: 2.46708e-07 omega: 0.846221 r99bos: 5.154 r99fer: 0.03 r99tot: 5.172
 Nb/Nf: 663502 Eb/Ef: 894761
mass_bos= 0.248385 mass_fer= 2.776e-07
compactness= 0.0734729
compactness_boson= 0.0481927
E_binding= 0.21631
