mass= 1.41013numbos: 0.0778599 numfer: 1.38474 omega: 0.573645 r99bos: 4.908 r99fer: 6.642 r99tot: 6.594
 Nb/Nf: 0.0562271 Eb/Ef: 0.0565495
mass_bos= 0.0899813 mass_fer= 1.59119
compactness= 0.213851
compactness_boson= 0.0183336
E_binding= -0.0524664
