mass= 0.378196numbos: 0.162608 numfer: 1.00975e-07 omega: 0.839519 r99bos: 4.95 r99fer: 0.012 r99tot: 4.974
 Nb/Nf: 1.61038e+06 Eb/Ef: 1.99359e+06
mass_bos= 0.249067 mass_fer= 1.24934e-07
compactness= 0.0760345
compactness_boson= 0.0503167
E_binding= 0.215588
