mass= 0.381351numbos: 0.164488 numfer: 5.5101e-10 omega: 0.840457 r99bos: 5.016 r99fer: 0.006 r99tot: 5.034
 Nb/Nf: 2.98521e+08 Eb/Ef: 4.45278e+08
mass_bos= 0.250333 mass_fer= 5.62196e-10
compactness= 0.0757551
compactness_boson= 0.049907
E_binding= 0.216863
