mass= 0.378203numbos: 0.162612 numfer: 2.43577e-07 omega: 0.839516 r99bos: 4.95 r99fer: 0.018 r99tot: 4.974
 Nb/Nf: 667602 Eb/Ef: 793655
mass_bos= 0.249071 mass_fer= 3.13828e-07
compactness= 0.0760359
compactness_boson= 0.0503175
E_binding= 0.21559
