mass= 0.37686numbos: 0.161813 numfer: 2.19861e-09 omega: 0.839632 r99bos: 4.944 r99fer: 0.006 r99tot: 4.962
 Nb/Nf: 7.35979e+07 Eb/Ef: 1.04533e+08
mass_bos= 0.248443 mass_fer= 2.3767e-09
compactness= 0.0759492
compactness_boson= 0.0502515
E_binding= 0.215046
