mass= 1.52038numbos: 0 numfer: 1.63764 omega: 0.314116 r99bos: 5.034 r99fer: 5.856 r99tot: 5.82
 Nb/Nf: 0 Eb/Ef: 0
mass_bos= 0 mass_fer= 2.03462
compactness= 0.261234
compactness_boson= 0
E_binding= -0.117262
