mass= 0.369896numbos: 0.157679 numfer: 2.19861e-09 omega: 0.843236 r99bos: 4.98 r99fer: 0.006 r99tot: 4.992
 Nb/Nf: 7.17176e+07 Eb/Ef: 1.03131e+08
mass_bos= 0.245111 mass_fer= 2.3767e-09
compactness= 0.0740977
compactness_boson= 0.0492192
E_binding= 0.212216
