mass= 0.788824numbos: 0.187844 numfer: 0.455631 omega: 0.823766 r99bos: 7.584 r99fer: 6.558 r99tot: 6.888
 Nb/Nf: 0.412272 Eb/Ef: 0.421723
mass_bos= 0.202912 mass_fer= 0.48115
compactness= 0.114521
compactness_boson= 0.0267552
E_binding= 0.145349
