mass= 0.349472numbos: 0.145955 numfer: 2.38207e-08 omega: 0.823659 r99bos: 4.368 r99fer: 0.042 r99tot: 4.38
 Nb/Nf: 6.12725e+06 Eb/Ef: 9.7605e+06
mass_bos= 0.233785 mass_fer= 2.39521e-08
compactness= 0.079788
compactness_boson= 0.0535221
E_binding= 0.203516
