mass= 0.381128numbos: 0.164357 numfer: 1.35205e-06 omega: 0.844731 r99bos: 5.124 r99fer: 0.048 r99tot: 5.142
 Nb/Nf: 121561 Eb/Ef: 149185
mass_bos= 0.24927 mass_fer= 1.67088e-06
compactness= 0.0741205
compactness_boson= 0.0486476
E_binding= 0.21677
