mass= 0.381806numbos: 0.164757 numfer: 6.73504e-07 omega: 0.841246 r99bos: 5.034 r99fer: 0.036 r99tot: 5.058
 Nb/Nf: 244627 Eb/Ef: 306765
mass_bos= 0.250377 mass_fer= 8.16185e-07
compactness= 0.0754856
compactness_boson= 0.0497371
E_binding= 0.217048
