mass= 0.380505numbos: 0.163983 numfer: 6.97143e-09 omega: 0.839926 r99bos: 4.986 r99fer: 0.006 r99tot: 5.01
 Nb/Nf: 2.35222e+07 Eb/Ef: 3.41366e+07
mass_bos= 0.250049 mass_fer= 7.32496e-09
compactness= 0.075949
compactness_boson= 0.0501502
E_binding= 0.216521
