mass= 0.378184numbos: 0.1626 numfer: 9.47573e-08 omega: 0.839524 r99bos: 4.944 r99fer: 0.012 r99tot: 4.968
 Nb/Nf: 1.71597e+06 Eb/Ef: 2.14831e+06
mass_bos= 0.249061 mass_fer= 1.15933e-07
compactness= 0.076124
compactness_boson= 0.0503764
E_binding= 0.215583
