mass= 0.373854numbos: 0.160025 numfer: 5.20142e-08 omega: 0.840583 r99bos: 4.932 r99fer: 0.006 r99tot: 4.956
 Nb/Nf: 3.07656e+06 Eb/Ef: 3.362e+06
mass_bos= 0.246968 mass_fer= 7.34585e-08
compactness= 0.0754346
compactness_boson= 0.0500745
E_binding= 0.213829
