mass= 0.451666numbos: 0.203541 numfer: 0.0188901 omega: 0.771545 r99bos: 4.158 r99fer: 1.47 r99tot: 4.236
 Nb/Nf: 10.775 Eb/Ef: 12.401
mass_bos= 0.280464 mass_fer= 0.0226163
compactness= 0.106626
compactness_boson= 0.0674516
E_binding= 0.229235
