mass= 0.370744numbos: 0.158247 numfer: 1.45322e-05 omega: 0.852589 r99bos: 5.268 r99fer: 0.114 r99tot: 5.274
 Nb/Nf: 10889.4 Eb/Ef: 12840.4
mass_bos= 0.242316 mass_fer= 1.88714e-05
compactness= 0.0702965
compactness_boson= 0.0459977
E_binding= 0.212482
