mass= 0.55364numbos: 0.270153 numfer: 0.0171252 omega: 0.785365 r99bos: 5.058 r99fer: 1.734 r99tot: 5.16
 Nb/Nf: 15.7752 Eb/Ef: 17.4083
mass_bos= 0.327768 mass_fer= 0.0188283
compactness= 0.107294
compactness_boson= 0.0648019
E_binding= 0.266361
