mass= 0.538672numbos: 0.266391 numfer: 0.00274285 omega: 0.776548 r99bos: 4.77 r99fer: 1.044 r99tot: 4.896
 Nb/Nf: 97.122 Eb/Ef: 112.73
mass_bos= 0.331106 mass_fer= 0.00293715
compactness= 0.110023
compactness_boson= 0.0694143
E_binding= 0.269539
