mass= 0.418273numbos: 0.184922 numfer: 0.0120389 omega: 0.779191 r99bos: 4.068 r99fer: 1.206 r99tot: 4.134
 Nb/Nf: 15.3604 Eb/Ef: 18.0572
mass_bos= 0.266735 mass_fer= 0.0147717
compactness= 0.101179
compactness_boson= 0.0655692
E_binding= 0.221311
