mass= 0.381101numbos: 0.16434 numfer: 2.95427e-07 omega: 0.844743 r99bos: 5.118 r99fer: 0.03 r99tot: 5.142
 Nb/Nf: 556281 Eb/Ef: 742607
mass_bos= 0.249256 mass_fer= 3.35649e-07
compactness= 0.0741153
compactness_boson= 0.0487018
E_binding= 0.21676
