mass= 0.598139numbos: 0.300198 numfer: 0.012271 omega: 0.809628 r99bos: 5.928 r99fer: 1.836 r99tot: 6.042
 Nb/Nf: 24.464 Eb/Ef: 26.537
mass_bos= 0.344933 mass_fer= 0.0129982
compactness= 0.0989968
compactness_boson= 0.0581871
E_binding= 0.28567
