mass= 0.367018numbos: 0.155968 numfer: 1.64923e-08 omega: 0.844949 r99bos: 4.962 r99fer: 0.006 r99tot: 4.98
 Nb/Nf: 9.457e+06 Eb/Ef: 9.19491e+06
mass_bos= 0.243785 mass_fer= 2.6513e-08
compactness= 0.0736984
compactness_boson= 0.0491304
E_binding= 0.21105
