mass= 0.381138numbos: 0.164363 numfer: 2.51764e-06 omega: 0.844725 r99bos: 5.124 r99fer: 0.054 r99tot: 5.142
 Nb/Nf: 65284.5 Eb/Ef: 75357.8
mass_bos= 0.249275 mass_fer= 3.30789e-06
compactness= 0.0741225
compactness_boson= 0.0486486
E_binding= 0.216772
