mass= 0.366521numbos: 0.15568 numfer: 6.8727e-09 omega: 0.8453 r99bos: 5.004 r99fer: 0.006 r99tot: 5.01
 Nb/Nf: 2.2652e+07 Eb/Ef: 2.82813e+07
mass_bos= 0.243583 mass_fer= 8.61287e-09
compactness= 0.0731578
compactness_boson= 0.0486776
E_binding= 0.21084
