mass= 0.470262numbos: 0.219985 numfer: 0.00836146 omega: 0.770652 r99bos: 4.254 r99fer: 1.176 r99tot: 4.35
 Nb/Nf: 26.3094 Eb/Ef: 30.6338
mass_bos= 0.296188 mass_fer= 0.00966867
compactness= 0.108106
compactness_boson= 0.0696257
E_binding= 0.241916
