mass= 1.3301numbos: 0.0967821 numfer: 1.25378 omega: 0.55869 r99bos: 4.506 r99fer: 6.312 r99tot: 6.252
 Nb/Nf: 0.077192 Eb/Ef: 0.0785755
mass_bos= 0.114681 mass_fer= 1.4595
compactness= 0.212748
compactness_boson= 0.0254507
E_binding= -0.0204683
