mass= 0.37375numbos: 0.160011 numfer: 5.84819e-06 omega: 0.851053 r99bos: 5.244 r99fer: 0.084 r99tot: 5.256
 Nb/Nf: 27360.8 Eb/Ef: 33266.1
mass_bos= 0.244184 mass_fer= 7.34034e-06
compactness= 0.0711093
compactness_boson= 0.0465645
E_binding= 0.213733
