mass= 0.363372numbos: 0.153931 numfer: 9.41641e-07 omega: 0.855222 r99bos: 5.274 r99fer: 0.06 r99tot: 5.268
 Nb/Nf: 163471 Eb/Ef: 230750
mass_bos= 0.237971 mass_fer= 1.03129e-06
compactness= 0.0689773
compactness_boson= 0.0451215
E_binding= 0.20944
