mass= 0.606205numbos: 0.309734 numfer: 0.00122414 omega: 0.808568 r99bos: 5.94 r99fer: 1.098 r99tot: 6.066
 Nb/Nf: 253.021 Eb/Ef: 282.457
mass_bos= 0.355177 mass_fer= 0.00125745
compactness= 0.0999349
compactness_boson= 0.0597941
E_binding= 0.295247
