mass= 0.416073numbos: 0.187467 numfer: 0.0011873 omega: 0.779439 r99bos: 4.032 r99fer: 0.624 r99tot: 4.116
 Nb/Nf: 157.894 Eb/Ef: 200.659
mass_bos= 0.272494 mass_fer= 0.00135799
compactness= 0.101087
compactness_boson= 0.0675828
E_binding= 0.227419
