mass= 0.345252numbos: 0.143324 numfer: 0.000442161 omega: 0.830349 r99bos: 4.482 r99fer: 0.378 r99tot: 4.482
 Nb/Nf: 324.144 Eb/Ef: 418.463
mass_bos= 0.230552 mass_fer= 0.00055095
compactness= 0.0770309
compactness_boson= 0.0514395
E_binding= 0.201486
