mass= 0.379419numbos: 0.163336 numfer: 7.88107e-08 omega: 0.83962 r99bos: 4.962 r99fer: 0.012 r99tot: 4.986
 Nb/Nf: 2.07251e+06 Eb/Ef: 2.5941e+06
mass_bos= 0.249608 mass_fer= 9.62216e-08
compactness= 0.0760969
compactness_boson= 0.050304
E_binding= 0.216083
