mass= 0.376301numbos: 0.16151 numfer: 3.31371e-07 omega: 0.849443 r99bos: 5.214 r99fer: 0.036 r99tot: 5.226
 Nb/Nf: 487401 Eb/Ef: 667789
mass_bos= 0.245828 mass_fer= 3.68122e-07
compactness= 0.0720056
compactness_boson= 0.0471476
E_binding= 0.214791
