mass= 0.580179numbos: 0.290168 numfer: 0.009522 omega: 0.796103 r99bos: 5.46 r99fer: 1.602 r99tot: 5.574
 Nb/Nf: 30.4734 Eb/Ef: 33.5917
mass_bos= 0.341827 mass_fer= 0.010176
compactness= 0.104087
compactness_boson= 0.0626057
E_binding= 0.28049
