mass= 0.365397numbos: 0.155009 numfer: 1.78658e-08 omega: 0.845957 r99bos: 4.95 r99fer: 0.006 r99tot: 4.974
 Nb/Nf: 8.67633e+06 Eb/Ef: 8.20344e+06
mass_bos= 0.243027 mass_fer= 2.9625e-08
compactness= 0.0734615
compactness_boson= 0.0490964
E_binding= 0.210388
