mass= 0.380011numbos: 0.163697 numfer: 1.49829e-06 omega: 0.846216 r99bos: 5.154 r99fer: 0.048 r99tot: 5.172
 Nb/Nf: 109256 Eb/Ef: 133542
mass_bos= 0.24839 mass_fer= 1.86001e-06
compactness= 0.0734747
compactness_boson= 0.0481936
E_binding= 0.216313
