mass= 0.452639numbos: 0.21135 numfer: 0.000195678 omega: 0.769963 r99bos: 4.104 r99fer: 0.462 r99tot: 4.212
 Nb/Nf: 1080.09 Eb/Ef: 1413.36
mass_bos= 0.292713 mass_fer= 0.000207105
compactness= 0.107464
compactness_boson= 0.0713239
E_binding= 0.241093
