mass= 0.366521numbos: 0.155681 numfer: 8.5203e-09 omega: 0.8453 r99bos: 5.004 r99fer: 0.006 r99tot: 5.01
 Nb/Nf: 1.82717e+07 Eb/Ef: 2.17586e+07
mass_bos= 0.243583 mass_fer= 1.11948e-08
compactness= 0.073158
compactness_boson= 0.0486777
E_binding= 0.210841
