mass= 1.42663numbos: 0.0310949 numfer: 1.46896 omega: 0.448761 r99bos: 3.816 r99fer: 5.7 r99tot: 5.652
 Nb/Nf: 0.021168 Eb/Ef: 0.020986
mass_bos= 0.0385089 mass_fer= 1.83498
compactness= 0.252412
compactness_boson= 0.0100914
E_binding= -0.0734183
