mass= 0.376946numbos: 0.161867 numfer: 1.4942e-06 omega: 0.839596 r99bos: 4.956 r99fer: 0.054 r99tot: 4.974
 Nb/Nf: 108330 Eb/Ef: 142652
mass_bos= 0.248492 mass_fer= 1.74194e-06
compactness= 0.0757833
compactness_boson= 0.0501396
E_binding= 0.215078
