mass= 0.38177numbos: 0.164735 numfer: 1.4058e-07 omega: 0.841261 r99bos: 5.028 r99fer: 0.018 r99tot: 5.052
 Nb/Nf: 1.17182e+06 Eb/Ef: 1.49964e+06
mass_bos= 0.250356 mass_fer= 1.66945e-07
compactness= 0.075568
compactness_boson= 0.0497924
E_binding= 0.217035
