mass= 0.355295numbos: 0.149213 numfer: 3.35869e-07 omega: 0.856476 r99bos: 5.238 r99fer: 0.048 r99tot: 5.226
 Nb/Nf: 444259 Eb/Ef: 658484
mass_bos= 0.233456 mass_fer= 3.54535e-07
compactness= 0.0679861
compactness_boson= 0.0445696
E_binding= 0.206082
