mass= 0.40892numbos: 0.180232 numfer: 0.00881664 omega: 0.782722 r99bos: 4.062 r99fer: 1.074 r99tot: 4.122
 Nb/Nf: 20.4423 Eb/Ef: 24.2613
mass_bos= 0.263526 mass_fer= 0.010862
compactness= 0.0992043
compactness_boson= 0.064876
E_binding= 0.219871
