mass= 0.364495numbos: 0.154501 numfer: 9.34546e-09 omega: 0.847087 r99bos: 5.028 r99fer: 0.006 r99tot: 5.034
 Nb/Nf: 1.65322e+07 Eb/Ef: 1.93168e+07
mass_bos= 0.242679 mass_fer= 1.25631e-08
compactness= 0.0724067
compactness_boson= 0.0482655
E_binding= 0.209994
