mass= 0.340075numbos: 0.140293 numfer: 9.41062e-05 omega: 0.84524 r99bos: 4.788 r99fer: 0.234 r99tot: 4.77
 Nb/Nf: 1490.8 Eb/Ef: 1990.07
mass_bos= 0.226481 mass_fer= 0.000113806
compactness= 0.0712946
compactness_boson= 0.0473018
E_binding= 0.199688
