mass= 0.371023numbos: 0.158347 numfer: 4.12308e-09 omega: 0.84239 r99bos: 4.962 r99fer: 0.006 r99tot: 4.98
 Nb/Nf: 3.8405e+07 Eb/Ef: 5.17147e+07
mass_bos= 0.245612 mass_fer= 4.74937e-09
compactness= 0.0745027
compactness_boson= 0.0494986
E_binding= 0.212677
