mass= 0.367754numbos: 0.156971 numfer: 0.000984469 omega: 0.80581 r99bos: 4.158 r99fer: 0.516 r99tot: 4.194
 Nb/Nf: 159.447 Eb/Ef: 204.671
mass_bos= 0.244642 mass_fer= 0.00119529
compactness= 0.0876858
compactness_boson= 0.0588365
E_binding= 0.209799
