mass= 0.354626numbos: 0.149037 numfer: 0.000323801 omega: 0.81778 r99bos: 4.278 r99fer: 0.366 r99tot: 4.302
 Nb/Nf: 460.272 Eb/Ef: 615.811
mass_bos= 0.23691 mass_fer= 0.000384711
compactness= 0.0824328
compactness_boson= 0.0553786
E_binding= 0.205266
