mass= 0.375338numbos: 0.160906 numfer: 1.80756e-07 omega: 0.840008 r99bos: 4.926 r99fer: 0.012 r99tot: 4.95
 Nb/Nf: 890188 Eb/Ef: 982398
mass_bos= 0.247699 mass_fer= 2.52137e-07
compactness= 0.0758258
compactness_boson= 0.050284
E_binding= 0.214431
