mass= 0.538252numbos: 0.255956 numfer: 0.026964 omega: 0.78006 r99bos: 4.86 r99fer: 1.908 r99tot: 4.944
 Nb/Nf: 9.49251 Eb/Ef: 10.4542
mass_bos= 0.316087 mass_fer= 0.0302355
compactness= 0.10887
compactness_boson= 0.0650386
E_binding= 0.255332
