mass= 0.504123numbos: 0.238609 numfer: 0.016463 omega: 0.772598 r99bos: 4.5 r99fer: 1.53 r99tot: 4.602
 Nb/Nf: 14.4937 Eb/Ef: 16.3577
mass_bos= 0.307393 mass_fer= 0.0187919
compactness= 0.109544
compactness_boson= 0.0683095
E_binding= 0.24905
