mass= 0.38049numbos: 0.163974 numfer: 5.61146e-07 omega: 0.839931 r99bos: 4.986 r99fer: 0.03 r99tot: 5.01
 Nb/Nf: 292213 Eb/Ef: 358074
mass_bos= 0.250041 mass_fer= 6.98294e-07
compactness= 0.0759461
compactness_boson= 0.0501485
E_binding= 0.216515
