mass= 0.656098numbos: 0.198921 numfer: 0.277023 omega: 0.711759 r99bos: 4.218 r99fer: 4.374 r99tot: 4.362
 Nb/Nf: 0.718068 Eb/Ef: 0.796669
mass_bos= 0.252597 mass_fer= 0.317066
compactness= 0.150412
compactness_boson= 0.0598854
E_binding= 0.180154
