mass= 0.364512numbos: 0.154511 numfer: 1.07189e-08 omega: 0.84708 r99bos: 5.028 r99fer: 0.006 r99tot: 5.04
 Nb/Nf: 1.44148e+07 Eb/Ef: 1.62314e+07
mass_bos= 0.242688 mass_fer= 1.49518e-08
compactness= 0.0723238
compactness_boson= 0.0482673
E_binding= 0.210001
