mass= 0.375361numbos: 0.160921 numfer: 4.17144e-08 omega: 0.839999 r99bos: 4.932 r99fer: 0.006 r99tot: 4.956
 Nb/Nf: 3.85768e+06 Eb/Ef: 4.51565e+06
mass_bos= 0.247712 mass_fer= 5.48563e-08
compactness= 0.0757387
compactness_boson= 0.0502254
E_binding= 0.21444
