mass= 0.380458numbos: 0.163954 numfer: 6.51101e-08 omega: 0.839945 r99bos: 4.98 r99fer: 0.012 r99tot: 5.004
 Nb/Nf: 2.5181e+06 Eb/Ef: 3.24434e+06
mass_bos= 0.250023 mass_fer= 7.70643e-08
compactness= 0.0760307
compactness_boson= 0.0502053
E_binding= 0.216503
