mass= 0.381344numbos: 0.164483 numfer: 3.67961e-09 omega: 0.840459 r99bos: 5.016 r99fer: 0.006 r99tot: 5.034
 Nb/Nf: 4.47014e+07 Eb/Ef: 6.61931e+07
mass_bos= 0.250329 mass_fer= 3.7818e-09
compactness= 0.0757536
compactness_boson= 0.0499061
E_binding= 0.21686
