mass= 0.378424numbos: 0.162761 numfer: 2.22423e-06 omega: 0.847794 r99bos: 5.19 r99fer: 0.06 r99tot: 5.202
 Nb/Nf: 73176.3 Eb/Ef: 90615.4
mass_bos= 0.247251 mass_fer= 2.72858e-06
compactness= 0.0727459
compactness_boson= 0.0476399
E_binding= 0.215661
