mass= 0.379437numbos: 0.163347 numfer: 3.60491e-07 omega: 0.839612 r99bos: 4.962 r99fer: 0.024 r99tot: 4.986
 Nb/Nf: 453123 Eb/Ef: 563638
mass_bos= 0.249618 mass_fer= 4.42869e-07
compactness= 0.0761004
compactness_boson= 0.0503059
E_binding= 0.21609
