mass= 1.15356numbos: 0.130164 numfer: 0.983718 omega: 0.711674 r99bos: 6.192 r99fer: 7.206 r99tot: 7.152
 Nb/Nf: 0.132319 Eb/Ef: 0.134663
mass_bos= 0.144092 mass_fer= 1.07002
compactness= 0.161292
compactness_boson= 0.0232707
E_binding= 0.0396775
