mass= 0.380005numbos: 0.163693 numfer: 1.11116e-07 omega: 0.84622 r99bos: 5.154 r99fer: 0.024 r99tot: 5.172
 Nb/Nf: 1.47318e+06 Eb/Ef: 2.04641e+06
mass_bos= 0.248387 mass_fer= 1.21377e-07
compactness= 0.0734736
compactness_boson= 0.0481931
E_binding= 0.216312
