mass= 0.351554numbos: 0.147033 numfer: 1.94158e-09 omega: 0.856272 r99bos: 5.232 r99fer: 0.012 r99tot: 5.208
 Nb/Nf: 7.57284e+07 Eb/Ef: 1.18484e+08
mass_bos= 0.231464 mass_fer= 1.95354e-09
compactness= 0.0675027
compactness_boson= 0.0442401
E_binding= 0.204521
