mass= 0.38126numbos: 0.164432 numfer: 4.51251e-08 omega: 0.840492 r99bos: 5.004 r99fer: 0.012 r99tot: 5.028
 Nb/Nf: 3.64392e+06 Eb/Ef: 4.97786e+06
mass_bos= 0.250282 mass_fer= 5.02791e-08
compactness= 0.0758274
compactness_boson= 0.0500165
E_binding= 0.216828
