mass= 0.3754numbos: 0.160945 numfer: 2.74962e-09 omega: 0.839983 r99bos: 4.938 r99fer: 0.006 r99tot: 4.962
 Nb/Nf: 5.85335e+07 Eb/Ef: 8.181e+07
mass_bos= 0.247734 mass_fer= 3.02816e-09
compactness= 0.075655
compactness_boson= 0.0501689
E_binding= 0.214455
