mass= 0.379408numbos: 0.163329 numfer: 1.03028e-07 omega: 0.839624 r99bos: 4.962 r99fer: 0.012 r99tot: 4.986
 Nb/Nf: 1.58529e+06 Eb/Ef: 1.9004e+06
mass_bos= 0.249602 mass_fer= 1.31342e-07
compactness= 0.0760947
compactness_boson= 0.0503027
E_binding= 0.216079
