mass= 0.381269numbos: 0.164437 numfer: 3.83678e-08 omega: 0.840489 r99bos: 5.004 r99fer: 0.012 r99tot: 5.028
 Nb/Nf: 4.28581e+06 Eb/Ef: 5.93906e+06
mass_bos= 0.250287 mass_fer= 4.21425e-08
compactness= 0.0758291
compactness_boson= 0.0500174
E_binding= 0.216832
