mass= 0.767605numbos: 0.178087 numfer: 0.442188 omega: 0.661865 r99bos: 3.93 r99fer: 5.076 r99tot: 4.962
 Nb/Nf: 0.402739 Eb/Ef: 0.451994
mass_bos= 0.230393 mass_fer= 0.509727
compactness= 0.154697
compactness_boson= 0.0586243
E_binding= 0.14733
