mass= 0.365417numbos: 0.155021 numfer: 1.75916e-08 omega: 0.845948 r99bos: 4.956 r99fer: 0.006 r99tot: 4.974
 Nb/Nf: 8.81223e+06 Eb/Ef: 8.38272e+06
mass_bos= 0.243038 mass_fer= 2.89927e-08
compactness= 0.0734654
compactness_boson= 0.0490392
E_binding= 0.210396
