mass= 0.340614numbos: 0.140609 numfer: 0.000114279 omega: 0.840768 r99bos: 4.68 r99fer: 0.252 r99tot: 4.668
 Nb/Nf: 1230.4 Eb/Ef: 1654.25
mass_bos= 0.227227 mass_fer= 0.000137359
compactness= 0.0729678
compactness_boson= 0.0485528
E_binding= 0.199891
