mass= 0.381815numbos: 0.164763 numfer: 1.06957e-06 omega: 0.841242 r99bos: 5.034 r99fer: 0.042 r99tot: 5.058
 Nb/Nf: 154046 Eb/Ef: 186051
mass_bos= 0.250382 mass_fer= 1.34577e-06
compactness= 0.0754874
compactness_boson= 0.0497381
E_binding= 0.217051
