mass= 0.340615numbos: 0.140627 numfer: 1.10133e-08 omega: 0.840621 r99bos: 4.692 r99fer: 0.03 r99tot: 4.674
 Nb/Nf: 1.27689e+07 Eb/Ef: 2.05278e+07
mass_bos= 0.227318 mass_fer= 1.10737e-08
compactness= 0.0728744
compactness_boson= 0.0484479
E_binding= 0.199988
