mass= 0.407153numbos: 0.178073 numfer: 0.0113852 omega: 0.783042 r99bos: 4.062 r99fer: 1.17 r99tot: 4.116
 Nb/Nf: 15.6408 Eb/Ef: 18.4781
mass_bos= 0.260957 mass_fer= 0.0141225
compactness= 0.0989196
compactness_boson= 0.0642436
E_binding= 0.217695
