mass= 0.56573numbos: 0.28469 numfer: 5.93711e-06 omega: 0.78356 r99bos: 5.076 r99fer: 0.312 r99tot: 5.208
 Nb/Nf: 47951 Eb/Ef: 57572.8
mass_bos= 0.343758 mass_fer= 5.97084e-06
compactness= 0.108627
compactness_boson= 0.0677223
E_binding= 0.281034
