mass= 0.376302numbos: 0.16151 numfer: 7.83466e-07 omega: 0.849442 r99bos: 5.214 r99fer: 0.048 r99tot: 5.226
 Nb/Nf: 206149 Eb/Ef: 275945
mass_bos= 0.245828 mass_fer= 8.90857e-07
compactness= 0.0720057
compactness_boson= 0.0471476
E_binding= 0.21479
