mass= 1.47392numbos: 0 numfer: 1.57246 omega: 0.286958 r99bos: 5.01 r99fer: 5.604 r99tot: 5.568
 Nb/Nf: 0 Eb/Ef: 0
mass_bos= 0 mass_fer= 1.99751
compactness= 0.264712
compactness_boson= 0
E_binding= -0.0985471
