mass= 0.543324numbos: 0.229728 numfer: 0.0868225 omega: 0.765105 r99bos: 4.602 r99fer: 2.796 r99tot: 4.602
 Nb/Nf: 2.64595 Eb/Ef: 2.90134
mass_bos= 0.288284 mass_fer= 0.0993626
compactness= 0.118063
compactness_boson= 0.0626433
E_binding= 0.226773
