mass= 0.453751numbos: 0.206857 numfer: 0.014332 omega: 0.771861 r99bos: 4.176 r99fer: 1.344 r99tot: 4.26
 Nb/Nf: 14.4332 Eb/Ef: 16.679
mass_bos= 0.284212 mass_fer= 0.0170401
compactness= 0.106514
compactness_boson= 0.0680585
E_binding= 0.232562
