mass= 0.452755numbos: 0.211457 numfer: 6.21431e-05 omega: 0.769844 r99bos: 4.098 r99fer: 0.36 r99tot: 4.212
 Nb/Nf: 3402.75 Eb/Ef: 4538.8
mass_bos= 0.292871 mass_fer= 6.4526e-05
compactness= 0.107492
compactness_boson= 0.0714667
E_binding= 0.241235
