mass= 0.376302numbos: 0.16151 numfer: 1.72887e-07 omega: 0.849443 r99bos: 5.214 r99fer: 0.03 r99tot: 5.226
 Nb/Nf: 934195 Eb/Ef: 1.30762e+06
mass_bos= 0.245828 mass_fer= 1.87996e-07
compactness= 0.0720057
compactness_boson= 0.0471477
E_binding= 0.214791
