mass= 0.342205numbos: 0.141554 numfer: 5.41716e-05 omega: 0.851957 r99bos: 4.992 r99fer: 0.192 r99tot: 4.968
 Nb/Nf: 2613.06 Eb/Ef: 3452.76
mass_bos= 0.226917 mass_fer= 6.57206e-05
compactness= 0.0688818
compactness_boson= 0.0454562
E_binding= 0.200597
