mass= 0.375336numbos: 0.160905 numfer: 3.52046e-08 omega: 0.840009 r99bos: 4.926 r99fer: 0.006 r99tot: 4.95
 Nb/Nf: 4.57058e+06 Eb/Ef: 5.73421e+06
mass_bos= 0.247698 mass_fer= 4.31965e-08
compactness= 0.0758254
compactness_boson= 0.0502837
E_binding= 0.21443
