mass= 0.617855numbos: 0.235018 numfer: 0.168 omega: 0.768299 r99bos: 5.064 r99fer: 3.78 r99tot: 4.956
 Nb/Nf: 1.39892 Eb/Ef: 1.49808
mass_bos= 0.280646 mass_fer= 0.187337
compactness= 0.124668
compactness_boson= 0.0554198
E_binding= 0.214837
