mass= 0.36885numbos: 0.157057 numfer: 8.5203e-09 omega: 0.8439 r99bos: 4.974 r99fer: 0.006 r99tot: 4.992
 Nb/Nf: 1.84333e+07 Eb/Ef: 2.18527e+07
mass_bos= 0.244637 mass_fer= 1.11948e-08
compactness= 0.0738882
compactness_boson= 0.0491831
E_binding= 0.211792
