mass= 0.381263numbos: 0.164433 numfer: 1.35693e-07 omega: 0.840491 r99bos: 5.004 r99fer: 0.018 r99tot: 5.028
 Nb/Nf: 1.2118e+06 Eb/Ef: 1.5817e+06
mass_bos= 0.250284 mass_fer= 1.58237e-07
compactness= 0.0758279
compactness_boson= 0.0500167
E_binding= 0.216829
