mass= 0.368603numbos: 0.156905 numfer: 1.81426e-08 omega: 0.844003 r99bos: 4.944 r99fer: 0.006 r99tot: 4.968
 Nb/Nf: 8.64844e+06 Eb/Ef: 8.07747e+06
mass_bos= 0.244498 mass_fer= 3.02692e-08
compactness= 0.0741955
compactness_boson= 0.0494535
E_binding= 0.211698
