mass= 0.34799numbos: 0.144937 numfer: 9.62395e-05 omega: 0.855567 r99bos: 5.16 r99fer: 0.21 r99tot: 5.136
 Nb/Nf: 1506.01 Eb/Ef: 1831.55
mass_bos= 0.229571 mass_fer= 0.000125342
compactness= 0.0677551
compactness_boson= 0.0444905
E_binding= 0.202957
