mass= 0.365752numbos: 0.155227 numfer: 1.04448e-08 omega: 0.845807 r99bos: 5.004 r99fer: 0.006 r99tot: 5.01
 Nb/Nf: 1.48617e+07 Eb/Ef: 1.68161e+07
mass_bos= 0.243226 mass_fer= 1.44639e-08
compactness= 0.0730044
compactness_boson= 0.0486064
E_binding= 0.210525
