mass= 0.381305numbos: 0.16446 numfer: 6.12035e-09 omega: 0.840475 r99bos: 5.01 r99fer: 0.006 r99tot: 5.034
 Nb/Nf: 2.68709e+07 Eb/Ef: 3.91486e+07
mass_bos= 0.250308 mass_fer= 6.39378e-09
compactness= 0.075746
compactness_boson= 0.0499616
E_binding= 0.216846
