mass= 0.36576numbos: 0.155232 numfer: 1.01706e-08 omega: 0.845804 r99bos: 5.004 r99fer: 0.006 r99tot: 5.016
 Nb/Nf: 1.52628e+07 Eb/Ef: 1.73966e+07
mass_bos= 0.243231 mass_fer= 1.39815e-08
compactness= 0.0729187
compactness_boson= 0.0486073
E_binding= 0.210528
