mass= 0.445775numbos: 0.204492 numfer: 0.00738564 omega: 0.773045 r99bos: 4.134 r99fer: 1.086 r99tot: 4.23
 Nb/Nf: 27.6878 Eb/Ef: 32.6506
mass_bos= 0.284344 mass_fer= 0.00870869
compactness= 0.105384
compactness_boson= 0.0687817
E_binding= 0.233898
