mass= 0.36967numbos: 0.15754 numfer: 1.56671e-08 omega: 0.843329 r99bos: 4.95 r99fer: 0.006 r99tot: 4.968
 Nb/Nf: 1.00555e+07 Eb/Ef: 9.9143e+06
mass_bos= 0.244985 mass_fer= 2.47102e-08
compactness= 0.0744102
compactness_boson= 0.0494919
E_binding= 0.21213
