mass= 0.365152numbos: 0.15488 numfer: 6.32169e-09 omega: 0.846336 r99bos: 5.022 r99fer: 0.006 r99tot: 5.028
 Nb/Nf: 2.44997e+07 Eb/Ef: 3.11733e+07
mass_bos= 0.242965 mass_fer= 7.79401e-09
compactness= 0.0726237
compactness_boson= 0.0483801
E_binding= 0.210272
