mass= 0.364124numbos: 0.154304 numfer: 1.51189e-08 omega: 0.848332 r99bos: 5.046 r99fer: 0.006 r99tot: 5.058
 Nb/Nf: 1.02061e+07 Eb/Ef: 1.03055e+07
mass_bos= 0.242591 mass_fer= 2.35401e-08
compactness= 0.0719898
compactness_boson= 0.0480759
E_binding= 0.209821
