mass= 0.375625numbos: 0.16178 numfer: 0.00133395 omega: 0.800004 r99bos: 4.11 r99fer: 0.576 r99tot: 4.158
 Nb/Nf: 121.279 Eb/Ef: 154.044
mass_bos= 0.249159 mass_fer= 0.00161746
compactness= 0.090338
compactness_boson= 0.0606227
E_binding= 0.212511
