mass= 0.376757numbos: 0.162796 numfer: 1.60344e-05 omega: 0.79849 r99bos: 4.068 r99fer: 0.21 r99tot: 4.122
 Nb/Nf: 10153 Eb/Ef: 14913.7
mass_bos= 0.250792 mass_fer= 1.68162e-05
compactness= 0.0914014
compactness_boson= 0.0616499
E_binding= 0.213944
