mass= 0.364757numbos: 0.154637 numfer: 2.00644e-08 omega: 0.8465 r99bos: 4.968 r99fer: 0.006 r99tot: 4.986
 Nb/Nf: 7.70706e+06 Eb/Ef: 6.9562e+06
mass_bos= 0.242743 mass_fer= 3.4896e-08
compactness= 0.0731562
compactness_boson= 0.0488614
E_binding= 0.21012
