mass= 0.367182numbos: 0.15616 numfer: 3.16573e-07 omega: 0.854044 r99bos: 5.274 r99fer: 0.042 r99tot: 5.274
 Nb/Nf: 493283 Eb/Ef: 705546
mass_bos= 0.240191 mass_fer= 3.40433e-07
compactness= 0.0696211
compactness_boson= 0.0455425
E_binding= 0.211021
