mass= 0.36427numbos: 0.154393 numfer: 1.01706e-08 omega: 0.848272 r99bos: 5.064 r99fer: 0.006 r99tot: 5.07
 Nb/Nf: 1.51803e+07 Eb/Ef: 1.73566e+07
mass_bos= 0.242672 mass_fer= 1.39815e-08
compactness= 0.071848
compactness_boson= 0.047921
E_binding= 0.209877
