mass= 0.381775numbos: 0.16474 numfer: 1.3496e-06 omega: 0.843388 r99bos: 5.094 r99fer: 0.048 r99tot: 5.112
 Nb/Nf: 122066 Eb/Ef: 150130
mass_bos= 0.249886 mass_fer= 1.66446e-06
compactness= 0.0746822
compactness_boson= 0.0490549
E_binding= 0.217034
