mass= 0.465077numbos: 0.219434 numfer: 0.000203508 omega: 0.768555 r99bos: 4.158 r99fer: 0.48 r99tot: 4.278
 Nb/Nf: 1078.26 Eb/Ef: 1394.81
mass_bos= 0.299038 mass_fer= 0.000214393
compactness= 0.108714
compactness_boson= 0.0719187
E_binding= 0.245439
