mass= 0.35944numbos: 0.151633 numfer: 1.43147e-05 omega: 0.856033 r99bos: 5.268 r99fer: 0.12 r99tot: 5.256
 Nb/Nf: 10592.9 Eb/Ef: 13403.2
mass_bos= 0.235732 mass_fer= 1.75877e-05
compactness= 0.0683866
compactness_boson= 0.044748
E_binding= 0.207792
