mass= 0.376299numbos: 0.161509 numfer: 3.92889e-07 omega: 0.849443 r99bos: 5.214 r99fer: 0.042 r99tot: 5.226
 Nb/Nf: 411080 Eb/Ef: 574096
mass_bos= 0.245827 mass_fer= 4.28197e-07
compactness= 0.0720052
compactness_boson= 0.0471474
E_binding= 0.21479
