mass= 0.370959numbos: 0.158307 numfer: 7.972e-09 omega: 0.842417 r99bos: 4.95 r99fer: 0.006 r99tot: 4.968
 Nb/Nf: 1.98579e+07 Eb/Ef: 2.38114e+07
mass_bos= 0.245576 mass_fer= 1.03134e-08
compactness= 0.0746697
compactness_boson= 0.0496113
E_binding= 0.212652
