mass= 0.424505numbos: 0.180808 numfer: 0.0300763 omega: 0.773463 r99bos: 4.02 r99fer: 1.704 r99tot: 4.056
 Nb/Nf: 6.01164 Eb/Ef: 7.01588
mass_bos= 0.259736 mass_fer= 0.0370211
compactness= 0.104661
compactness_boson= 0.0646109
E_binding= 0.21362
