mass= 0.379424numbos: 0.163339 numfer: 5.98864e-08 omega: 0.839618 r99bos: 4.962 r99fer: 0.012 r99tot: 4.986
 Nb/Nf: 2.72748e+06 Eb/Ef: 3.63436e+06
mass_bos= 0.249611 mass_fer= 6.86807e-08
compactness= 0.0760978
compactness_boson= 0.0503044
E_binding= 0.216085
