mass= 0.514563numbos: 0.24273 numfer: 0.0224745 omega: 0.77415 r99bos: 4.596 r99fer: 1.716 r99tot: 4.686
 Nb/Nf: 10.8002 Eb/Ef: 12.0576
mass_bos= 0.308593 mass_fer= 0.0255934
compactness= 0.109809
compactness_boson= 0.0671439
E_binding= 0.249359
