mass= 0.378456numbos: 0.16278 numfer: 5.00777e-06 omega: 0.847779 r99bos: 5.19 r99fer: 0.078 r99tot: 5.208
 Nb/Nf: 32505.5 Eb/Ef: 38513.8
mass_bos= 0.247268 mass_fer= 6.42025e-06
compactness= 0.0726682
compactness_boson= 0.0476431
E_binding= 0.215671
