mass= 0.381957numbos: 0.164847 numfer: 2.24313e-07 omega: 0.842232 r99bos: 5.058 r99fer: 0.024 r99tot: 5.082
 Nb/Nf: 734899 Eb/Ef: 946184
mass_bos= 0.250232 mass_fer= 2.64464e-07
compactness= 0.0751589
compactness_boson= 0.0494725
E_binding= 0.21711
