mass= 0.428544numbos: 0.195745 numfer: 0.000204313 omega: 0.774991 r99bos: 4.026 r99fer: 0.432 r99tot: 4.128
 Nb/Nf: 958.065 Eb/Ef: 1276.96
mass_bos= 0.279999 mass_fer= 0.00021927
compactness= 0.103814
compactness_boson= 0.0695477
E_binding= 0.232594
