mass= 1.25598numbos: 0.113429 numfer: 1.13576 omega: 0.670787 r99bos: 5.796 r99fer: 7.128 r99tot: 7.074
 Nb/Nf: 0.0998708 Eb/Ef: 0.101327
mass_bos= 0.126884 mass_fer= 1.25222
compactness= 0.177549
compactness_boson= 0.0218916
E_binding= 0.00679441
