mass= 0.373738numbos: 0.160004 numfer: 8.72325e-09 omega: 0.851064 r99bos: 5.244 r99fer: 0.012 r99tot: 5.256
 Nb/Nf: 1.83422e+07 Eb/Ef: 2.72937e+07
mass_bos= 0.24418 mass_fer= 8.94638e-09
compactness= 0.0711069
compactness_boson= 0.0465637
E_binding= 0.213734
