mass= 0.368805numbos: 0.15703 numfer: 1.23692e-08 omega: 0.843918 r99bos: 4.968 r99fer: 0.006 r99tot: 4.986
 Nb/Nf: 1.26952e+07 Eb/Ef: 1.35851e+07
mass_bos= 0.244612 mass_fer= 1.80059e-08
compactness= 0.0739682
compactness_boson= 0.0492375
E_binding= 0.211775
