mass= 0.386227numbos: 0.168761 numfer: 0 omega: 0.792528 r99bos: 4.086 r99fer: 0 r99tot: 4.14
 Nb/Nf: inf Eb/Ef: inf
mass_bos= 0.256392 mass_fer= 0
compactness= 0.0932915
compactness_boson= 0.062749
E_binding= 0.217466
