mass= 0.381809numbos: 0.164759 numfer: 6.50444e-09 omega: 0.841245 r99bos: 5.034 r99fer: 0.006 r99tot: 5.058
 Nb/Nf: 2.53303e+07 Eb/Ef: 3.65773e+07
mass_bos= 0.250379 mass_fer= 6.84519e-09
compactness= 0.0754862
compactness_boson= 0.0497375
E_binding= 0.21705
