mass= 0.369647numbos: 0.157526 numfer: 1.62182e-08 omega: 0.843339 r99bos: 4.944 r99fer: 0.006 r99tot: 4.968
 Nb/Nf: 9.71297e+06 Eb/Ef: 9.45527e+06
mass_bos= 0.244972 mass_fer= 2.59085e-08
compactness= 0.0744057
compactness_boson= 0.0495494
E_binding= 0.212121
