mass= 0.364979numbos: 0.154774 numfer: 1.26434e-08 omega: 0.846407 r99bos: 4.998 r99fer: 0.006 r99tot: 5.01
 Nb/Nf: 1.22415e+07 Eb/Ef: 1.31049e+07
mass_bos= 0.242868 mass_fer= 1.85327e-08
compactness= 0.0728502
compactness_boson= 0.0485931
E_binding= 0.210205
