mass= 0.539122numbos: 0.273013 numfer: 0.00385178 omega: 0.932857 r99bos: 13.53 r99fer: 2.772 r99tot: 13.602
 Nb/Nf: 70.8797 Eb/Ef: 72.4891
mass_bos= 0.280756 mass_fer= 0.00387308
compactness= 0.0396355
compactness_boson= 0.0207506
E_binding= 0.262257
