mass= 0.366309numbos: 0.155677 numfer: 0.00239138 omega: 0.807228 r99bos: 4.188 r99fer: 0.66 r99tot: 4.218
 Nb/Nf: 65.0991 Eb/Ef: 80.3802
mass_bos= 0.242771 mass_fer= 0.00302029
compactness= 0.0868442
compactness_boson= 0.0579683
E_binding= 0.20824
