mass= 0.355304numbos: 0.149218 numfer: 2.67663e-06 omega: 0.856471 r99bos: 5.238 r99fer: 0.084 r99tot: 5.226
 Nb/Nf: 55748.6 Eb/Ef: 78275.3
mass_bos= 0.23346 mass_fer= 2.98254e-06
compactness= 0.0679878
compactness_boson= 0.0445704
E_binding= 0.206083
