mass= 0.370678numbos: 0.158208 numfer: 5.40264e-06 omega: 0.852619 r99bos: 5.262 r99fer: 0.084 r99tot: 5.268
 Nb/Nf: 29283.5 Eb/Ef: 36602.4
mass_bos= 0.242284 mass_fer= 6.61936e-06
compactness= 0.0703641
compactness_boson= 0.0460442
E_binding= 0.212465
