mass= 0.375553numbos: 0.161715 numfer: 0.00140534 omega: 0.800075 r99bos: 4.11 r99fer: 0.582 r99tot: 4.158
 Nb/Nf: 115.072 Eb/Ef: 145.848
mass_bos= 0.249066 mass_fer= 0.00170771
compactness= 0.0903206
compactness_boson= 0.0606
E_binding= 0.212432
