mass= 0.554599numbos: 0.271649 numfer: 0.0150691 omega: 0.785451 r99bos: 5.064 r99fer: 1.68 r99tot: 5.172
 Nb/Nf: 18.0269 Eb/Ef: 19.9395
mass_bos= 0.329376 mass_fer= 0.0165188
compactness= 0.107231
compactness_boson= 0.0650427
E_binding= 0.267881
