mass= 0.381097numbos: 0.164338 numfer: 1.41502e-07 omega: 0.844745 r99bos: 5.118 r99fer: 0.024 r99tot: 5.142
 Nb/Nf: 1.16138e+06 Eb/Ef: 1.59696e+06
mass_bos= 0.249253 mass_fer= 1.5608e-07
compactness= 0.0741145
compactness_boson= 0.0487013
E_binding= 0.216759
