mass= 0.381127numbos: 0.164356 numfer: 1.40492e-06 omega: 0.844731 r99bos: 5.124 r99fer: 0.048 r99tot: 5.142
 Nb/Nf: 116986 Eb/Ef: 143055
mass_bos= 0.24927 mass_fer= 1.74247e-06
compactness= 0.0741204
compactness_boson= 0.0486475
E_binding= 0.216769
