mass= 0.359361numbos: 0.151587 numfer: 2.48321e-07 omega: 0.856066 r99bos: 5.262 r99fer: 0.042 r99tot: 5.25
 Nb/Nf: 610449 Eb/Ef: 898790
mass_bos= 0.235696 mass_fer= 2.62238e-07
compactness= 0.0684497
compactness_boson= 0.0447922
E_binding= 0.207773
