mass= 0.381994numbos: 0.16487 numfer: 1.51624e-06 omega: 0.842216 r99bos: 5.064 r99fer: 0.048 r99tot: 5.082
 Nb/Nf: 108736 Eb/Ef: 129867
mass_bos= 0.250252 mass_fer= 1.92699e-06
compactness= 0.0751661
compactness_boson= 0.0494179
E_binding= 0.217123
