mass= 0.354241numbos: 0.148672 numfer: 0.000894668 omega: 0.818517 r99bos: 4.302 r99fer: 0.48 r99tot: 4.32
 Nb/Nf: 166.176 Eb/Ef: 211.698
mass_bos= 0.236235 mass_fer= 0.00111591
compactness= 0.0820003
compactness_boson= 0.0549129
E_binding= 0.204674
