mass= 0.367221numbos: 0.156092 numfer: 1.09958e-08 omega: 0.844865 r99bos: 4.986 r99fer: 0.006 r99tot: 5.004
 Nb/Nf: 1.41956e+07 Eb/Ef: 1.57861e+07
mass_bos= 0.243899 mass_fer= 1.54502e-08
compactness= 0.0733854
compactness_boson= 0.0489167
E_binding= 0.211128
