mass= 1.51189numbos: 0.044604 numfer: 1.56651 omega: 0.555745 r99bos: 4.998 r99fer: 6.744 r99tot: 6.702
 Nb/Nf: 0.0284735 Eb/Ef: 0.0282883
mass_bos= 0.0511734 mass_fer= 1.80899
compactness= 0.225588
compactness_boson= 0.0102388
E_binding= -0.0992274
