mass= 0.369514numbos: 0.157444 numfer: 1.95161e-08 omega: 0.843396 r99bos: 4.926 r99fer: 0.006 r99tot: 4.956
 Nb/Nf: 8.0674e+06 Eb/Ef: 7.29986e+06
mass_bos= 0.244897 mass_fer= 3.35481e-08
compactness= 0.0745588
compactness_boson= 0.0497151
E_binding= 0.21207
