mass= 0.381786numbos: 0.164745 numfer: 1.87475e-07 omega: 0.841254 r99bos: 5.028 r99fer: 0.024 r99tot: 5.052
 Nb/Nf: 878756 Eb/Ef: 1.1876e+06
mass_bos= 0.250366 mass_fer= 2.10817e-07
compactness= 0.0755713
compactness_boson= 0.0497943
E_binding= 0.217041
