mass= 1.34996numbos: 0.0610553 numfer: 1.32754 omega: 0.46569 r99bos: 3.732 r99fer: 5.688 r99tot: 5.634
 Nb/Nf: 0.0459915 Eb/Ef: 0.0465797
mass_bos= 0.0765868 mass_fer= 1.64421
compactness= 0.23961
compactness_boson= 0.0205217
E_binding= -0.0386294
