mass= 0.370666numbos: 0.158201 numfer: 3.37509e-06 omega: 0.852625 r99bos: 5.262 r99fer: 0.078 r99tot: 5.268
 Nb/Nf: 46873.1 Eb/Ef: 60806.1
mass_bos= 0.242279 mass_fer= 3.98445e-06
compactness= 0.0703618
compactness_boson= 0.0460431
E_binding= 0.212462
