mass= 0.531308numbos: 0.257617 numfer: 0.0129986 omega: 0.777641 r99bos: 4.758 r99fer: 1.518 r99tot: 4.866
 Nb/Nf: 19.8189 Eb/Ef: 22.2324
mass_bos= 0.321365 mass_fer= 0.0144549
compactness= 0.109188
compactness_boson= 0.0675421
E_binding= 0.260692
