mass= 1.19614numbos: 0.114362 numfer: 1.05716 omega: 0.528064 r99bos: 3.81 r99fer: 5.808 r99tot: 5.742
 Nb/Nf: 0.108179 Eb/Ef: 0.113981
mass_bos= 0.144144 mass_fer= 1.26464
compactness= 0.208313
compactness_boson= 0.0378332
E_binding= 0.0246168
