mass= 0.37094numbos: 0.158295 numfer: 9.89647e-09 omega: 0.842424 r99bos: 4.95 r99fer: 0.006 r99tot: 4.968
 Nb/Nf: 1.59951e+07 Eb/Ef: 1.81837e+07
mass_bos= 0.245565 mass_fer= 1.35047e-08
compactness= 0.0746659
compactness_boson= 0.0496092
E_binding= 0.212645
