mass= 0.551802numbos: 0.266934 numfer: 0.0217981 omega: 0.785014 r99bos: 5.04 r99fer: 1.848 r99tot: 5.136
 Nb/Nf: 12.2457 Eb/Ef: 13.4578
mass_bos= 0.32432 mass_fer= 0.0240991
compactness= 0.107438
compactness_boson= 0.0643493
E_binding= 0.26307
