mass= 0.364557numbos: 0.154538 numfer: 6.8727e-09 omega: 0.847062 r99bos: 5.034 r99fer: 0.006 r99tot: 5.04
 Nb/Nf: 2.24858e+07 Eb/Ef: 2.81803e+07
mass_bos= 0.242713 mass_fer= 8.61287e-09
compactness= 0.0723327
compactness_boson= 0.0482148
E_binding= 0.210018
