mass= 0.375401numbos: 0.160946 numfer: 1.74581e-08 omega: 0.839982 r99bos: 4.938 r99fer: 0.006 r99tot: 4.962
 Nb/Nf: 9.21898e+06 Eb/Ef: 1.27617e+07
mass_bos= 0.247735 mass_fer= 1.94123e-08
compactness= 0.0756552
compactness_boson= 0.050169
E_binding= 0.214455
