mass= 0.367229numbos: 0.156097 numfer: 1.04448e-08 omega: 0.844861 r99bos: 4.992 r99fer: 0.006 r99tot: 5.004
 Nb/Nf: 1.4945e+07 Eb/Ef: 1.68629e+07
mass_bos= 0.243903 mass_fer= 1.44639e-08
compactness= 0.0733871
compactness_boson= 0.0488589
E_binding= 0.211132
