mass= 0.361011numbos: 0.152973 numfer: 0.000235876 omega: 0.811249 r99bos: 4.194 r99fer: 0.354 r99tot: 4.23
 Nb/Nf: 648.531 Eb/Ef: 884.556
mass_bos= 0.241024 mass_fer= 0.00027248
compactness= 0.0853454
compactness_boson= 0.0574686
E_binding= 0.207802
