mass= 0.519674numbos: 0.214784 numfer: 0.0856898 omega: 0.757303 r99bos: 4.326 r99fer: 2.718 r99tot: 4.32
 Nb/Nf: 2.50653 Eb/Ef: 2.79406
mass_bos= 0.278614 mass_fer= 0.0997168
compactness= 0.120295
compactness_boson= 0.0644046
E_binding= 0.2192
