mass= 0.61084numbos: 0.238214 numfer: 0.153629 omega: 0.772292 r99bos: 5.112 r99fer: 3.666 r99tot: 5.022
 Nb/Nf: 1.55059 Eb/Ef: 1.6593
mass_bos= 0.28396 mass_fer= 0.171132
compactness= 0.121633
compactness_boson= 0.0555477
E_binding= 0.218997
