mass= 1.58555numbos: 0.0193843 numfer: 1.70105 omega: 0.56144 r99bos: 5.28 r99fer: 6.99 r99tot: 6.954
 Nb/Nf: 0.0113955 Eb/Ef: 0.0112445
mass_bos= 0.0219405 mass_fer= 1.95123
compactness= 0.228006
compactness_boson= 0.0041554
E_binding= -0.134882
