mass= 0.379422numbos: 0.163338 numfer: 2.75325e-07 omega: 0.839618 r99bos: 4.962 r99fer: 0.018 r99tot: 4.986
 Nb/Nf: 593255 Eb/Ef: 667336
mass_bos= 0.24961 mass_fer= 3.74039e-07
compactness= 0.0760975
compactness_boson= 0.0503043
E_binding= 0.216084
