mass= 0.361125numbos: 0.153085 numfer: 2.20645e-07 omega: 0.810921 r99bos: 4.194 r99fer: 0.078 r99tot: 4.224
 Nb/Nf: 693807 Eb/Ef: 1.0814e+06
mass_bos= 0.241272 mass_fer= 2.2311e-07
compactness= 0.0854937
compactness_boson= 0.0575278
E_binding= 0.20804
