mass= 1.52614numbos: 0.00456779 numfer: 1.6399 omega: 0.457804 r99bos: 4.146 r99fer: 5.952 r99tot: 5.91
 Nb/Nf: 0.00278541 Eb/Ef: 0.00271906
mass_bos= 0.00549262 mass_fer= 2.02004
compactness= 0.25823
compactness_boson= 0.0013248
E_binding= -0.118328
