mass= 0.380488numbos: 0.163973 numfer: 5.09341e-07 omega: 0.839932 r99bos: 4.986 r99fer: 0.03 r99tot: 5.01
 Nb/Nf: 321932 Eb/Ef: 400647
mass_bos= 0.25004 mass_fer= 6.2409e-07
compactness= 0.0759457
compactness_boson= 0.0501483
E_binding= 0.216515
