mass= 0.4756numbos: 0.216912 numfer: 0.0237303 omega: 0.769818 r99bos: 4.278 r99fer: 1.638 r99tot: 4.356
 Nb/Nf: 9.14072 Eb/Ef: 10.373
mass_bos= 0.289725 mass_fer= 0.0279308
compactness= 0.109183
compactness_boson= 0.0677245
E_binding= 0.234958
