mass= 0.376209numbos: 0.162296 numfer: 0.00075141 omega: 0.799378 r99bos: 4.092 r99fer: 0.498 r99tot: 4.146
 Nb/Nf: 215.989 Eb/Ef: 281.384
mass_bos= 0.249925 mass_fer= 0.000888197
compactness= 0.0907403
compactness_boson= 0.0610764
E_binding= 0.213162
