mass= 0.381773numbos: 0.164737 numfer: 1.33606e-07 omega: 0.84126 r99bos: 5.028 r99fer: 0.018 r99tot: 5.052
 Nb/Nf: 1.233e+06 Eb/Ef: 1.58695e+06
mass_bos= 0.250358 mass_fer= 1.57761e-07
compactness= 0.0755688
compactness_boson= 0.0497929
E_binding= 0.217036
