mass= 0.367254numbos: 0.156202 numfer: 1.26007e-05 omega: 0.854009 r99bos: 5.28 r99fer: 0.114 r99tot: 5.28
 Nb/Nf: 12396.3 Eb/Ef: 15134.9
mass_bos= 0.240225 mass_fer= 1.58723e-05
compactness= 0.0695557
compactness_boson= 0.0454972
E_binding= 0.211039
