mass= 0.370747numbos: 0.158176 numfer: 1.86909e-08 omega: 0.842506 r99bos: 4.92 r99fer: 0.006 r99tot: 4.95
 Nb/Nf: 8.46271e+06 Eb/Ef: 7.77709e+06
mass_bos= 0.245456 mass_fer= 3.15615e-08
compactness= 0.0748983
compactness_boson= 0.0498895
E_binding= 0.212571
