mass= 0.376839numbos: 0.1618 numfer: 2.44516e-08 omega: 0.83964 r99bos: 4.938 r99fer: 0.006 r99tot: 4.962
 Nb/Nf: 6.61717e+06 Eb/Ef: 8.50162e+06
mass_bos= 0.248431 mass_fer= 2.92217e-08
compactness= 0.0759449
compactness_boson= 0.0503101
E_binding= 0.215038
