mass= 1.37163numbos: 0.0482942 numfer: 1.37263 omega: 0.451931 r99bos: 3.69 r99fer: 5.628 r99tot: 5.574
 Nb/Nf: 0.0351837 Eb/Ef: 0.0353535
mass_bos= 0.0606892 mass_fer= 1.71664
compactness= 0.246077
compactness_boson= 0.0164469
E_binding= -0.0492903
