mass= 0.365996numbos: 0.155358 numfer: 2.03412e-08 omega: 0.845522 r99bos: 4.932 r99fer: 0.006 r99tot: 4.956
 Nb/Nf: 7.63758e+06 Eb/Ef: 6.83682e+06
mass_bos= 0.243288 mass_fer= 3.5585e-08
compactness= 0.0738491
compactness_boson= 0.0493285
E_binding= 0.210638
