mass= 0.380004numbos: 0.163693 numfer: 7.0414e-07 omega: 0.84622 r99bos: 5.154 r99fer: 0.042 r99tot: 5.172
 Nb/Nf: 232471 Eb/Ef: 302740
mass_bos= 0.248386 mass_fer= 8.20461e-07
compactness= 0.0734733
compactness_boson= 0.0481929
E_binding= 0.216311
