mass= 0.366501numbos: 0.155668 numfer: 7.972e-09 omega: 0.845308 r99bos: 4.998 r99fer: 0.006 r99tot: 5.01
 Nb/Nf: 1.95268e+07 Eb/Ef: 2.36171e+07
mass_bos= 0.243572 mass_fer= 1.03134e-08
compactness= 0.0731539
compactness_boson= 0.0487338
E_binding= 0.210833
