mass= 0.379996numbos: 0.163688 numfer: 4.25251e-08 omega: 0.846224 r99bos: 5.154 r99fer: 0.018 r99tot: 5.172
 Nb/Nf: 3.84921e+06 Eb/Ef: 5.5332e+06
mass_bos= 0.248382 mass_fer= 4.48895e-08
compactness= 0.0734719
compactness_boson= 0.0481921
E_binding= 0.216309
