mass= 0.368442numbos: 0.156806 numfer: 2.11637e-08 omega: 0.844072 r99bos: 4.92 r99fer: 0.006 r99tot: 4.95
 Nb/Nf: 7.40921e+06 Eb/Ef: 6.48898e+06
mass_bos= 0.244407 mass_fer= 3.7665e-08
compactness= 0.0744328
compactness_boson= 0.0496763
E_binding= 0.211636
