mass= 0.370918numbos: 0.158282 numfer: 1.12699e-08 omega: 0.842434 r99bos: 4.944 r99fer: 0.006 r99tot: 4.968
 Nb/Nf: 1.40446e+07 Eb/Ef: 1.5396e+07
mass_bos= 0.245553 mass_fer= 1.59492e-08
compactness= 0.0746615
compactness_boson= 0.0496669
E_binding= 0.212636
