mass= 0.365082numbos: 0.154837 numfer: 9.89647e-09 omega: 0.846364 r99bos: 5.01 r99fer: 0.006 r99tot: 5.022
 Nb/Nf: 1.56457e+07 Eb/Ef: 1.79882e+07
mass_bos= 0.242926 mass_fer= 1.35047e-08
compactness= 0.0726966
compactness_boson= 0.0484882
E_binding= 0.210245
