mass= 0.378224numbos: 0.162625 numfer: 1.39277e-08 omega: 0.839507 r99bos: 4.95 r99fer: 0.006 r99tot: 4.974
 Nb/Nf: 1.16764e+07 Eb/Ef: 1.59486e+07
mass_bos= 0.249084 mass_fer= 1.56179e-08
compactness= 0.0760403
compactness_boson= 0.0503199
E_binding= 0.215599
