mass= 0.376726numbos: 0.162768 numfer: 6.79434e-05 omega: 0.798561 r99bos: 4.068 r99fer: 0.288 r99tot: 4.122
 Nb/Nf: 2395.64 Eb/Ef: 3407.33
mass_bos= 0.250735 mass_fer= 7.35869e-05
compactness= 0.091394
compactness_boson= 0.0616359
E_binding= 0.21389
