mass= 0.795156numbos: 0.191915 numfer: 0.452742 omega: 0.688168 r99bos: 4.416 r99fer: 5.202 r99tot: 5.112
 Nb/Nf: 0.423894 Eb/Ef: 0.45955
mass_bos= 0.235681 mass_fer= 0.512851
compactness= 0.155547
compactness_boson= 0.0533697
E_binding= 0.1505
