mass= 0.52821numbos: 0.252784 numfer: 0.0196294 omega: 0.777315 r99bos: 4.74 r99fer: 1.698 r99tot: 4.836
 Nb/Nf: 12.8778 Eb/Ef: 14.331
mass_bos= 0.316113 mass_fer= 0.0220579
compactness= 0.109225
compactness_boson= 0.0666905
E_binding= 0.255797
