mass= 0.525696numbos: 0.147032 numfer: 0.245302 omega: 0.931511 r99bos: 13.248 r99fer: 7.56 r99tot: 12.258
 Nb/Nf: 0.59939 Eb/Ef: 0.605699
mass_bos= 0.151393 mass_fer= 0.249947
compactness= 0.0428859
compactness_boson= 0.0114276
E_binding= 0.133362
