mass= 0.36648numbos: 0.155655 numfer: 1.04448e-08 omega: 0.845317 r99bos: 4.998 r99fer: 0.006 r99tot: 5.01
 Nb/Nf: 1.49027e+07 Eb/Ef: 1.68392e+07
mass_bos= 0.24356 mass_fer= 1.44639e-08
compactness= 0.0731498
compactness_boson= 0.0487315
E_binding= 0.210825
