mass= 0.37369numbos: 0.159975 numfer: 1.65454e-07 omega: 0.851082 r99bos: 5.238 r99fer: 0.03 r99tot: 5.25
 Nb/Nf: 966888 Eb/Ef: 1.36756e+06
mass_bos= 0.244153 mass_fer= 1.78532e-07
compactness= 0.0711791
compactness_boson= 0.0466119
E_binding= 0.213715
