mass= 1.35627numbos: 0.0797368 numfer: 1.31164 omega: 0.515161 r99bos: 4.152 r99fer: 6.042 r99tot: 5.988
 Nb/Nf: 0.0607917 Eb/Ef: 0.0616831
mass_bos= 0.0966322 mass_fer= 1.56659
compactness= 0.226498
compactness_boson= 0.0232737
E_binding= -0.0351066
