mass= 0.344699numbos: 0.143017 numfer: 5.58868e-05 omega: 0.854144 r99bos: 5.076 r99fer: 0.186 r99tot: 5.058
 Nb/Nf: 2559.05 Eb/Ef: 3295.43
mass_bos= 0.228004 mass_fer= 6.9188e-05
compactness= 0.0681493
compactness_boson= 0.044918
E_binding= 0.201627
