mass= 0.364373numbos: 0.154426 numfer: 1.4842e-08 omega: 0.847137 r99bos: 5.01 r99fer: 0.006 r99tot: 5.022
 Nb/Nf: 1.04047e+07 Eb/Ef: 1.05678e+07
mass_bos= 0.24261 mass_fer= 2.29576e-08
compactness= 0.0725554
compactness_boson= 0.0484252
E_binding= 0.209947
