mass= 0.410339numbos: 0.181826 numfer: 0.00702636 omega: 0.782322 r99bos: 4.062 r99fer: 1.002 r99tot: 4.128
 Nb/Nf: 25.8777 Eb/Ef: 30.8802
mass_bos= 0.265442 mass_fer= 0.00859588
compactness= 0.0994038
compactness_boson= 0.0653477
E_binding= 0.221487
