mass= 0.369907numbos: 0.157687 numfer: 1.65032e-09 omega: 0.843231 r99bos: 4.98 r99fer: 0.006 r99tot: 4.998
 Nb/Nf: 9.55493e+07 Eb/Ef: 1.40015e+08
mass_bos= 0.245118 mass_fer= 1.75066e-09
compactness= 0.0740111
compactness_boson= 0.0492205
E_binding= 0.212221
