mass= 0.474486numbos: 0.202585 numfer: 0.0519171 omega: 0.762551 r99bos: 4.152 r99fer: 2.172 r99tot: 4.182
 Nb/Nf: 3.90209 Eb/Ef: 4.43353
mass_bos= 0.274022 mass_fer= 0.0618067
compactness= 0.113459
compactness_boson= 0.0659975
E_binding= 0.219984
