mass= 0.376301numbos: 0.16151 numfer: 2.15717e-07 omega: 0.849443 r99bos: 5.214 r99fer: 0.036 r99tot: 5.226
 Nb/Nf: 748713 Eb/Ef: 1.06661e+06
mass_bos= 0.245828 mass_fer= 2.30476e-07
compactness= 0.0720055
compactness_boson= 0.0471476
E_binding= 0.214791
