mass= 0.366496numbos: 0.155848 numfer: 0.00221196 omega: 0.807067 r99bos: 4.182 r99fer: 0.642 r99tot: 4.212
 Nb/Nf: 70.4567 Eb/Ef: 87.2762
mass_bos= 0.24301 mass_fer= 0.00278438
compactness= 0.0870124
compactness_boson= 0.0581086
E_binding= 0.208437
