mass= 0.354305numbos: 0.14873 numfer: 0.000819031 omega: 0.818422 r99bos: 4.302 r99fer: 0.468 r99tot: 4.32
 Nb/Nf: 181.593 Eb/Ef: 232.228
mass_bos= 0.236331 mass_fer= 0.00101767
compactness= 0.0820151
compactness_boson= 0.0549352
E_binding= 0.204756
