mass= 0.36976numbos: 0.157596 numfer: 1.04448e-08 omega: 0.843292 r99bos: 4.962 r99fer: 0.006 r99tot: 4.98
 Nb/Nf: 1.50885e+07 Eb/Ef: 1.69412e+07
mass_bos= 0.245035 mass_fer= 1.44639e-08
compactness= 0.0742491
compactness_boson= 0.0493824
E_binding= 0.212164
