mass= 0.368795numbos: 0.157023 numfer: 1.26434e-08 omega: 0.843922 r99bos: 4.968 r99fer: 0.006 r99tot: 4.986
 Nb/Nf: 1.24194e+07 Eb/Ef: 1.31986e+07
mass_bos= 0.244606 mass_fer= 1.85327e-08
compactness= 0.073966
compactness_boson= 0.0492363
E_binding= 0.211771
