mass= 1.15207numbos: 0.13746 numfer: 0.969619 omega: 0.68975 r99bos: 5.76 r99fer: 6.924 r99tot: 6.864
 Nb/Nf: 0.141767 Eb/Ef: 0.144862
mass_bos= 0.154323 mass_fer= 1.06531
compactness= 0.167843
compactness_boson= 0.0267922
E_binding= 0.0449957
