mass= 0.431072numbos: 0.193701 numfer: 0.010697 omega: 0.775922 r99bos: 4.098 r99fer: 1.182 r99tot: 4.17
 Nb/Nf: 18.1079 Eb/Ef: 21.243
mass_bos= 0.274503 mass_fer= 0.012922
compactness= 0.103375
compactness_boson= 0.0669847
E_binding= 0.226674
