mass= 0.381962numbos: 0.16485 numfer: 3.01634e-07 omega: 0.84223 r99bos: 5.058 r99fer: 0.03 r99tot: 5.082
 Nb/Nf: 546523 Eb/Ef: 732626
mass_bos= 0.250235 mass_fer= 3.41558e-07
compactness= 0.0751598
compactness_boson= 0.049473
E_binding= 0.217112
