mass= 0.381796numbos: 0.164751 numfer: 7.83423e-09 omega: 0.841251 r99bos: 5.028 r99fer: 0.006 r99tot: 5.052
 Nb/Nf: 2.10296e+07 Eb/Ef: 3.01228e+07
mass_bos= 0.250371 mass_fer= 8.31168e-09
compactness= 0.0755732
compactness_boson= 0.0497954
E_binding= 0.217045
