mass= 0.381284numbos: 0.164447 numfer: 5.16725e-07 omega: 0.840482 r99bos: 5.004 r99fer: 0.03 r99tot: 5.028
 Nb/Nf: 318248 Eb/Ef: 386894
mass_bos= 0.250296 mass_fer= 6.46936e-07
compactness= 0.0758322
compactness_boson= 0.0500191
E_binding= 0.216837
