mass= 0.370641numbos: 0.158186 numfer: 6.84489e-07 omega: 0.852637 r99bos: 5.262 r99fer: 0.048 r99tot: 5.262
 Nb/Nf: 231101 Eb/Ef: 317533
mass_bos= 0.242266 mass_fer= 7.62962e-07
compactness= 0.0704374
compactness_boson= 0.0460407
E_binding= 0.212454
