mass= 0.525238numbos: 0.208646 numfer: 0.120992 omega: 0.927193 r99bos: 12.546 r99fer: 5.874 r99tot: 12.204
 Nb/Nf: 1.72447 Eb/Ef: 1.74873
mass_bos= 0.215695 mass_fer= 0.123344
compactness= 0.0430382
compactness_boson= 0.0171923
E_binding= 0.1956
