mass= 0.38126numbos: 0.164432 numfer: 4.17e-08 omega: 0.840492 r99bos: 5.004 r99fer: 0.012 r99tot: 5.028
 Nb/Nf: 3.94322e+06 Eb/Ef: 5.42569e+06
mass_bos= 0.250282 mass_fer= 4.61292e-08
compactness= 0.0758275
compactness_boson= 0.0500165
E_binding= 0.216828
