mass= 0.376801numbos: 0.161777 numfer: 3.45907e-08 omega: 0.839656 r99bos: 4.932 r99fer: 0.006 r99tot: 4.956
 Nb/Nf: 4.6769e+06 Eb/Ef: 5.72317e+06
mass_bos= 0.248411 mass_fer= 4.34044e-08
compactness= 0.0760293
compactness_boson= 0.0503671
E_binding= 0.215024
