mass= 0.640637numbos: 0.178308 numfer: 0.292741 omega: 0.688944 r99bos: 3.798 r99fer: 4.464 r99tot: 4.362
 Nb/Nf: 0.609097 Eb/Ef: 0.704079
mass_bos= 0.239439 mass_fer= 0.340074
compactness= 0.146868
compactness_boson= 0.0630434
E_binding= 0.169588
