mass= 0.366226numbos: 0.155499 numfer: 1.67665e-08 omega: 0.845423 r99bos: 4.962 r99fer: 0.006 r99tot: 4.98
 Nb/Nf: 9.27443e+06 Eb/Ef: 8.97455e+06
mass_bos= 0.243417 mass_fer= 2.71231e-08
compactness= 0.0735394
compactness_boson= 0.0490563
E_binding= 0.210727
