mass= 0.370879numbos: 0.158258 numfer: 1.23692e-08 omega: 0.84245 r99bos: 4.938 r99fer: 0.006 r99tot: 4.962
 Nb/Nf: 1.27945e+07 Eb/Ef: 1.36362e+07
mass_bos= 0.245531 mass_fer= 1.80059e-08
compactness= 0.0747439
compactness_boson= 0.0497228
E_binding= 0.212622
