mass= 0.381972numbos: 0.164856 numfer: 8.44044e-07 omega: 0.842225 r99bos: 5.058 r99fer: 0.036 r99tot: 5.082
 Nb/Nf: 195317 Eb/Ef: 231758
mass_bos= 0.25024 mass_fer= 1.07975e-06
compactness= 0.0751617
compactness_boson= 0.0494741
E_binding= 0.217115
