mass= 1.45235numbos: 0.00765992 numfer: 1.53305 omega: 0.426131 r99bos: 3.732 r99fer: 5.58 r99tot: 5.532
 Nb/Nf: 0.00499652 Eb/Ef: 0.00489029
mass_bos= 0.00953341 mass_fer= 1.94946
compactness= 0.262537
compactness_boson= 0.0025545
E_binding= -0.0883573
