mass= 0.364575numbos: 0.15455 numfer: 6.04754e-09 omega: 0.847054 r99bos: 5.04 r99fer: 0.006 r99tot: 5.046
 Nb/Nf: 2.55558e+07 Eb/Ef: 3.2823e+07
mass_bos= 0.242724 mass_fer= 7.39493e-09
compactness= 0.0722504
compactness_boson= 0.0481594
E_binding= 0.210026
