mass= 0.369696numbos: 0.157556 numfer: 1.23692e-08 omega: 0.843319 r99bos: 4.95 r99fer: 0.006 r99tot: 4.974
 Nb/Nf: 1.27378e+07 Eb/Ef: 1.36066e+07
mass_bos= 0.244999 mass_fer= 1.80059e-08
compactness= 0.0743256
compactness_boson= 0.0494948
E_binding= 0.21214
