mass= 0.43993numbos: 0.196784 numfer: 0.0169678 omega: 0.773426 r99bos: 4.116 r99fer: 1.398 r99tot: 4.188
 Nb/Nf: 11.5975 Eb/Ef: 13.4383
mass_bos= 0.275464 mass_fer= 0.0204984
compactness= 0.105045
compactness_boson= 0.0669252
E_binding= 0.226178
