mass= 0.367986numbos: 0.156545 numfer: 1.18182e-08 omega: 0.844414 r99bos: 4.98 r99fer: 0.006 r99tot: 4.992
 Nb/Nf: 1.3246e+07 Eb/Ef: 1.4398e+07
mass_bos= 0.244245 mass_fer= 1.69639e-08
compactness= 0.073715
compactness_boson= 0.0490452
E_binding= 0.211441
