mass= 0.443853numbos: 0.202246 numfer: 0.00996113 omega: 0.773419 r99bos: 4.134 r99fer: 1.182 r99tot: 4.218
 Nb/Nf: 20.3035 Eb/Ef: 23.7544
mass_bos= 0.281729 mass_fer= 0.0118601
compactness= 0.105228
compactness_boson= 0.0681493
E_binding= 0.231646
