mass= 0.367284numbos: 0.156131 numfer: 6.32169e-09 omega: 0.844839 r99bos: 4.998 r99fer: 0.006 r99tot: 5.01
 Nb/Nf: 2.46977e+07 Eb/Ef: 3.12976e+07
mass_bos= 0.243934 mass_fer= 7.79401e-09
compactness= 0.0733101
compactness_boson= 0.0488063
E_binding= 0.211153
