mass= 0.440308numbos: 0.197389 numfer: 0.0161365 omega: 0.773485 r99bos: 4.116 r99fer: 1.374 r99tot: 4.188
 Nb/Nf: 12.2324 Eb/Ef: 14.183
mass_bos= 0.276153 mass_fer= 0.0194707
compactness= 0.105136
compactness_boson= 0.0670925
E_binding= 0.226783
