mass= 0.515775numbos: 0.189239 numfer: 0.1275 omega: 0.737284 r99bos: 3.954 r99fer: 3.192 r99tot: 3.882
 Nb/Nf: 1.48422 Eb/Ef: 1.70891
mass_bos= 0.256821 mass_fer= 0.150284
compactness= 0.132863
compactness_boson= 0.0649523
E_binding= 0.199036
