mass= 0.38003numbos: 0.163708 numfer: 2.45512e-06 omega: 0.846207 r99bos: 5.16 r99fer: 0.06 r99tot: 5.178
 Nb/Nf: 66680.5 Eb/Ef: 80348
mass_bos= 0.2484 mass_fer= 3.09155e-06
compactness= 0.0733932
compactness_boson= 0.0481396
E_binding= 0.216319
