mass= 0.367684numbos: 0.156359 numfer: 1.92419e-08 omega: 0.844541 r99bos: 4.938 r99fer: 0.006 r99tot: 4.962
 Nb/Nf: 8.12595e+06 Eb/Ef: 7.42266e+06
mass_bos= 0.244076 mass_fer= 3.28825e-08
compactness= 0.0740999
compactness_boson= 0.049428
E_binding= 0.211325
