mass= 0.363798numbos: 0.154104 numfer: 2.08895e-08 omega: 0.84847 r99bos: 4.998 r99fer: 0.006 r99tot: 5.022
 Nb/Nf: 7.3771e+06 Eb/Ef: 6.55757e+06
mass_bos= 0.242408 mass_fer= 3.69661e-08
compactness= 0.0724409
compactness_boson= 0.048501
E_binding= 0.209694
