mass= 0.36845numbos: 0.157615 numfer: 1.57922e-05 omega: 0.804624 r99bos: 4.116 r99fer: 0.204 r99tot: 4.164
 Nb/Nf: 9980.51 Eb/Ef: 14773.1
mass_bos= 0.245781 mass_fer= 1.66371e-05
compactness= 0.0884845
compactness_boson= 0.0597136
E_binding= 0.210819
