mass= 0.351378numbos: 0.146925 numfer: 9.1683e-06 omega: 0.856341 r99bos: 5.196 r99fer: 0.114 r99tot: 5.184
 Nb/Nf: 16025.4 Eb/Ef: 21684.4
mass_bos= 0.231361 mass_fer= 1.06695e-05
compactness= 0.0677812
compactness_boson= 0.0445267
E_binding= 0.204443
