mass= 0.368636numbos: 0.156926 numfer: 1.73175e-08 omega: 0.843989 r99bos: 4.944 r99fer: 0.006 r99tot: 4.968
 Nb/Nf: 9.0617e+06 Eb/Ef: 8.62006e+06
mass_bos= 0.244517 mass_fer= 2.8366e-08
compactness= 0.0742021
compactness_boson= 0.0494572
E_binding= 0.21171
