mass= 0.372336numbos: 0.159123 numfer: 7.95994e-08 omega: 0.841422 r99bos: 4.932 r99fer: 0.006 r99tot: 4.956
 Nb/Nf: 1.99905e+06 Eb/Ef: 2.12571e+06
mass_bos= 0.246222 mass_fer= 1.1583e-07
compactness= 0.0751282
compactness_boson= 0.0499233
E_binding= 0.213213
