mass= 0.379992numbos: 0.163685 numfer: 2.86888e-07 omega: 0.846225 r99bos: 5.154 r99fer: 0.03 r99tot: 5.172
 Nb/Nf: 570554 Eb/Ef: 760747
mass_bos= 0.248379 mass_fer= 3.26494e-07
compactness= 0.0734709
compactness_boson= 0.0481916
E_binding= 0.216306
