mass= 0.376888numbos: 0.161831 numfer: 1.37345e-09 omega: 0.83962 r99bos: 4.944 r99fer: 0.006 r99tot: 4.968
 Nb/Nf: 1.17828e+08 Eb/Ef: 1.72188e+08
mass_bos= 0.248459 mass_fer= 1.44295e-09
compactness= 0.0758631
compactness_boson= 0.0502547
E_binding= 0.215057
