mass= 0.509193numbos: 0.24543 numfer: 0.00785621 omega: 0.772453 r99bos: 4.518 r99fer: 1.26 r99tot: 4.632
 Nb/Nf: 31.2403 Eb/Ef: 35.8545
mass_bos= 0.314958 mass_fer= 0.00878432
compactness= 0.10993
compactness_boson= 0.0697117
E_binding= 0.255907
