mass= 0.378465numbos: 0.162786 numfer: 9.29053e-09 omega: 0.847782 r99bos: 5.196 r99fer: 0.012 r99tot: 5.208
 Nb/Nf: 1.75217e+07 Eb/Ef: 2.58434e+07
mass_bos= 0.247275 mass_fer= 9.56823e-09
compactness= 0.07267
compactness_boson= 0.0475895
E_binding= 0.215679
