mass= 0.395863numbos: 0.174856 numfer: 1.16602e-07 omega: 0.787271 r99bos: 4.032 r99fer: 0.078 r99tot: 4.098
 Nb/Nf: 1.49959e+06 Eb/Ef: 2.23389e+06
mass_bos= 0.261976 mass_fer= 1.17273e-07
compactness= 0.096599
compactness_boson= 0.0649741
E_binding= 0.221007
