mass= 0.472024numbos: 0.221982 numfer: 0.0061167 omega: 0.770273 r99bos: 4.254 r99fer: 1.08 r99tot: 4.356
 Nb/Nf: 36.2911 Eb/Ef: 42.6262
mass_bos= 0.298488 mass_fer= 0.00700244
compactness= 0.108362
compactness_boson= 0.0701664
E_binding= 0.243925
