mass= 0.367094numbos: 0.156015 numfer: 1.4842e-08 omega: 0.844917 r99bos: 4.968 r99fer: 0.006 r99tot: 4.986
 Nb/Nf: 1.05117e+07 Eb/Ef: 1.06208e+07
mass_bos= 0.243828 mass_fer= 2.29576e-08
compactness= 0.073625
compactness_boson= 0.0490797
E_binding= 0.21108
