mass= 0.381793numbos: 0.164749 numfer: 4.0753e-07 omega: 0.841252 r99bos: 5.028 r99fer: 0.03 r99tot: 5.052
 Nb/Nf: 404262 Eb/Ef: 522772
mass_bos= 0.250369 mass_fer= 4.78926e-07
compactness= 0.0755726
compactness_boson= 0.049795
E_binding= 0.217043
