mass= 0.365595numbos: 0.15513 numfer: 1.45678e-08 omega: 0.845873 r99bos: 4.98 r99fer: 0.006 r99tot: 4.998
 Nb/Nf: 1.06488e+07 Eb/Ef: 1.0861e+07
mass_bos= 0.243138 mass_fer= 2.23864e-08
compactness= 0.0731482
compactness_boson= 0.0488229
E_binding= 0.210464
