mass= 0.364612numbos: 0.154572 numfer: 1.09931e-09 omega: 0.84704 r99bos: 5.046 r99fer: 0.006 r99tot: 5.046
 Nb/Nf: 1.40609e+08 Eb/Ef: 2.12221e+08
mass_bos= 0.242744 mass_fer= 1.14383e-09
compactness= 0.0722576
compactness_boson= 0.0481062
E_binding= 0.21004
