mass= 0.547909numbos: 0.225694 numfer: 0.100193 omega: 0.760976 r99bos: 4.548 r99fer: 2.946 r99tot: 4.53
 Nb/Nf: 2.25259 Eb/Ef: 2.47374
mass_bos= 0.284026 mass_fer= 0.114817
compactness= 0.120951
compactness_boson= 0.0624508
E_binding= 0.222022
