mass= 0.36499numbos: 0.15478 numfer: 1.23692e-08 omega: 0.846402 r99bos: 4.998 r99fer: 0.006 r99tot: 5.01
 Nb/Nf: 1.25133e+07 Eb/Ef: 1.34886e+07
mass_bos= 0.242874 mass_fer= 1.80059e-08
compactness= 0.0728523
compactness_boson= 0.0485943
E_binding= 0.21021
