mass= 0.381108numbos: 0.164345 numfer: 3.0404e-07 omega: 0.844741 r99bos: 5.118 r99fer: 0.03 r99tot: 5.142
 Nb/Nf: 540535 Eb/Ef: 711303
mass_bos= 0.249259 mass_fer= 3.50426e-07
compactness= 0.0741166
compactness_boson= 0.0487025
E_binding= 0.216763
