mass= 0.379417numbos: 0.163335 numfer: 1.84753e-08 omega: 0.839621 r99bos: 4.962 r99fer: 0.006 r99tot: 4.986
 Nb/Nf: 8.84071e+06 Eb/Ef: 1.18581e+07
mass_bos= 0.249607 mass_fer= 2.10496e-08
compactness= 0.0760965
compactness_boson= 0.0503037
E_binding= 0.216082
