mass= 0.367965numbos: 0.156532 numfer: 1.26434e-08 omega: 0.844422 r99bos: 4.974 r99fer: 0.006 r99tot: 4.992
 Nb/Nf: 1.23806e+07 Eb/Ef: 1.31786e+07
mass_bos= 0.244234 mass_fer= 1.85327e-08
compactness= 0.073711
compactness_boson= 0.0491021
E_binding= 0.211433
