mass= 0.368853numbos: 0.157059 numfer: 8.79716e-09 omega: 0.843898 r99bos: 4.974 r99fer: 0.006 r99tot: 4.992
 Nb/Nf: 1.78534e+07 Eb/Ef: 2.1002e+07
mass_bos= 0.244638 mass_fer= 1.16483e-08
compactness= 0.0738888
compactness_boson= 0.0491834
E_binding= 0.211794
