mass= 0.62537numbos: 0.259598 numfer: 0.130496 omega: 0.852769 r99bos: 7.692 r99fer: 4.344 r99tot: 7.56
 Nb/Nf: 1.98932 Eb/Ef: 2.05321
mass_bos= 0.281987 mass_fer= 0.13734
compactness= 0.0827209
compactness_boson= 0.0366598
E_binding= 0.235276
