mass= 0.659031numbos: 0.244597 numfer: 0.199211 omega: 0.813756 r99bos: 6.456 r99fer: 4.53 r99tot: 6.258
 Nb/Nf: 1.22783 Eb/Ef: 1.27774
mass_bos= 0.273441 mass_fer= 0.214003
compactness= 0.10531
compactness_boson= 0.0423545
E_binding= 0.215222
