mass= 0.372325numbos: 0.159116 numfer: 7.972e-09 omega: 0.841426 r99bos: 4.932 r99fer: 0.006 r99tot: 4.956
 Nb/Nf: 1.99594e+07 Eb/Ef: 2.38734e+07
mass_bos= 0.246216 mass_fer= 1.03134e-08
compactness= 0.0751261
compactness_boson= 0.0499221
E_binding= 0.213209
