mass= 0.379075numbos: 0.16315 numfer: 0 omega: 0.839196 r99bos: 5.094 r99fer: 0 r99tot: 5.082
 Nb/Nf: inf Eb/Ef: inf
mass_bos= 0.249558 mass_fer= 0
compactness= 0.0745918
compactness_boson= 0.0489907
E_binding= 0.215926
