mass= 0.365157numbos: 0.154883 numfer: 6.59584e-09 omega: 0.846334 r99bos: 5.022 r99fer: 0.006 r99tot: 5.028
 Nb/Nf: 2.34819e+07 Eb/Ef: 2.96352e+07
mass_bos= 0.242968 mass_fer= 8.19862e-09
compactness= 0.0726246
compactness_boson= 0.0483807
E_binding= 0.210274
