mass= 0.487293numbos: 0.222231 numfer: 0.0287008 omega: 0.769585 r99bos: 4.35 r99fer: 1.776 r99tot: 4.422
 Nb/Nf: 7.74302 Eb/Ef: 8.7189
mass_bos= 0.292599 mass_fer= 0.0335592
compactness= 0.110197
compactness_boson= 0.0672642
E_binding= 0.236361
