mass= 0.367306numbos: 0.156145 numfer: 3.57207e-09 omega: 0.84483 r99bos: 4.998 r99fer: 0.006 r99tot: 5.01
 Nb/Nf: 4.37128e+07 Eb/Ef: 6.03507e+07
mass_bos= 0.243947 mass_fer= 4.04215e-09
compactness= 0.0733147
compactness_boson= 0.0488089
E_binding= 0.211161
