mass= 0.378194numbos: 0.162607 numfer: 1.04181e-07 omega: 0.83952 r99bos: 4.944 r99fer: 0.012 r99tot: 4.974
 Nb/Nf: 1.56081e+06 Eb/Ef: 1.92126e+06
mass_bos= 0.249066 mass_fer= 1.29637e-07
compactness= 0.0760341
compactness_boson= 0.0503775
E_binding= 0.215587
