mass= 0.617357numbos: 0.314659 numfer: 0.00593442 omega: 0.825551 r99bos: 6.534 r99fer: 1.692 r99tot: 6.648
 Nb/Nf: 53.0228 Eb/Ef: 57.3279
mass_bos= 0.352674 mass_fer= 0.00615188
compactness= 0.0928635
compactness_boson= 0.0539753
E_binding= 0.296763
