mass= 0.364874numbos: 0.15471 numfer: 1.78658e-08 omega: 0.84645 r99bos: 4.98 r99fer: 0.006 r99tot: 4.998
 Nb/Nf: 8.65955e+06 Eb/Ef: 8.1961e+06
mass_bos= 0.242809 mass_fer= 2.9625e-08
compactness= 0.0730041
compactness_boson= 0.0487569
E_binding= 0.210165
