mass= 0.355334numbos: 0.149235 numfer: 8.85877e-06 omega: 0.856459 r99bos: 5.238 r99fer: 0.108 r99tot: 5.226
 Nb/Nf: 16846.1 Eb/Ef: 22328.7
mass_bos= 0.233472 mass_fer= 1.04561e-05
compactness= 0.0679934
compactness_boson= 0.0445728
E_binding= 0.206089
