mass= 0.342374numbos: 0.141576 numfer: 0.000543626 omega: 0.836149 r99bos: 4.596 r99fer: 0.39 r99tot: 4.59
 Nb/Nf: 260.429 Eb/Ef: 327.929
mass_bos= 0.228343 mass_fer= 0.000696317
compactness= 0.0745912
compactness_boson= 0.049683
E_binding= 0.200254
