mass= 0.361061numbos: 0.153037 numfer: 4.3958e-05 omega: 0.811006 r99bos: 4.182 r99fer: 0.24 r99tot: 4.218
 Nb/Nf: 3481.44 Eb/Ef: 5041.99
mass_bos= 0.241202 mass_fer= 4.78386e-05
compactness= 0.0856
compactness_boson= 0.0576761
E_binding= 0.20798
