mass= 0.370871numbos: 0.158253 numfer: 1.29184e-07 omega: 0.842453 r99bos: 4.938 r99fer: 0.006 r99tot: 4.962
 Nb/Nf: 1.22502e+06 Eb/Ef: 1.13869e+06
mass_bos= 0.245527 mass_fer= 2.15623e-07
compactness= 0.0747423
compactness_boson= 0.0497219
E_binding= 0.212618
