mass= 0.373834numbos: 0.160013 numfer: 5.8869e-08 omega: 0.840591 r99bos: 4.932 r99fer: 0.006 r99tot: 4.95
 Nb/Nf: 2.71811e+06 Eb/Ef: 2.89351e+06
mass_bos= 0.246957 mass_fer= 8.53483e-08
compactness= 0.075522
compactness_boson= 0.0500723
E_binding= 0.213821
