mass= 0.439099numbos: 0.202218 numfer: 0.00148399 omega: 0.773103 r99bos: 4.08 r99fer: 0.702 r99tot: 4.176
 Nb/Nf: 136.266 Eb/Ef: 170.165
mass_bos= 0.284729 mass_fer= 0.00167326
compactness= 0.105148
compactness_boson= 0.0697866
E_binding= 0.235397
