mass= 0.38045numbos: 0.16395 numfer: 7.49246e-08 omega: 0.839948 r99bos: 4.98 r99fer: 0.012 r99tot: 5.004
 Nb/Nf: 2.18819e+06 Eb/Ef: 2.76959e+06
mass_bos= 0.250018 mass_fer= 9.02727e-08
compactness= 0.0760292
compactness_boson= 0.0502045
E_binding= 0.216501
