mass= 0.364741numbos: 0.154628 numfer: 2.03412e-08 omega: 0.846507 r99bos: 4.962 r99fer: 0.006 r99tot: 4.986
 Nb/Nf: 7.60169e+06 Eb/Ef: 6.82127e+06
mass_bos= 0.242735 mass_fer= 3.5585e-08
compactness= 0.0731531
compactness_boson= 0.0489187
E_binding= 0.210114
