mass= 0.474838numbos: 0.215036 numfer: 0.026755 omega: 0.769289 r99bos: 4.266 r99fer: 1.704 r99tot: 4.338
 Nb/Nf: 8.03721 Eb/Ef: 9.11136
mass_bos= 0.287657 mass_fer= 0.0315712
compactness= 0.10946
compactness_boson= 0.0674301
E_binding= 0.233047
