mass= 0.366517numbos: 0.155678 numfer: 8.79716e-09 omega: 0.845302 r99bos: 4.998 r99fer: 0.006 r99tot: 5.01
 Nb/Nf: 1.76964e+07 Eb/Ef: 2.09112e+07
mass_bos= 0.243581 mass_fer= 1.16483e-08
compactness= 0.0731571
compactness_boson= 0.0487357
E_binding= 0.210839
