mass= 0.367167numbos: 0.156151 numfer: 4.70183e-07 omega: 0.854049 r99bos: 5.268 r99fer: 0.048 r99tot: 5.274
 Nb/Nf: 332106 Eb/Ef: 472614
mass_bos= 0.240183 mass_fer= 5.082e-07
compactness= 0.0696182
compactness_boson= 0.0455927
E_binding= 0.211015
