mass= 0.37944numbos: 0.163349 numfer: 3.9924e-07 omega: 0.839611 r99bos: 4.962 r99fer: 0.024 r99tot: 4.986
 Nb/Nf: 409149 Eb/Ef: 483162
mass_bos= 0.24962 mass_fer= 5.16637e-07
compactness= 0.076101
compactness_boson= 0.0503062
E_binding= 0.216091
