mass= 0.372322numbos: 0.159114 numfer: 8.3331e-08 omega: 0.841428 r99bos: 4.932 r99fer: 0.006 r99tot: 4.956
 Nb/Nf: 1.90943e+06 Eb/Ef: 2.00101e+06
mass_bos= 0.246214 mass_fer= 1.23045e-07
compactness= 0.0751255
compactness_boson= 0.0499218
E_binding= 0.213207
