mass= 0.59845numbos: 0.306616 numfer: 0.000934035 omega: 0.90362 r99bos: 10.674 r99fer: 1.71 r99tot: 10.77
 Nb/Nf: 328.27 Eb/Ef: 341.15
mass_bos= 0.320435 mass_fer= 0.000939278
compactness= 0.0555664
compactness_boson= 0.0300201
E_binding= 0.2909
