mass= 0.345252numbos: 0.143388 numfer: 9.55639e-05 omega: 0.829911 r99bos: 4.452 r99fer: 0.258 r99tot: 4.458
 Nb/Nf: 1500.44 Eb/Ef: 2087.75
mass_bos= 0.230838 mass_fer= 0.000110568
compactness= 0.0774456
compactness_boson= 0.0518505
E_binding= 0.201769
