mass= 0.516115numbos: 0.252675 numfer: 0.000107928 omega: 0.770246 r99bos: 4.506 r99fer: 0.486 r99tot: 4.632
 Nb/Nf: 2341.15 Eb/Ef: 2915.19
mass_bos= 0.323345 mass_fer= 0.000110917
compactness= 0.111424
compactness_boson= 0.0717588
E_binding= 0.263332
