mass= 0.461932numbos: 0.206383 numfer: 0.0273254 omega: 0.769276 r99bos: 4.188 r99fer: 1.692 r99tot: 4.254
 Nb/Nf: 7.55279 Eb/Ef: 8.61647
mass_bos= 0.280915 mass_fer= 0.0326021
compactness= 0.108588
compactness_boson= 0.0670761
E_binding= 0.228224
