mass= 0.614707numbos: 0.315068 numfer: 0.000969034 omega: 0.816324 r99bos: 6.216 r99fer: 1.092 r99tot: 6.342
 Nb/Nf: 325.136 Eb/Ef: 360.479
mass_bos= 0.356994 mass_fer= 0.000990332
compactness= 0.0969263
compactness_boson= 0.0574314
E_binding= 0.29867
