mass= 0.363533numbos: 0.154029 numfer: 8.87133e-10 omega: 0.855161 r99bos: 5.298 r99fer: 0.006 r99tot: 5.286
 Nb/Nf: 1.73625e+08 Eb/Ef: 2.66483e+08
mass_bos= 0.238061 mass_fer= 8.93343e-10
compactness= 0.0687729
compactness_boson= 0.0449341
E_binding= 0.209505
