mass= 0.382975numbos: 0.165912 numfer: 0.00292758 omega: 0.795471 r99bos: 4.092 r99fer: 0.726 r99tot: 4.14
 Nb/Nf: 56.672 Eb/Ef: 69.7867
mass_bos= 0.25243 mass_fer= 0.00361716
compactness= 0.0925061
compactness_boson= 0.0616886
E_binding= 0.214136
