mass= 0.569012numbos: 0.282982 numfer: 0.00987184 omega: 0.790424 r99bos: 5.256 r99fer: 1.56 r99tot: 5.376
 Nb/Nf: 28.6656 Eb/Ef: 31.7727
mass_bos= 0.337883 mass_fer= 0.0106344
compactness= 0.105843
compactness_boson= 0.0642852
E_binding= 0.276158
