mass= 0.36872numbos: 0.156978 numfer: 1.51189e-08 omega: 0.843953 r99bos: 4.956 r99fer: 0.006 r99tot: 4.98
 Nb/Nf: 1.03829e+07 Eb/Ef: 1.03893e+07
mass_bos= 0.244564 mass_fer= 2.35401e-08
compactness= 0.0740402
compactness_boson= 0.049347
E_binding= 0.211743
