mass= 0.345139numbos: 0.143195 numfer: 0.000715524 omega: 0.830706 r99bos: 4.494 r99fer: 0.432 r99tot: 4.494
 Nb/Nf: 200.126 Eb/Ef: 252.141
mass_bos= 0.230261 mass_fer= 0.000913221
compactness= 0.0767999
compactness_boson= 0.0512374
E_binding= 0.201228
