mass= 0.38127numbos: 0.164438 numfer: 1.05994e-08 omega: 0.840488 r99bos: 5.004 r99fer: 0.006 r99tot: 5.028
 Nb/Nf: 1.55139e+07 Eb/Ef: 2.18365e+07
mass_bos= 0.250288 mass_fer= 1.14619e-08
compactness= 0.0758294
compactness_boson= 0.0500176
E_binding= 0.216832
