mass= 0.381792numbos: 0.164749 numfer: 3.90952e-07 omega: 0.841252 r99bos: 5.028 r99fer: 0.03 r99tot: 5.052
 Nb/Nf: 421405 Eb/Ef: 547533
mass_bos= 0.250369 mass_fer= 4.57267e-07
compactness= 0.0755725
compactness_boson= 0.049795
E_binding= 0.217043
