mass= 0.41576numbos: 0.181206 numfer: 0.0169776 omega: 0.779072 r99bos: 4.056 r99fer: 1.362 r99tot: 4.104
 Nb/Nf: 10.6733 Eb/Ef: 12.5047
mass_bos= 0.262411 mass_fer= 0.020985
compactness= 0.101306
compactness_boson= 0.0646969
E_binding= 0.217576
