mass= 0.381264numbos: 0.164434 numfer: 1.19277e-08 omega: 0.840491 r99bos: 5.004 r99fer: 0.006 r99tot: 5.028
 Nb/Nf: 1.37859e+07 Eb/Ef: 1.92488e+07
mass_bos= 0.250285 mass_fer= 1.30026e-08
compactness= 0.0758282
compactness_boson= 0.0500169
E_binding= 0.21683
