mass= 0.339903numbos: 0.140202 numfer: 8.19812e-07 omega: 0.845202 r99bos: 4.776 r99fer: 0.078 r99tot: 4.758
 Nb/Nf: 171018 Eb/Ef: 265825
mass_bos= 0.226457 mass_fer= 8.51901e-07
compactness= 0.0714383
compactness_boson= 0.0474156
E_binding= 0.1997
