mass= 0.515195numbos: 0.243945 numfer: 0.0206519 omega: 0.774358 r99bos: 4.602 r99fer: 1.674 r99tot: 4.698
 Nb/Nf: 11.8123 Eb/Ef: 13.2053
mass_bos= 0.309913 mass_fer= 0.0234689
compactness= 0.109663
compactness_boson= 0.0673432
E_binding= 0.250598
