mass= 0.34009numbos: 0.140317 numfer: 7.07086e-09 omega: 0.845119 r99bos: 4.806 r99fer: 0.024 r99tot: 4.788
 Nb/Nf: 1.98444e+07 Eb/Ef: 3.18524e+07
mass_bos= 0.226562 mass_fer= 7.11286e-09
compactness= 0.0710296
compactness_boson= 0.0471414
E_binding= 0.199773
