mass= 0.660826numbos: 0.205673 numfer: 0.271184 omega: 0.721287 r99bos: 4.392 r99fer: 4.368 r99tot: 4.404
 Nb/Nf: 0.758427 Eb/Ef: 0.831986
mass_bos= 0.256575 mass_fer= 0.308389
compactness= 0.150051
compactness_boson= 0.0584188
E_binding= 0.183969
