mass= 0.37682numbos: 0.161789 numfer: 1.25995e-07 omega: 0.839648 r99bos: 4.938 r99fer: 0.012 r99tot: 4.962
 Nb/Nf: 1.28409e+06 Eb/Ef: 1.53202e+06
mass_bos= 0.248421 mass_fer= 1.62153e-07
compactness= 0.0759411
compactness_boson= 0.050308
E_binding= 0.215031
