mass= 0.4941numbos: 0.234336 numfer: 0.0111581 omega: 0.771329 r99bos: 4.41 r99fer: 1.338 r99tot: 4.518
 Nb/Nf: 21.0013 Eb/Ef: 24.029
mass_bos= 0.305952 mass_fer= 0.0127326
compactness= 0.109362
compactness_boson= 0.0693769
E_binding= 0.248606
