mass= 0.370658numbos: 0.158196 numfer: 2.84845e-06 omega: 0.852629 r99bos: 5.262 r99fer: 0.072 r99tot: 5.268
 Nb/Nf: 55537.7 Eb/Ef: 72075.6
mass_bos= 0.242274 mass_fer= 3.36139e-06
compactness= 0.0703602
compactness_boson= 0.0460422
E_binding= 0.212459
