mass= 0.38002numbos: 0.163702 numfer: 1.42651e-06 omega: 0.846213 r99bos: 5.154 r99fer: 0.054 r99tot: 5.172
 Nb/Nf: 114757 Eb/Ef: 145978
mass_bos= 0.248395 mass_fer= 1.70159e-06
compactness= 0.0734764
compactness_boson= 0.0481946
E_binding= 0.216316
