mass= 0.367227numbos: 0.156186 numfer: 8.32266e-06 omega: 0.854021 r99bos: 5.274 r99fer: 0.102 r99tot: 5.274
 Nb/Nf: 18766.4 Eb/Ef: 23536.3
mass_bos= 0.240212 mass_fer= 1.0206e-05
compactness= 0.0696296
compactness_boson= 0.0455465
E_binding= 0.211032
