mass= 0.500215numbos: 0.216545 numfer: 0.057649 omega: 0.763553 r99bos: 4.326 r99fer: 2.304 r99tot: 4.356
 Nb/Nf: 3.75626 Eb/Ef: 4.20154
mass_bos= 0.283472 mass_fer= 0.0674685
compactness= 0.114833
compactness_boson= 0.0655275
E_binding= 0.226021
