mass= 0.339967numbos: 0.140242 numfer: 3.60484e-07 omega: 0.845173 r99bos: 4.788 r99fer: 0.066 r99tot: 4.77
 Nb/Nf: 389038 Eb/Ef: 611158
mass_bos= 0.226493 mass_fer= 3.70597e-07
compactness= 0.071272
compactness_boson= 0.0473043
E_binding= 0.199725
