mass= 0.364271numbos: 0.154393 numfer: 7.972e-09 omega: 0.848272 r99bos: 5.064 r99fer: 0.006 r99tot: 5.07
 Nb/Nf: 1.93669e+07 Eb/Ef: 2.35299e+07
mass_bos= 0.242673 mass_fer= 1.03134e-08
compactness= 0.0718482
compactness_boson= 0.0479211
E_binding= 0.209877
