mass= 0.367171numbos: 0.156061 numfer: 1.26434e-08 omega: 0.844885 r99bos: 4.98 r99fer: 0.006 r99tot: 4.998
 Nb/Nf: 1.23433e+07 Eb/Ef: 1.3159e+07
mass_bos= 0.243871 mass_fer= 1.85327e-08
compactness= 0.0734635
compactness_boson= 0.04897
E_binding= 0.211109
