mass= 0.380044numbos: 0.163717 numfer: 4.04538e-06 omega: 0.8462 r99bos: 5.16 r99fer: 0.066 r99tot: 5.178
 Nb/Nf: 40470 Eb/Ef: 46511.7
mass_bos= 0.248407 mass_fer= 5.34074e-06
compactness= 0.0733959
compactness_boson= 0.0481409
E_binding= 0.216323
