mass= 0.379489numbos: 0.163379 numfer: 9.44797e-07 omega: 0.839591 r99bos: 4.968 r99fer: 0.042 r99tot: 4.992
 Nb/Nf: 172925 Eb/Ef: 224817
mass_bos= 0.249647 mass_fer= 1.11045e-06
compactness= 0.0760195
compactness_boson= 0.0502511
E_binding= 0.216109
