mass= 1.42183numbos: 0.0465609 numfer: 1.44292 omega: 0.474522 r99bos: 3.99 r99fer: 5.88 r99tot: 5.832
 Nb/Nf: 0.0322685 Eb/Ef: 0.032205
mass_bos= 0.0568919 mass_fer= 1.76656
compactness= 0.243797
compactness_boson= 0.0142586
E_binding= -0.0676585
