mass= 0.381981numbos: 0.164862 numfer: 1.15575e-06 omega: 0.842221 r99bos: 5.058 r99fer: 0.042 r99tot: 5.082
 Nb/Nf: 142645 Eb/Ef: 169476
mass_bos= 0.250245 mass_fer= 1.47658e-06
compactness= 0.0751636
compactness_boson= 0.0494751
E_binding= 0.217118
