mass= 0.364113numbos: 0.154297 numfer: 1.5393e-08 omega: 0.848337 r99bos: 5.046 r99fer: 0.006 r99tot: 5.052
 Nb/Nf: 1.00238e+07 Eb/Ef: 1.00564e+07
mass_bos= 0.242584 mass_fer= 2.41224e-08
compactness= 0.072073
compactness_boson= 0.0480746
E_binding= 0.209816
