mass= 0.381785numbos: 0.164746 numfer: 1.92793e-06 omega: 0.843384 r99bos: 5.094 r99fer: 0.054 r99tot: 5.112
 Nb/Nf: 85452.3 Eb/Ef: 102176
mass_bos= 0.249891 mass_fer= 2.4457e-06
compactness= 0.074684
compactness_boson= 0.0490559
E_binding= 0.217037
