mass= 0.371002numbos: 0.158334 numfer: 5.77339e-09 omega: 0.842399 r99bos: 4.956 r99fer: 0.006 r99tot: 4.974
 Nb/Nf: 2.74247e+07 Eb/Ef: 3.50788e+07
mass_bos= 0.2456 mass_fer= 7.00139e-09
compactness= 0.0745883
compactness_boson= 0.0495562
E_binding= 0.212669
