mass= 0.359413numbos: 0.151618 numfer: 9.00376e-06 omega: 0.856043 r99bos: 5.262 r99fer: 0.108 r99tot: 5.256
 Nb/Nf: 16839.4 Eb/Ef: 21886.7
mass_bos= 0.235721 mass_fer= 1.077e-05
compactness= 0.0683814
compactness_boson= 0.0447968
E_binding= 0.207786
