mass= 0.364513numbos: 0.154512 numfer: 8.79716e-09 omega: 0.84708 r99bos: 5.028 r99fer: 0.006 r99tot: 5.04
 Nb/Nf: 1.75638e+07 Eb/Ef: 2.08347e+07
mass_bos= 0.242689 mass_fer= 1.16483e-08
compactness= 0.072324
compactness_boson= 0.0482675
E_binding= 0.210001
