mass= 0.366362numbos: 0.155583 numfer: 1.40195e-08 omega: 0.845366 r99bos: 4.98 r99fer: 0.006 r99tot: 4.992
 Nb/Nf: 1.10976e+07 Eb/Ef: 1.14528e+07
mass_bos= 0.243494 mass_fer= 2.12606e-08
compactness= 0.0733898
compactness_boson= 0.0488943
E_binding= 0.210779
