mass= 0.37632numbos: 0.161522 numfer: 7.28193e-08 omega: 0.849436 r99bos: 5.22 r99fer: 0.024 r99tot: 5.232
 Nb/Nf: 2.21812e+06 Eb/Ef: 3.18031e+06
mass_bos= 0.245838 mass_fer= 7.73001e-08
compactness= 0.0719267
compactness_boson= 0.0470955
E_binding= 0.214798
