mass= 0.376797numbos: 0.161774 numfer: 1.46552e-07 omega: 0.839657 r99bos: 4.932 r99fer: 0.012 r99tot: 4.956
 Nb/Nf: 1.10387e+06 Eb/Ef: 1.27274e+06
mass_bos= 0.248408 mass_fer= 1.95175e-07
compactness= 0.0760284
compactness_boson= 0.0503666
E_binding= 0.215022
