mass= 0.347685numbos: 0.144768 numfer: 6.48573e-07 omega: 0.855613 r99bos: 5.142 r99fer: 0.066 r99tot: 5.124
 Nb/Nf: 223210 Eb/Ef: 336179
mass_bos= 0.229473 mass_fer= 6.82591e-07
compactness= 0.0678541
compactness_boson= 0.0446271
E_binding= 0.202916
