mass= 0.381287numbos: 0.164448 numfer: 7.04067e-07 omega: 0.840481 r99bos: 5.004 r99fer: 0.03 r99tot: 5.028
 Nb/Nf: 233569 Eb/Ef: 264757
mass_bos= 0.250297 mass_fer= 9.45383e-07
compactness= 0.0758327
compactness_boson= 0.0500193
E_binding= 0.216838
