mass= 0.368002numbos: 0.156554 numfer: 1.09958e-08 omega: 0.844407 r99bos: 4.98 r99fer: 0.006 r99tot: 4.998
 Nb/Nf: 1.42377e+07 Eb/Ef: 1.58092e+07
mass_bos= 0.244254 mass_fer= 1.54502e-08
compactness= 0.0736298
compactness_boson= 0.0490471
E_binding= 0.211447
