mass= 0.379428numbos: 0.163342 numfer: 2.02339e-07 omega: 0.839616 r99bos: 4.962 r99fer: 0.018 r99tot: 4.986
 Nb/Nf: 807266 Eb/Ef: 992881
mass_bos= 0.249613 mass_fer= 2.51403e-07
compactness= 0.0760987
compactness_boson= 0.050305
E_binding= 0.216086
