mass= 0.674858numbos: 0.238528 numfer: 0.229281 omega: 0.807126 r99bos: 6.348 r99fer: 4.722 r99tot: 6.108
 Nb/Nf: 1.04033 Eb/Ef: 1.08283
mass_bos= 0.267248 mass_fer= 0.246806
compactness= 0.110488
compactness_boson= 0.0420995
E_binding= 0.207049
