mass= 0.460974numbos: 0.201894 numfer: 0.0354868 omega: 0.767338 r99bos: 4.152 r99fer: 1.86 r99tot: 4.2
 Nb/Nf: 5.68927 Eb/Ef: 6.49245
mass_bos= 0.27595 mass_fer= 0.0425033
compactness= 0.109756
compactness_boson= 0.066462
E_binding= 0.223594
