mass= 0.405415numbos: 0.175664 numfer: 0.0144843 omega: 0.78311 r99bos: 4.05 r99fer: 1.272 r99tot: 4.098
 Nb/Nf: 12.1279 Eb/Ef: 14.2945
mass_bos= 0.258117 mass_fer= 0.0180571
compactness= 0.09893
compactness_boson= 0.0637327
E_binding= 0.215266
