mass= 0.371066numbos: 0.158373 numfer: 2.47276e-09 omega: 0.842373 r99bos: 4.968 r99fer: 0.006 r99tot: 4.98
 Nb/Nf: 6.40469e+07 Eb/Ef: 9.10427e+07
mass_bos= 0.245636 mass_fer= 2.69803e-09
compactness= 0.0745112
compactness_boson= 0.0494436
E_binding= 0.212693
