mass= 0.37229numbos: 0.159095 numfer: 9.61514e-08 omega: 0.841441 r99bos: 4.926 r99fer: 0.006 r99tot: 4.95
 Nb/Nf: 1.65463e+06 Eb/Ef: 1.65233e+06
mass_bos= 0.246196 mass_fer= 1.49e-07
compactness= 0.0752101
compactness_boson= 0.0499789
E_binding= 0.213195
