mass= 0.378399numbos: 0.162746 numfer: 8.16424e-08 omega: 0.847807 r99bos: 5.184 r99fer: 0.024 r99tot: 5.202
 Nb/Nf: 1.9934e+06 Eb/Ef: 2.85054e+06
mass_bos= 0.247238 mass_fer= 8.67338e-08
compactness= 0.0727411
compactness_boson= 0.0476925
E_binding= 0.215653
