mass= 0.381108numbos: 0.164345 numfer: 1.06131e-07 omega: 0.844741 r99bos: 5.118 r99fer: 0.024 r99tot: 5.142
 Nb/Nf: 1.54851e+06 Eb/Ef: 2.16955e+06
mass_bos= 0.24926 mass_fer= 1.1489e-07
compactness= 0.0741167
compactness_boson= 0.0487026
E_binding= 0.216763
