mass= 0.378402numbos: 0.162747 numfer: 5.81488e-07 omega: 0.847805 r99bos: 5.184 r99fer: 0.042 r99tot: 5.202
 Nb/Nf: 279881 Eb/Ef: 373994
mass_bos= 0.247239 mass_fer= 6.61078e-07
compactness= 0.0727416
compactness_boson= 0.0476928
E_binding= 0.215654
