mass= 0.364428numbos: 0.154459 numfer: 1.34685e-08 omega: 0.847115 r99bos: 5.016 r99fer: 0.006 r99tot: 5.028
 Nb/Nf: 1.14682e+07 Eb/Ef: 1.20408e+07
mass_bos= 0.242641 mass_fer= 2.01516e-08
compactness= 0.0724796
compactness_boson= 0.0483734
E_binding= 0.209968
