mass= 0.373729numbos: 0.159998 numfer: 6.04881e-08 omega: 0.851067 r99bos: 5.244 r99fer: 0.024 r99tot: 5.25
 Nb/Nf: 2.64512e+06 Eb/Ef: 3.8408e+06
mass_bos= 0.244175 mass_fer= 6.35739e-08
compactness= 0.0711864
compactness_boson= 0.0465627
E_binding= 0.21373
