mass= 1.28707numbos: 0.0846623 numfer: 1.21402 omega: 0.487536 r99bos: 3.72 r99fer: 5.724 r99tot: 5.664
 Nb/Nf: 0.0697374 Eb/Ef: 0.0719338
mass_bos= 0.106809 mass_fer= 1.48482
compactness= 0.227236
compactness_boson= 0.0287121
E_binding= -0.0116118
