mass= 0.651103numbos: 0.207977 numfer: 0.255747 omega: 0.725894 r99bos: 4.428 r99fer: 4.278 r99tot: 4.362
 Nb/Nf: 0.813212 Eb/Ef: 0.891051
mass_bos= 0.259 mass_fer= 0.290668
compactness= 0.149267
compactness_boson= 0.0584914
E_binding= 0.187379
