mass= 0.364321numbos: 0.154424 numfer: 2.74962e-09 omega: 0.848252 r99bos: 5.076 r99fer: 0.006 r99tot: 5.076
 Nb/Nf: 5.6162e+07 Eb/Ef: 8.01481e+07
mass_bos= 0.242701 mass_fer= 3.02816e-09
compactness= 0.0717733
compactness_boson= 0.0478135
E_binding= 0.209897
