mass= 0.372371numbos: 0.159145 numfer: 5.70259e-08 omega: 0.841407 r99bos: 4.938 r99fer: 0.006 r99tot: 4.962
 Nb/Nf: 2.79075e+06 Eb/Ef: 3.27028e+06
mass_bos= 0.246242 mass_fer= 7.52968e-08
compactness= 0.0750445
compactness_boson= 0.0498667
E_binding= 0.213226
