mass= 1.31454numbos: 0.090905 numfer: 1.2418 omega: 0.5205 r99bos: 4.086 r99fer: 5.994 r99tot: 5.94
 Nb/Nf: 0.073204 Eb/Ef: 0.07491
mass_bos= 0.110997 mass_fer= 1.48174
compactness= 0.221304
compactness_boson= 0.0271652
E_binding= -0.0181635
