mass= 0.564747numbos: 0.276757 numfer: 0.0181527 omega: 0.790311 r99bos: 5.238 r99fer: 1.818 r99tot: 5.34
 Nb/Nf: 15.246 Eb/Ef: 16.7159
mass_bos= 0.3312 mass_fer= 0.0198135
compactness= 0.105758
compactness_boson= 0.0632303
E_binding= 0.269837
