mass= 0.406566numbos: 0.177299 numfer: 0.0123524 omega: 0.783097 r99bos: 4.056 r99fer: 1.2 r99tot: 4.11
 Nb/Nf: 14.3535 Eb/Ef: 16.9398
mass_bos= 0.260042 mass_fer= 0.0153509
compactness= 0.0989212
compactness_boson= 0.0641129
E_binding= 0.216915
