mass= 1.10447numbos: 0.144556 numfer: 0.899397 omega: 0.596632 r99bos: 4.248 r99fer: 5.982 r99tot: 5.904
 Nb/Nf: 0.160725 Eb/Ef: 0.169687
mass_bos= 0.176348 mass_fer= 1.03925
compactness= 0.187072
compactness_boson= 0.0415133
E_binding= 0.0605217
