mass= 0.373738numbos: 0.160004 numfer: 3.97011e-06 omega: 0.85106 r99bos: 5.244 r99fer: 0.078 r99tot: 5.25
 Nb/Nf: 40302 Eb/Ef: 50724.9
mass_bos= 0.244178 mass_fer= 4.81378e-06
compactness= 0.0711881
compactness_boson= 0.0465634
E_binding= 0.21373
