mass= 0.366978numbos: 0.155943 numfer: 1.73175e-08 omega: 0.844966 r99bos: 4.956 r99fer: 0.006 r99tot: 4.974
 Nb/Nf: 9.00497e+06 Eb/Ef: 8.59347e+06
mass_bos= 0.243762 mass_fer= 2.8366e-08
compactness= 0.0737793
compactness_boson= 0.0491853
E_binding= 0.211035
