mass= 0.438866numbos: 0.194922 numfer: 0.0196406 omega: 0.773148 r99bos: 4.104 r99fer: 1.464 r99tot: 4.17
 Nb/Nf: 9.92444 Eb/Ef: 11.4844
mass_bos= 0.273348 mass_fer= 0.0238017
compactness= 0.105244
compactness_boson= 0.0666052
E_binding= 0.224304
