mass= 0.368857numbos: 0.157062 numfer: 7.42099e-09 omega: 0.843897 r99bos: 4.98 r99fer: 0.006 r99tot: 4.992
 Nb/Nf: 2.11645e+07 Eb/Ef: 2.58882e+07
mass_bos= 0.244641 mass_fer= 9.44989e-09
compactness= 0.0738896
compactness_boson= 0.0491247
E_binding= 0.211795
