mass= 0.364303numbos: 0.154413 numfer: 6.04754e-09 omega: 0.848259 r99bos: 5.07 r99fer: 0.006 r99tot: 5.076
 Nb/Nf: 2.55332e+07 Eb/Ef: 3.28185e+07
mass_bos= 0.242691 mass_fer= 7.39493e-09
compactness= 0.0717696
compactness_boson= 0.047868
E_binding= 0.20989
