mass= 0.359367numbos: 0.151591 numfer: 5.11426e-07 omega: 0.856064 r99bos: 5.262 r99fer: 0.054 r99tot: 5.256
 Nb/Nf: 296408 Eb/Ef: 431972
mass_bos= 0.235699 mass_fer= 5.45635e-07
compactness= 0.0683727
compactness_boson= 0.0447927
E_binding= 0.207775
