mass= 0.373729numbos: 0.159998 numfer: 3.42768e-06 omega: 0.851063 r99bos: 5.244 r99fer: 0.072 r99tot: 5.25
 Nb/Nf: 46678.3 Eb/Ef: 58676
mass_bos= 0.244174 mass_fer= 4.16139e-06
compactness= 0.0711865
compactness_boson= 0.0465625
E_binding= 0.213727
