mass= 0.381957numbos: 0.164847 numfer: 7.02667e-08 omega: 0.842232 r99bos: 5.058 r99fer: 0.018 r99tot: 5.082
 Nb/Nf: 2.34602e+06 Eb/Ef: 3.26251e+06
mass_bos= 0.250232 mass_fer= 7.66993e-08
compactness= 0.0751589
compactness_boson= 0.0494725
E_binding= 0.21711
