mass= 0.366527numbos: 0.155684 numfer: 6.59584e-09 omega: 0.845298 r99bos: 5.004 r99fer: 0.006 r99tot: 5.016
 Nb/Nf: 2.36034e+07 Eb/Ef: 2.97107e+07
mass_bos= 0.243587 mass_fer= 8.19862e-09
compactness= 0.0730716
compactness_boson= 0.0486784
E_binding= 0.210843
