mass= 0.361112numbos: 0.153077 numfer: 6.15799e-07 omega: 0.810928 r99bos: 4.188 r99fer: 0.102 r99tot: 4.224
 Nb/Nf: 248583 Eb/Ef: 385529
mass_bos= 0.241264 mass_fer= 6.25799e-07
compactness= 0.0854906
compactness_boson= 0.0576084
E_binding= 0.208035
