mass= 0.950725numbos: 0.157009 numfer: 0.692759 omega: 0.603279 r99bos: 3.828 r99fer: 5.598 r99tot: 5.508
 Nb/Nf: 0.226644 Eb/Ef: 0.249915
mass_bos= 0.201715 mass_fer= 0.807133
compactness= 0.172608
compactness_boson= 0.0526946
E_binding= 0.100956
