mass= 0.364481numbos: 0.154492 numfer: 1.18182e-08 omega: 0.847093 r99bos: 5.022 r99fer: 0.006 r99tot: 5.034
 Nb/Nf: 1.30724e+07 Eb/Ef: 1.43052e+07
mass_bos= 0.242671 mass_fer= 1.69639e-08
compactness= 0.0724039
compactness_boson= 0.0483216
E_binding= 0.209989
