mass= 0.630481numbos: 0.324954 numfer: 0.000196424 omega: 0.865493 r99bos: 8.304 r99fer: 1.014 r99tot: 8.418
 Nb/Nf: 1654.35 Eb/Ef: 1766.65
mass_bos= 0.348977 mass_fer= 0.000197536
compactness= 0.0748968
compactness_boson= 0.0420252
E_binding= 0.305331
