mass= 0.366541numbos: 0.155693 numfer: 6.04754e-09 omega: 0.845292 r99bos: 5.004 r99fer: 0.006 r99tot: 5.016
 Nb/Nf: 2.57448e+07 Eb/Ef: 3.29407e+07
mass_bos= 0.243594 mass_fer= 7.39493e-09
compactness= 0.0730743
compactness_boson= 0.0486799
E_binding= 0.210848
