mass= 0.355479numbos: 0.149318 numfer: 4.19055e-05 omega: 0.856415 r99bos: 5.25 r99fer: 0.156 r99tot: 5.232
 Nb/Nf: 3563.2 Eb/Ef: 4322.11
mass_bos= 0.23353 mass_fer= 5.40315e-05
compactness= 0.0679431
compactness_boson= 0.0444819
E_binding= 0.206119
