mass= 0.347761numbos: 0.144811 numfer: 2.24252e-05 omega: 0.855592 r99bos: 5.142 r99fer: 0.15 r99tot: 5.124
 Nb/Nf: 6457.52 Eb/Ef: 8556.51
mass_bos= 0.229501 mass_fer= 2.68218e-05
compactness= 0.067869
compactness_boson= 0.0446326
E_binding= 0.202927
