mass= 0.351554numbos: 0.147025 numfer: 5.40204e-05 omega: 0.856298 r99bos: 5.208 r99fer: 0.18 r99tot: 5.19
 Nb/Nf: 2721.65 Eb/Ef: 3350.34
mass_bos= 0.231427 mass_fer= 6.90757e-05
compactness= 0.0677367
compactness_boson= 0.0444368
E_binding= 0.204475
