mass= 0.351598numbos: 0.147048 numfer: 7.03614e-05 omega: 0.856294 r99bos: 5.214 r99fer: 0.186 r99tot: 5.196
 Nb/Nf: 2089.9 Eb/Ef: 2522.14
mass_bos= 0.231438 mass_fer= 9.17629e-05
compactness= 0.067667
compactness_boson= 0.0443879
E_binding= 0.204479
