mass= 0.369788numbos: 0.157613 numfer: 9.07131e-09 omega: 0.84328 r99bos: 4.962 r99fer: 0.006 r99tot: 4.98
 Nb/Nf: 1.73749e+07 Eb/Ef: 2.02472e+07
mass_bos= 0.245051 mass_fer= 1.21029e-08
compactness= 0.0742546
compactness_boson= 0.0493855
E_binding= 0.212175
