mass= 0.36894numbos: 0.157113 numfer: 2.47276e-09 omega: 0.843863 r99bos: 4.992 r99fer: 0.006 r99tot: 5.004
 Nb/Nf: 6.35374e+07 Eb/Ef: 9.06912e+07
mass_bos= 0.244687 mass_fer= 2.69803e-09
compactness= 0.073729
compactness_boson= 0.0490159
E_binding= 0.211827
