mass= 0.407745numbos: 0.178823 numfer: 0.0104724 omega: 0.78296 r99bos: 4.062 r99fer: 1.14 r99tot: 4.116
 Nb/Nf: 17.0756 Eb/Ef: 20.199
mass_bos= 0.261846 mass_fer= 0.0129633
compactness= 0.0990633
compactness_boson= 0.0644624
E_binding= 0.21845
