mass= 0.436285numbos: 0.186579 numfer: 0.0339375 omega: 0.770085 r99bos: 4.038 r99fer: 1.8 r99tot: 4.074
 Nb/Nf: 5.49773 Eb/Ef: 6.37333
mass_bos= 0.263948 mass_fer= 0.0414145
compactness= 0.10709
compactness_boson= 0.0653661
E_binding= 0.215769
