mass= 0.365176numbos: 0.154895 numfer: 3.57207e-09 omega: 0.846326 r99bos: 5.028 r99fer: 0.006 r99tot: 5.034
 Nb/Nf: 4.33627e+07 Eb/Ef: 6.01113e+07
mass_bos= 0.242979 mass_fer= 4.04215e-09
compactness= 0.072542
compactness_boson= 0.0483251
E_binding= 0.210282
