mass= 0.381298numbos: 0.164455 numfer: 7.87827e-07 omega: 0.840476 r99bos: 5.004 r99fer: 0.036 r99tot: 5.034
 Nb/Nf: 208745 Eb/Ef: 253756
mass_bos= 0.250303 mass_fer= 9.86394e-07
compactness= 0.0757446
compactness_boson= 0.0500207
E_binding= 0.216842
