mass= 0.365135numbos: 0.15487 numfer: 7.69514e-09 omega: 0.846342 r99bos: 5.022 r99fer: 0.006 r99tot: 5.028
 Nb/Nf: 2.01256e+07 Eb/Ef: 2.45989e+07
mass_bos= 0.242956 mass_fer= 9.87672e-09
compactness= 0.0726204
compactness_boson= 0.0483783
E_binding= 0.210266
