mass= 0.355456numbos: 0.14931 numfer: 7.49478e-09 omega: 0.856413 r99bos: 5.262 r99fer: 0.018 r99tot: 5.244
 Nb/Nf: 1.99219e+07 Eb/Ef: 3.07976e+07
mass_bos= 0.233545 mass_fer= 7.58324e-09
compactness= 0.0677834
compactness_boson= 0.0443833
E_binding= 0.206146
