mass= 0.344519numbos: 0.142915 numfer: 4.50388e-06 omega: 0.854174 r99bos: 5.064 r99fer: 0.102 r99tot: 5.046
 Nb/Nf: 31731.6 Eb/Ef: 45849.3
mass_bos= 0.227941 mass_fer= 4.97153e-06
compactness= 0.0682756
compactness_boson= 0.0450121
E_binding= 0.201599
