mass= 0.759205numbos: 0.208879 numfer: 0.381832 omega: 0.731472 r99bos: 4.998 r99fer: 5.1 r99tot: 5.1
 Nb/Nf: 0.547043 Eb/Ef: 0.581567
mass_bos= 0.246849 mass_fer= 0.424455
compactness= 0.148864
compactness_boson= 0.0493895
E_binding= 0.168494
