mass= 0.368008numbos: 0.156559 numfer: 9.07131e-09 omega: 0.844404 r99bos: 4.98 r99fer: 0.006 r99tot: 4.998
 Nb/Nf: 1.72586e+07 Eb/Ef: 2.01817e+07
mass_bos= 0.244258 mass_fer= 1.21029e-08
compactness= 0.0736311
compactness_boson= 0.0490478
E_binding= 0.21145
