mass= 0.368859numbos: 0.157063 numfer: 8.24615e-09 omega: 0.843896 r99bos: 4.98 r99fer: 0.006 r99tot: 4.992
 Nb/Nf: 1.90468e+07 Eb/Ef: 2.27545e+07
mass_bos= 0.244642 mass_fer= 1.07513e-08
compactness= 0.07389
compactness_boson= 0.0491248
E_binding= 0.211796
