mass= 0.548861numbos: 0.211241 numfer: 0.128046 omega: 0.747176 r99bos: 4.302 r99fer: 3.216 r99tot: 4.242
 Nb/Nf: 1.64973 Eb/Ef: 1.8358
mass_bos= 0.271826 mass_fer= 0.14807
compactness= 0.129387
compactness_boson= 0.063186
E_binding= 0.209574
