mass= 0.436441numbos: 0.188054 numfer: 0.031088 omega: 0.770854 r99bos: 4.056 r99fer: 1.74 r99tot: 4.098
 Nb/Nf: 6.04907 Eb/Ef: 7.005
mass_bos= 0.265603 mass_fer= 0.0379162
compactness= 0.106501
compactness_boson= 0.0654839
E_binding= 0.217299
