mass= 0.889929numbos: 0.185913 numfer: 0.575534 omega: 0.761964 r99bos: 6.228 r99fer: 6.354 r99tot: 6.342
 Nb/Nf: 0.323027 Eb/Ef: 0.333092
mass_bos= 0.207002 mass_fer= 0.621457
compactness= 0.140323
compactness_boson= 0.0332374
E_binding= 0.128482
