mass= 0.366311numbos: 0.155551 numfer: 1.51189e-08 omega: 0.845387 r99bos: 4.974 r99fer: 0.006 r99tot: 4.992
 Nb/Nf: 1.02886e+07 Eb/Ef: 1.03426e+07
mass_bos= 0.243465 mass_fer= 2.35401e-08
compactness= 0.0733796
compactness_boson= 0.0489475
E_binding= 0.21076
