mass= 0.376831numbos: 0.161796 numfer: 2.57161e-08 omega: 0.839643 r99bos: 4.938 r99fer: 0.006 r99tot: 4.962
 Nb/Nf: 6.29161e+06 Eb/Ef: 8.03527e+06
mass_bos= 0.248427 mass_fer= 3.09171e-08
compactness= 0.0759434
compactness_boson= 0.0503093
E_binding= 0.215035
