mass= 0.585584numbos: 0.289447 numfer: 0.019065 omega: 0.802373 r99bos: 5.658 r99fer: 1.968 r99tot: 5.76
 Nb/Nf: 15.1821 Eb/Ef: 16.4533
mass_bos= 0.337303 mass_fer= 0.0205006
compactness= 0.101664
compactness_boson= 0.0596153
E_binding= 0.277072
