mass= 0.514536numbos: 0.20244 numfer: 0.10229 omega: 0.74862 r99bos: 4.14 r99fer: 2.904 r99tot: 4.11
 Nb/Nf: 1.97908 Eb/Ef: 2.23631
mass_bos= 0.26831 mass_fer= 0.119979
compactness= 0.125191
compactness_boson= 0.0648091
E_binding= 0.209807
