mass= 0.379417numbos: 0.163334 numfer: 6.57591e-08 omega: 0.839621 r99bos: 4.962 r99fer: 0.012 r99tot: 4.986
 Nb/Nf: 2.48383e+06 Eb/Ef: 3.27037e+06
mass_bos= 0.249607 mass_fer= 7.63236e-08
compactness= 0.0760964
compactness_boson= 0.0503037
E_binding= 0.216082
