mass= 0.381978numbos: 0.16486 numfer: 1.89333e-08 omega: 0.842224 r99bos: 5.058 r99fer: 0.012 r99tot: 5.082
 Nb/Nf: 8.7074e+06 Eb/Ef: 1.25767e+07
mass_bos= 0.250244 mass_fer= 1.98973e-08
compactness= 0.075163
compactness_boson= 0.0494749
E_binding= 0.217118
