mass= 0.46098numbos: 0.199072 numfer: 0.0412754 omega: 0.765706 r99bos: 4.122 r99fer: 1.968 r99tot: 4.164
 Nb/Nf: 4.82301 Eb/Ef: 5.51094
mass_bos= 0.27284 mass_fer= 0.0495087
compactness= 0.110706
compactness_boson= 0.0661911
E_binding= 0.220633
