mass= 0.424615numbos: 0.181455 numfer: 0.0288714 omega: 0.773772 r99bos: 4.026 r99fer: 1.68 r99tot: 4.062
 Nb/Nf: 6.28492 Eb/Ef: 7.33063
mass_bos= 0.260468 mass_fer= 0.0355315
compactness= 0.104534
compactness_boson= 0.0646965
E_binding= 0.214289
