mass= 0.381322numbos: 0.16447 numfer: 4.81974e-09 omega: 0.840468 r99bos: 5.01 r99fer: 0.006 r99tot: 5.034
 Nb/Nf: 3.41243e+07 Eb/Ef: 5.01424e+07
mass_bos= 0.250317 mass_fer= 4.99213e-09
compactness= 0.0757494
compactness_boson= 0.0499635
E_binding= 0.216852
