mass= 0.37818numbos: 0.162598 numfer: 9.78413e-08 omega: 0.839525 r99bos: 4.944 r99fer: 0.012 r99tot: 4.968
 Nb/Nf: 1.66185e+06 Eb/Ef: 2.06897e+06
mass_bos= 0.249059 mass_fer= 1.20378e-07
compactness= 0.0761232
compactness_boson= 0.0503759
E_binding= 0.215582
