mass= 0.367299numbos: 0.156141 numfer: 3.84893e-09 omega: 0.844832 r99bos: 4.998 r99fer: 0.006 r99tot: 5.01
 Nb/Nf: 4.05673e+07 Eb/Ef: 5.55083e+07
mass_bos= 0.243943 mass_fer= 4.39471e-09
compactness= 0.0733132
compactness_boson= 0.0488081
E_binding= 0.211159
