mass= 0.494677numbos: 0.235076 numfer: 0.0102508 omega: 0.771287 r99bos: 4.416 r99fer: 1.308 r99tot: 4.518
 Nb/Nf: 22.9326 Eb/Ef: 26.2915
mass_bos= 0.306781 mass_fer= 0.0116685
compactness= 0.10949
compactness_boson= 0.0694704
E_binding= 0.24935
