mass= 0.382numbos: 0.164873 numfer: 4.7606e-09 omega: 0.842215 r99bos: 5.064 r99fer: 0.006 r99tot: 5.088
 Nb/Nf: 3.46329e+07 Eb/Ef: 5.05909e+07
mass_bos= 0.250256 mass_fer= 4.94666e-09
compactness= 0.0750787
compactness_boson= 0.0494187
E_binding= 0.217127
