mass= 0.540508numbos: 0.260595 numfer: 0.0198163 omega: 0.780883 r99bos: 4.884 r99fer: 1.752 r99tot: 4.986
 Nb/Nf: 13.1505 Eb/Ef: 14.5533
mass_bos= 0.321064 mass_fer= 0.0220613
compactness= 0.108405
compactness_boson= 0.0657378
E_binding= 0.260097
