mass= 0.37098numbos: 0.15832 numfer: 7.42099e-09 omega: 0.842408 r99bos: 4.956 r99fer: 0.006 r99tot: 4.974
 Nb/Nf: 2.1334e+07 Eb/Ef: 2.59884e+07
mass_bos= 0.245588 mass_fer= 9.44989e-09
compactness= 0.0745837
compactness_boson= 0.0495536
E_binding= 0.21266
