mass= 0.37234numbos: 0.159126 numfer: 6.46208e-08 omega: 0.84142 r99bos: 4.938 r99fer: 0.006 r99tot: 4.956
 Nb/Nf: 2.46245e+06 Eb/Ef: 2.78586e+06
mass_bos= 0.246224 mass_fer= 8.83836e-08
compactness= 0.0751291
compactness_boson= 0.0498632
E_binding= 0.213214
