mass= 0.406137numbos: 0.181379 numfer: 9.56111e-05 omega: 0.78264 r99bos: 4.002 r99fer: 0.342 r99tot: 4.086
 Nb/Nf: 1897.05 Eb/Ef: 2620.68
mass_bos= 0.267738 mass_fer= 0.000102164
compactness= 0.0993973
compactness_boson= 0.0669012
E_binding= 0.224663
