mass= 0.591844numbos: 0.266669 numfer: 0.0752939 omega: 0.800585 r99bos: 5.664 r99fer: 2.976 r99tot: 5.682
 Nb/Nf: 3.54171 Eb/Ef: 3.76393
mass_bos= 0.309947 mass_fer= 0.0823466
compactness= 0.104161
compactness_boson= 0.0547223
E_binding= 0.249881
