mass= 0.368097numbos: 0.156613 numfer: 2.74962e-09 omega: 0.844368 r99bos: 4.998 r99fer: 0.006 r99tot: 5.01
 Nb/Nf: 5.69581e+07 Eb/Ef: 8.06788e+07
mass_bos= 0.244308 mass_fer= 3.02816e-09
compactness= 0.0734725
compactness_boson= 0.0488812
E_binding= 0.211484
