mass= 0.564993numbos: 0.284036 numfer: 0.000554586 omega: 0.78387 r99bos: 5.07 r99fer: 0.792 r99tot: 5.202
 Nb/Nf: 512.158 Eb/Ef: 598.913
mass_bos= 0.343013 mass_fer= 0.000572725
compactness= 0.108611
compactness_boson= 0.0676553
E_binding= 0.280403
