mass= 0.450957numbos: 0.209803 numfer: 0.00179794 omega: 0.771076 r99bos: 4.122 r99fer: 0.756 r99tot: 4.224
 Nb/Nf: 116.69 Eb/Ef: 143.963
mass_bos= 0.29071 mass_fer= 0.00201933
compactness= 0.106761
compactness_boson= 0.0705266
E_binding= 0.239357
