mass= 0.471164numbos: 0.221025 numfer: 0.00717823 omega: 0.770476 r99bos: 4.254 r99fer: 1.128 r99tot: 4.356
 Nb/Nf: 30.791 Eb/Ef: 36.003
mass_bos= 0.297383 mass_fer= 0.00825996
compactness= 0.108164
compactness_boson= 0.0699067
E_binding= 0.242961
