mass= 0.380463numbos: 0.163957 numfer: 1.89764e-07 omega: 0.839943 r99bos: 4.98 r99fer: 0.018 r99tot: 5.004
 Nb/Nf: 864005 Eb/Ef: 1.04793e+06
mass_bos= 0.250025 mass_fer= 2.38589e-07
compactness= 0.0760317
compactness_boson= 0.0502059
E_binding= 0.216505
