mass= 0.381794numbos: 0.16475 numfer: 4.3949e-07 omega: 0.841251 r99bos: 5.028 r99fer: 0.03 r99tot: 5.052
 Nb/Nf: 374866 Eb/Ef: 469357
mass_bos= 0.25037 mass_fer= 5.33432e-07
compactness= 0.0755729
compactness_boson= 0.0497951
E_binding= 0.217044
