mass= 1.24905numbos: 0.00885262 numfer: 1.31311 omega: 0.796343 r99bos: 9.048 r99fer: 9.468 r99tot: 9.468
 Nb/Nf: 0.00674175 Eb/Ef: 0.00675709
mass_bos= 0.00929769 mass_fer= 1.37599
compactness= 0.131923
compactness_boson= 0.0010276
E_binding= -0.0729125
