mass= 0.381791numbos: 0.164748 numfer: 2.58352e-08 omega: 0.841253 r99bos: 5.028 r99fer: 0.012 r99tot: 5.052
 Nb/Nf: 6.37687e+06 Eb/Ef: 9.07251e+06
mass_bos= 0.250368 mass_fer= 2.75964e-08
compactness= 0.0755722
compactness_boson= 0.0497948
E_binding= 0.217043
