mass= 0.381778numbos: 0.16474 numfer: 2.53861e-07 omega: 0.841258 r99bos: 5.028 r99fer: 0.024 r99tot: 5.052
 Nb/Nf: 648937 Eb/Ef: 834024
mass_bos= 0.250361 mass_fer= 3.00185e-07
compactness= 0.0755697
compactness_boson= 0.0497934
E_binding= 0.217038
