mass= 0.368495numbos: 0.157646 numfer: 7.88082e-07 omega: 0.804585 r99bos: 4.122 r99fer: 0.108 r99tot: 4.17
 Nb/Nf: 200037 Eb/Ef: 306778
mass_bos= 0.245818 mass_fer= 8.0129e-07
compactness= 0.088368
compactness_boson= 0.0596357
E_binding= 0.210848
