mass= 0.381804numbos: 0.164756 numfer: 7.2031e-07 omega: 0.841247 r99bos: 5.034 r99fer: 0.036 r99tot: 5.058
 Nb/Nf: 228729 Eb/Ef: 284588
mass_bos= 0.250375 mass_fer= 8.79781e-07
compactness= 0.0754851
compactness_boson= 0.0497368
E_binding= 0.217047
