mass= 0.370957numbos: 0.158306 numfer: 8.5203e-09 omega: 0.842417 r99bos: 4.95 r99fer: 0.006 r99tot: 4.968
 Nb/Nf: 1.85799e+07 Eb/Ef: 2.19365e+07
mass_bos= 0.245575 mass_fer= 1.11948e-08
compactness= 0.0746694
compactness_boson= 0.0496111
E_binding= 0.212651
