mass= 0.380002numbos: 0.163692 numfer: 7.45496e-07 omega: 0.846221 r99bos: 5.154 r99fer: 0.042 r99tot: 5.172
 Nb/Nf: 219574 Eb/Ef: 284659
mass_bos= 0.248385 mass_fer= 8.72572e-07
compactness= 0.073473
compactness_boson= 0.0481927
E_binding= 0.21631
