mass= 0.375315numbos: 0.160893 numfer: 6.13038e-08 omega: 0.840017 r99bos: 4.926 r99fer: 0.006 r99tot: 4.95
 Nb/Nf: 2.62452e+06 Eb/Ef: 2.82314e+06
mass_bos= 0.247686 mass_fer= 8.77344e-08
compactness= 0.0758213
compactness_boson= 0.0502814
E_binding= 0.214423
