mass= 1.31734numbos: 0.0686308 numfer: 1.27439 omega: 0.465757 r99bos: 3.642 r99fer: 5.634 r99tot: 5.58
 Nb/Nf: 0.053854 Eb/Ef: 0.0550257
mass_bos= 0.087036 mass_fer= 1.58173
compactness= 0.236082
compactness_boson= 0.0238979
E_binding= -0.0256762
