mass= 0.36773numbos: 0.156387 numfer: 1.84168e-08 omega: 0.844521 r99bos: 4.944 r99fer: 0.006 r99tot: 4.968
 Nb/Nf: 8.49157e+06 Eb/Ef: 7.89652e+06
mass_bos= 0.244102 mass_fer= 3.09125e-08
compactness= 0.0740197
compactness_boson= 0.0493733
E_binding= 0.211343
