mass= 0.366242numbos: 0.155509 numfer: 1.64923e-08 omega: 0.845416 r99bos: 4.962 r99fer: 0.006 r99tot: 4.98
 Nb/Nf: 9.42919e+06 Eb/Ef: 9.18139e+06
mass_bos= 0.243426 mass_fer= 2.6513e-08
compactness= 0.0735426
compactness_boson= 0.0490581
E_binding= 0.210733
