mass= 0.436345numbos: 0.187324 numfer: 0.0324789 omega: 0.770486 r99bos: 4.044 r99fer: 1.77 r99tot: 4.086
 Nb/Nf: 5.76754 Eb/Ef: 6.68227
mass_bos= 0.264783 mass_fer= 0.0396247
compactness= 0.10679
compactness_boson= 0.0654755
E_binding= 0.216543
