mass= 0.365153numbos: 0.15488 numfer: 6.8727e-09 omega: 0.846335 r99bos: 5.022 r99fer: 0.006 r99tot: 5.028
 Nb/Nf: 2.25356e+07 Eb/Ef: 2.82096e+07
mass_bos= 0.242966 mass_fer= 8.61287e-09
compactness= 0.0726238
compactness_boson= 0.0483802
E_binding= 0.210273
