mass= 0.381284numbos: 0.164447 numfer: 5.26886e-07 omega: 0.840482 r99bos: 5.004 r99fer: 0.03 r99tot: 5.028
 Nb/Nf: 312110 Eb/Ef: 377731
mass_bos= 0.250295 mass_fer= 6.62629e-07
compactness= 0.0758321
compactness_boson= 0.0500191
E_binding= 0.216837
