mass= 0.367189numbos: 0.156073 numfer: 1.20951e-08 omega: 0.844878 r99bos: 4.986 r99fer: 0.006 r99tot: 4.998
 Nb/Nf: 1.29038e+07 Eb/Ef: 1.39483e+07
mass_bos= 0.243881 mass_fer= 1.74846e-08
compactness= 0.0734672
compactness_boson= 0.0489131
E_binding= 0.211116
