mass= 0.38046numbos: 0.163955 numfer: 4.97017e-08 omega: 0.839944 r99bos: 4.98 r99fer: 0.012 r99tot: 5.004
 Nb/Nf: 3.29879e+06 Eb/Ef: 4.47259e+06
mass_bos= 0.250024 mass_fer= 5.59013e-08
compactness= 0.0760311
compactness_boson= 0.0502056
E_binding= 0.216504
