mass= 0.380002numbos: 0.163691 numfer: 5.87816e-07 omega: 0.846221 r99bos: 5.154 r99fer: 0.042 r99tot: 5.172
 Nb/Nf: 278473 Eb/Ef: 372997
mass_bos= 0.248385 mass_fer= 6.65917e-07
compactness= 0.0734729
compactness_boson= 0.0481926
E_binding= 0.21631
