mass= 0.381284numbos: 0.164447 numfer: 4.56401e-07 omega: 0.840482 r99bos: 5.004 r99fer: 0.03 r99tot: 5.028
 Nb/Nf: 360312 Eb/Ef: 457399
mass_bos= 0.250296 mass_fer= 5.47214e-07
compactness= 0.0758322
compactness_boson= 0.0500191
E_binding= 0.216837
