mass= 0.381784numbos: 0.164744 numfer: 9.18234e-09 omega: 0.841255 r99bos: 5.028 r99fer: 0.006 r99tot: 5.052
 Nb/Nf: 1.79414e+07 Eb/Ef: 2.54852e+07
mass_bos= 0.250365 mass_fer= 9.82391e-09
compactness= 0.0755709
compactness_boson= 0.0497941
E_binding= 0.21704
