mass= 0.340483numbos: 0.140544 numfer: 1.34793e-05 omega: 0.840694 r99bos: 4.662 r99fer: 0.162 r99tot: 4.656
 Nb/Nf: 10426.7 Eb/Ef: 15378.8
mass_bos= 0.227235 mass_fer= 1.47758e-05
compactness= 0.0731279
compactness_boson= 0.0487419
E_binding= 0.199926
