mass= 0.376314numbos: 0.161518 numfer: 1.94282e-06 omega: 0.849436 r99bos: 5.214 r99fer: 0.06 r99tot: 5.226
 Nb/Nf: 83135.9 Eb/Ef: 105932
mass_bos= 0.245834 mass_fer= 2.32068e-06
compactness= 0.072008
compactness_boson= 0.0471488
E_binding= 0.214794
