mass= 0.405982numbos: 0.176493 numfer: 0.013387 omega: 0.783121 r99bos: 4.056 r99fer: 1.236 r99tot: 4.104
 Nb/Nf: 13.1839 Eb/Ef: 15.5473
mass_bos= 0.259092 mass_fer= 0.0166648
compactness= 0.0989236
compactness_boson= 0.0638786
E_binding= 0.216103
