mass= 0.369818numbos: 0.157631 numfer: 6.8727e-09 omega: 0.843268 r99bos: 4.968 r99fer: 0.006 r99tot: 4.986
 Nb/Nf: 2.29359e+07 Eb/Ef: 2.84537e+07
mass_bos= 0.245068 mass_fer= 8.61287e-09
compactness= 0.0741712
compactness_boson= 0.0493292
E_binding= 0.212186
