mass= 0.36726numbos: 0.156205 numfer: 1.4329e-05 omega: 0.854006 r99bos: 5.28 r99fer: 0.114 r99tot: 5.28
 Nb/Nf: 10901.3 Eb/Ef: 13125.8
mass_bos= 0.240227 mass_fer= 1.83019e-05
compactness= 0.0695568
compactness_boson= 0.0454976
E_binding= 0.21104
