mass= 0.3811numbos: 0.16434 numfer: 3.62214e-07 omega: 0.844744 r99bos: 5.118 r99fer: 0.03 r99tot: 5.142
 Nb/Nf: 453709 Eb/Ef: 587499
mass_bos= 0.249255 mass_fer= 4.24264e-07
compactness= 0.0741151
compactness_boson= 0.0487016
E_binding= 0.21676
