mass= 0.368034numbos: 0.156575 numfer: 7.69514e-09 omega: 0.844394 r99bos: 4.986 r99fer: 0.006 r99tot: 4.998
 Nb/Nf: 2.03472e+07 Eb/Ef: 2.47322e+07
mass_bos= 0.244273 mass_fer= 9.87672e-09
compactness= 0.0736363
compactness_boson= 0.0489917
E_binding= 0.21146
