mass= 0.37839numbos: 0.16274 numfer: 1.9635e-07 omega: 0.84781 r99bos: 5.184 r99fer: 0.03 r99tot: 5.202
 Nb/Nf: 828826 Eb/Ef: 1.15343e+06
mass_bos= 0.247233 mass_fer= 2.14345e-07
compactness= 0.0727394
compactness_boson= 0.0476916
E_binding= 0.21565
