mass= 0.373894numbos: 0.16005 numfer: 3.69547e-08 omega: 0.840566 r99bos: 4.938 r99fer: 0.006 r99tot: 4.956
 Nb/Nf: 4.33097e+06 Eb/Ef: 5.02234e+06
mass_bos= 0.24699 mass_fer= 4.91783e-08
compactness= 0.0754426
compactness_boson= 0.0500182
E_binding= 0.213844
