mass= 1.36518numbos: 0.0898448 numfer: 1.30906 omega: 0.570576 r99bos: 4.74 r99fer: 6.498 r99tot: 6.444
 Nb/Nf: 0.068633 Eb/Ef: 0.0694434
mass_bos= 0.10489 mass_fer= 1.51043
compactness= 0.211853
compactness_boson= 0.0221286
E_binding= -0.0337264
