mass= 0.559287numbos: 0.277896 numfer: 0.00719695 omega: 0.785248 r99bos: 5.082 r99fer: 1.398 r99tot: 5.202
 Nb/Nf: 38.6131 Eb/Ef: 43.3279
mass_bos= 0.336154 mass_fer= 0.00775838
compactness= 0.107514
compactness_boson= 0.066146
E_binding= 0.274194
