mass= 0.373753numbos: 0.160013 numfer: 6.654e-06 omega: 0.851051 r99bos: 5.244 r99fer: 0.084 r99tot: 5.256
 Nb/Nf: 24047.6 Eb/Ef: 28795.9
mass_bos= 0.244186 mass_fer= 8.47987e-06
compactness= 0.0711099
compactness_boson= 0.0465648
E_binding= 0.213734
