mass= 0.366503numbos: 0.155669 numfer: 9.34546e-09 omega: 0.845308 r99bos: 4.998 r99fer: 0.006 r99tot: 5.01
 Nb/Nf: 1.66572e+07 Eb/Ef: 1.9388e+07
mass_bos= 0.243573 mass_fer= 1.25631e-08
compactness= 0.0731543
compactness_boson= 0.0487341
E_binding= 0.210834
