mass= 0.390099numbos: 0.169483 numfer: 0.00561285 omega: 0.791403 r99bos: 4.08 r99fer: 0.9 r99tot: 4.128
 Nb/Nf: 30.1955 Eb/Ef: 36.391
mass_bos= 0.254831 mass_fer= 0.00700257
compactness= 0.0945008
compactness_boson= 0.0624585
E_binding= 0.215004
