mass= 0.342245numbos: 0.141596 numfer: 2.76466e-06 omega: 0.835512 r99bos: 4.56 r99fer: 0.114 r99tot: 4.554
 Nb/Nf: 51216.4 Eb/Ef: 78846.8
mass_bos= 0.228719 mass_fer= 2.90081e-06
compactness= 0.0751526
compactness_boson= 0.0501578
E_binding= 0.200646
