mass= 0.355306numbos: 0.14922 numfer: 1.57974e-07 omega: 0.856472 r99bos: 5.238 r99fer: 0.042 r99tot: 5.226
 Nb/Nf: 944588 Eb/Ef: 1.42504e+06
mass_bos= 0.233462 mass_fer= 1.63829e-07
compactness= 0.0679882
compactness_boson= 0.0445708
E_binding= 0.206086
