mass= 0.365831numbos: 0.155276 numfer: 5.49653e-09 omega: 0.845775 r99bos: 5.01 r99fer: 0.006 r99tot: 5.022
 Nb/Nf: 2.82498e+07 Eb/Ef: 3.68058e+07
mass_bos= 0.243271 mass_fer= 6.60958e-09
compactness= 0.0728457
compactness_boson= 0.0485571
E_binding= 0.210555
