mass= 0.339938numbos: 0.140224 numfer: 2.19744e-07 omega: 0.845186 r99bos: 4.782 r99fer: 0.06 r99tot: 4.764
 Nb/Nf: 638122 Eb/Ef: 1.00863e+06
mass_bos= 0.226477 mass_fer= 2.24539e-07
compactness= 0.0713555
compactness_boson= 0.0473602
E_binding= 0.199714
