mass= 0.461559numbos: 0.196177 numfer: 0.0478367 omega: 0.763676 r99bos: 4.092 r99fer: 2.088 r99tot: 4.122
 Nb/Nf: 4.10098 Eb/Ef: 4.69566
mass_bos= 0.269654 mass_fer= 0.0574263
compactness= 0.111975
compactness_boson= 0.0658979
E_binding= 0.217545
