mass= 0.861471numbos: 0.189394 numfer: 0.535539 omega: 0.690325 r99bos: 4.704 r99fer: 5.55 r99tot: 5.466
 Nb/Nf: 0.353651 Eb/Ef: 0.376871
mass_bos= 0.226581 mass_fer= 0.601217
compactness= 0.157605
compactness_boson= 0.0481677
E_binding= 0.136538
