mass= 0.541073numbos: 0.268769 numfer: 0.000306576 omega: 0.775648 r99bos: 4.752 r99fer: 0.648 r99tot: 4.884
 Nb/Nf: 876.679 Eb/Ef: 1054.41
mass_bos= 0.333877 mass_fer= 0.000316647
compactness= 0.110785
compactness_boson= 0.0702602
E_binding= 0.271998
