mass= 0.354681numbos: 0.149105 numfer: 0.00013726 omega: 0.817538 r99bos: 4.266 r99fer: 0.3 r99tot: 4.29
 Nb/Nf: 1086.3 Eb/Ef: 1509.93
mass_bos= 0.23709 mass_fer= 0.00015702
compactness= 0.0826761
compactness_boson= 0.0555766
E_binding= 0.205439
