mass= 0.379999numbos: 0.16369 numfer: 4.0077e-07 omega: 0.846222 r99bos: 5.154 r99fer: 0.036 r99tot: 5.172
 Nb/Nf: 408437 Eb/Ef: 547382
mass_bos= 0.248384 mass_fer= 4.53767e-07
compactness= 0.0734724
compactness_boson= 0.0481924
E_binding= 0.216309
