mass= 0.379424numbos: 0.163339 numfer: 5.7295e-08 omega: 0.839618 r99bos: 4.962 r99fer: 0.012 r99tot: 4.986
 Nb/Nf: 2.85084e+06 Eb/Ef: 3.82011e+06
mass_bos= 0.249611 mass_fer= 6.53413e-08
compactness= 0.076098
compactness_boson= 0.0503045
E_binding= 0.216085
