mass= 0.875655numbos: 0.16548 numfer: 0.589866 omega: 0.625495 r99bos: 3.846 r99fer: 5.442 r99tot: 5.334
 Nb/Nf: 0.280537 Eb/Ef: 0.312629
mass_bos= 0.213836 mass_fer= 0.683993
compactness= 0.164165
compactness_boson= 0.0555997
E_binding= 0.12031
