mass= 0.373704numbos: 0.159984 numfer: 1.14828e-07 omega: 0.851076 r99bos: 5.238 r99fer: 0.03 r99tot: 5.25
 Nb/Nf: 1.39324e+06 Eb/Ef: 2.01255e+06
mass_bos= 0.244161 mass_fer= 1.21319e-07
compactness= 0.0711818
compactness_boson= 0.0466134
E_binding= 0.213721
