mass= 0.381765numbos: 0.164734 numfer: 8.13488e-07 omega: 0.843393 r99bos: 5.088 r99fer: 0.042 r99tot: 5.112
 Nb/Nf: 202503 Eb/Ef: 258734
mass_bos= 0.24988 mass_fer= 9.65781e-07
compactness= 0.0746802
compactness_boson= 0.0491117
E_binding= 0.217031
