mass= 0.370771numbos: 0.158191 numfer: 1.51189e-08 omega: 0.842495 r99bos: 4.926 r99fer: 0.006 r99tot: 4.95
 Nb/Nf: 1.04632e+07 Eb/Ef: 1.04278e+07
mass_bos= 0.24547 mass_fer= 2.35401e-08
compactness= 0.0749033
compactness_boson= 0.0498316
E_binding= 0.21258
