mass= 0.37822numbos: 0.162623 numfer: 1.52106e-08 omega: 0.839509 r99bos: 4.95 r99fer: 0.006 r99tot: 4.974
 Nb/Nf: 1.06914e+07 Eb/Ef: 1.45139e+07
mass_bos= 0.249081 mass_fer= 1.71616e-08
compactness= 0.0760395
compactness_boson= 0.0503195
E_binding= 0.215597
