mass= 0.376862numbos: 0.161815 numfer: 1.42668e-08 omega: 0.839631 r99bos: 4.944 r99fer: 0.006 r99tot: 4.968
 Nb/Nf: 1.13421e+07 Eb/Ef: 1.58625e+07
mass_bos= 0.248445 mass_fer= 1.56624e-08
compactness= 0.0758579
compactness_boson= 0.0502518
E_binding= 0.215047
