mass= 0.365791numbos: 0.155251 numfer: 9.07131e-09 omega: 0.845792 r99bos: 5.004 r99fer: 0.006 r99tot: 5.016
 Nb/Nf: 1.71145e+07 Eb/Ef: 2.00983e+07
mass_bos= 0.243248 mass_fer= 1.21029e-08
compactness= 0.0729248
compactness_boson= 0.0486107
E_binding= 0.21054
