mass= 1.37889numbos: 0.0839177 numfer: 1.33541 omega: 0.55461 r99bos: 4.602 r99fer: 6.396 r99tot: 6.348
 Nb/Nf: 0.0628403 Eb/Ef: 0.063493
mass_bos= 0.0986654 mass_fer= 1.55396
compactness= 0.217217
compactness_boson= 0.0214397
E_binding= -0.0404375
