mass= 0.367246numbos: 0.156199 numfer: 1.16356e-08 omega: 0.854019 r99bos: 5.28 r99fer: 0.018 r99tot: 5.28
 Nb/Nf: 1.34242e+07 Eb/Ef: 2.03148e+07
mass_bos= 0.240227 mass_fer= 1.18252e-08
compactness= 0.0695542
compactness_boson= 0.0454976
E_binding= 0.211047
