mass= 0.452903numbos: 0.21157 numfer: 4.74217e-07 omega: 0.769743 r99bos: 4.11 r99fer: 0.132 r99tot: 4.218
 Nb/Nf: 446147 Eb/Ef: 614377
mass_bos= 0.292999 mass_fer= 4.76905e-07
compactness= 0.107374
compactness_boson= 0.0712894
E_binding= 0.241332
