mass= 0.35529numbos: 0.14921 numfer: 2.83556e-07 omega: 0.856478 r99bos: 5.232 r99fer: 0.048 r99tot: 5.226
 Nb/Nf: 526210 Eb/Ef: 785930
mass_bos= 0.233453 mass_fer= 2.9704e-07
compactness= 0.0679852
compactness_boson= 0.0446202
E_binding= 0.20608
