mass= 0.406327numbos: 0.181523 numfer: 1.59084e-07 omega: 0.78247 r99bos: 4.02 r99fer: 0.09 r99tot: 4.098
 Nb/Nf: 1.14105e+06 Eb/Ef: 1.67474e+06
mass_bos= 0.267918 mass_fer= 1.59976e-07
compactness= 0.0991526
compactness_boson= 0.0666462
E_binding= 0.224805
