mass= 0.602296numbos: 0.253991 numfer: 0.115096 omega: 0.882166 r99bos: 9.102 r99fer: 4.656 r99tot: 8.946
 Nb/Nf: 2.20677 Eb/Ef: 2.26133
mass_bos= 0.269889 mass_fer= 0.11935
compactness= 0.0673257
compactness_boson= 0.0296516
E_binding= 0.233209
