mass= 0.365806numbos: 0.15526 numfer: 8.24615e-09 omega: 0.845785 r99bos: 5.01 r99fer: 0.006 r99tot: 5.016
 Nb/Nf: 1.88282e+07 Eb/Ef: 2.26257e+07
mass_bos= 0.243256 mass_fer= 1.07513e-08
compactness= 0.0729278
compactness_boson= 0.0485542
E_binding= 0.210546
