mass= 0.365692numbos: 0.15519 numfer: 1.23692e-08 omega: 0.845832 r99bos: 4.992 r99fer: 0.006 r99tot: 5.004
 Nb/Nf: 1.25465e+07 Eb/Ef: 1.35063e+07
mass_bos= 0.243193 mass_fer= 1.80059e-08
compactness= 0.07308
compactness_boson= 0.0487165
E_binding= 0.210502
