mass= 0.452809numbos: 0.211503 numfer: 1.51791e-05 omega: 0.769792 r99bos: 4.098 r99fer: 0.27 r99tot: 4.212
 Nb/Nf: 13933.8 Eb/Ef: 18876.1
mass_bos= 0.292934 mass_fer= 1.55188e-05
compactness= 0.107504
compactness_boson= 0.0714823
E_binding= 0.24129
