mass= 0.368967numbos: 0.157129 numfer: 1.09931e-09 omega: 0.843852 r99bos: 4.992 r99fer: 0.006 r99tot: 5.004
 Nb/Nf: 1.42935e+08 Eb/Ef: 2.13933e+08
mass_bos= 0.244702 mass_fer= 1.14383e-09
compactness= 0.0737343
compactness_boson= 0.0490189
E_binding= 0.211838
