mass= 0.368048numbos: 0.157231 numfer: 0.00066937 omega: 0.805438 r99bos: 4.146 r99fer: 0.468 r99tot: 4.188
 Nb/Nf: 234.894 Eb/Ef: 306.96
mass_bos= 0.24505 mass_fer= 0.000798314
compactness= 0.0878815
compactness_boson= 0.0591052
E_binding= 0.210148
