mass= 0.452401numbos: 0.211136 numfer: 0.000432005 omega: 0.77016 r99bos: 4.11 r99fer: 0.546 r99tot: 4.218
 Nb/Nf: 488.734 Eb/Ef: 628.325
mass_bos= 0.292419 mass_fer= 0.000465395
compactness= 0.107255
compactness_boson= 0.0711482
E_binding= 0.240834
