mass= 0.447863numbos: 0.206742 numfer: 0.00494522 omega: 0.772427 r99bos: 4.134 r99fer: 0.972 r99tot: 4.23
 Nb/Nf: 41.8065 Eb/Ef: 49.9009
mass_bos= 0.286998 mass_fer= 0.00575136
compactness= 0.105878
compactness_boson= 0.0694239
E_binding= 0.236175
