mass= 0.516545numbos: 0.246274 numfer: 0.0173118 omega: 0.774647 r99bos: 4.614 r99fer: 1.596 r99tot: 4.716
 Nb/Nf: 14.2258 Eb/Ef: 15.9537
mass_bos= 0.312449 mass_fer= 0.0195847
compactness= 0.10953
compactness_boson= 0.0677176
E_binding= 0.252959
