mass= 0.369933numbos: 0.157702 numfer: 8.25158e-10 omega: 0.843221 r99bos: 4.986 r99fer: 0.006 r99tot: 4.998
 Nb/Nf: 1.91118e+08 Eb/Ef: 2.88309e+08
mass_bos= 0.245132 mass_fer= 8.50243e-10
compactness= 0.0740162
compactness_boson= 0.0491641
E_binding= 0.212231
