mass= 0.381328numbos: 0.164473 numfer: 5.3738e-09 omega: 0.840466 r99bos: 5.01 r99fer: 0.006 r99tot: 5.034
 Nb/Nf: 3.06065e+07 Eb/Ef: 4.43891e+07
mass_bos= 0.25032 mass_fer= 5.63923e-09
compactness= 0.0757504
compactness_boson= 0.0499641
E_binding= 0.216854
