mass= 0.376303numbos: 0.161511 numfer: 9.74583e-07 omega: 0.849441 r99bos: 5.214 r99fer: 0.048 r99tot: 5.226
 Nb/Nf: 165723 Eb/Ef: 216790
mass_bos= 0.245828 mass_fer= 1.13395e-06
compactness= 0.0720059
compactness_boson= 0.0471478
E_binding= 0.214791
