mass= 0.373699numbos: 0.15998 numfer: 2.3014e-07 omega: 0.851078 r99bos: 5.238 r99fer: 0.036 r99tot: 5.25
 Nb/Nf: 695142 Eb/Ef: 986197
mass_bos= 0.244158 mass_fer= 2.47575e-07
compactness= 0.0711807
compactness_boson= 0.0466128
E_binding= 0.213718
