mass= 0.364194numbos: 0.154347 numfer: 1.31944e-08 omega: 0.848303 r99bos: 5.052 r99fer: 0.006 r99tot: 5.064
 Nb/Nf: 1.16979e+07 Eb/Ef: 1.23739e+07
mass_bos= 0.24263 mass_fer= 1.96082e-08
compactness= 0.0719183
compactness_boson= 0.0480265
E_binding= 0.209848
