mass= 0.364672numbos: 0.154609 numfer: 2.74148e-10 omega: 0.847015 r99bos: 5.052 r99fer: 0.006 r99tot: 5.058
 Nb/Nf: 5.63963e+08 Eb/Ef: 8.76718e+08
mass_bos= 0.242778 mass_fer= 2.76917e-10
compactness= 0.0720982
compactness_boson= 0.0480558
E_binding= 0.210063
