mass= 0.381778numbos: 0.16474 numfer: 8.9376e-08 omega: 0.841258 r99bos: 5.028 r99fer: 0.018 r99tot: 5.052
 Nb/Nf: 1.84322e+06 Eb/Ef: 2.5134e+06
mass_bos= 0.250361 mass_fer= 9.96107e-08
compactness= 0.0755697
compactness_boson= 0.0497934
E_binding= 0.217038
