mass= 0.365885numbos: 0.155289 numfer: 2.17147e-08 omega: 0.84557 r99bos: 4.914 r99fer: 0.006 r99tot: 4.944
 Nb/Nf: 7.15135e+06 Eb/Ef: 6.22276e+06
mass_bos= 0.243225 mass_fer= 3.90864e-08
compactness= 0.0740059
compactness_boson= 0.0494964
E_binding= 0.210596
