mass= 0.365826numbos: 0.155273 numfer: 5.77339e-09 omega: 0.845777 r99bos: 5.01 r99fer: 0.006 r99tot: 5.022
 Nb/Nf: 2.68946e+07 Eb/Ef: 3.47457e+07
mass_bos= 0.243268 mass_fer= 7.00139e-09
compactness= 0.0728448
compactness_boson= 0.0485565
E_binding= 0.210554
