mass= 0.38179numbos: 0.164748 numfer: 6.24901e-07 omega: 0.841252 r99bos: 5.028 r99fer: 0.03 r99tot: 5.052
 Nb/Nf: 263638 Eb/Ef: 309004
mass_bos= 0.250368 mass_fer= 8.10241e-07
compactness= 0.0755721
compactness_boson= 0.0497947
E_binding= 0.217042
