mass= 0.37842numbos: 0.162759 numfer: 1.2796e-08 omega: 0.847799 r99bos: 5.19 r99fer: 0.012 r99tot: 5.202
 Nb/Nf: 1.27195e+07 Eb/Ef: 1.86199e+07
mass_bos= 0.24725 mass_fer= 1.32788e-08
compactness= 0.0727451
compactness_boson= 0.0476397
E_binding= 0.215662
