mass= 0.364938numbos: 0.154749 numfer: 1.34685e-08 omega: 0.846424 r99bos: 4.992 r99fer: 0.006 r99tot: 5.004
 Nb/Nf: 1.14896e+07 Eb/Ef: 1.20509e+07
mass_bos= 0.242845 mass_fer= 2.01516e-08
compactness= 0.0729293
compactness_boson= 0.0486469
E_binding= 0.21019
