mass= 0.366919numbos: 0.155907 numfer: 1.84168e-08 omega: 0.844991 r99bos: 4.944 r99fer: 0.006 r99tot: 4.968
 Nb/Nf: 8.46547e+06 Eb/Ef: 7.88447e+06
mass_bos= 0.243729 mass_fer= 3.09125e-08
compactness= 0.0738564
compactness_boson= 0.0492979
E_binding= 0.211012
