mass= 1.2049numbos: 0.13074 numfer: 1.04495 omega: 0.615689 r99bos: 4.8 r99fer: 6.408 r99tot: 6.348
 Nb/Nf: 0.125116 Eb/Ef: 0.128884
mass_bos= 0.15301 mass_fer= 1.18719
compactness= 0.189809
compactness_boson= 0.0318771
E_binding= 0.0292159
