mass= 0.354676numbos: 0.14911 numfer: 8.63071e-05 omega: 0.817478 r99bos: 4.26 r99fer: 0.27 r99tot: 4.29
 Nb/Nf: 1727.67 Eb/Ef: 2444.54
mass_bos= 0.237127 mass_fer= 9.70027e-05
compactness= 0.0826751
compactness_boson= 0.0556637
E_binding= 0.205479
