mass= 0.378204numbos: 0.162613 numfer: 2.39714e-07 omega: 0.839516 r99bos: 4.95 r99fer: 0.018 r99tot: 4.974
 Nb/Nf: 678360 Eb/Ef: 809621
mass_bos= 0.249072 mass_fer= 3.0764e-07
compactness= 0.0760361
compactness_boson= 0.0503176
E_binding= 0.215591
