mass= 0.378279numbos: 0.162659 numfer: 8.91419e-07 omega: 0.839485 r99bos: 4.956 r99fer: 0.042 r99tot: 4.98
 Nb/Nf: 182472 Eb/Ef: 243194
mass_bos= 0.249114 mass_fer= 1.02434e-06
compactness= 0.0759596
compactness_boson= 0.0502651
E_binding= 0.215619
