mass= 0.379991numbos: 0.163685 numfer: 2.32281e-07 omega: 0.846226 r99bos: 5.154 r99fer: 0.03 r99tot: 5.172
 Nb/Nf: 704684 Eb/Ef: 964163
mass_bos= 0.248379 mass_fer= 2.57611e-07
compactness= 0.0734709
compactness_boson= 0.0481916
E_binding= 0.216306
