mass= 0.367284numbos: 0.156219 numfer: 1.8699e-05 omega: 0.853996 r99bos: 5.28 r99fer: 0.12 r99tot: 5.28
 Nb/Nf: 8354.45 Eb/Ef: 9853
mass_bos= 0.240238 mass_fer= 2.43822e-05
compactness= 0.0695613
compactness_boson= 0.0454996
E_binding= 0.211046
