mass= 0.351358numbos: 0.146914 numfer: 6.85442e-06 omega: 0.856348 r99bos: 5.196 r99fer: 0.108 r99tot: 5.184
 Nb/Nf: 21433.5 Eb/Ef: 29471.8
mass_bos= 0.231352 mass_fer= 7.84992e-06
compactness= 0.0677774
compactness_boson= 0.0445249
E_binding= 0.204437
