mass= 0.368797numbos: 0.157025 numfer: 1.29175e-08 omega: 0.843921 r99bos: 4.968 r99fer: 0.006 r99tot: 4.986
 Nb/Nf: 1.2156e+07 Eb/Ef: 1.28302e+07
mass_bos= 0.244607 mass_fer= 1.9065e-08
compactness= 0.0739665
compactness_boson= 0.0492365
E_binding= 0.211772
