mass= 1.12221numbos: 0.144747 numfer: 0.921054 omega: 0.610227 r99bos: 4.47 r99fer: 6.114 r99tot: 6.042
 Nb/Nf: 0.157154 Eb/Ef: 0.16449
mass_bos= 0.173551 mass_fer= 1.05508
compactness= 0.185735
compactness_boson= 0.0388257
E_binding= 0.0564086
