mass= 0.36659numbos: 0.155723 numfer: 1.09931e-09 omega: 0.845272 r99bos: 5.01 r99fer: 0.006 r99tot: 5.022
 Nb/Nf: 1.41656e+08 Eb/Ef: 2.12988e+08
mass_bos= 0.243622 mass_fer= 1.14383e-09
compactness= 0.0729969
compactness_boson= 0.0486271
E_binding= 0.210867
