mass= 0.347757numbos: 0.144809 numfer: 2.02238e-05 omega: 0.855592 r99bos: 5.142 r99fer: 0.15 r99tot: 5.124
 Nb/Nf: 7160.35 Eb/Ef: 9565.96
mass_bos= 0.2295 mass_fer= 2.39914e-05
compactness= 0.0678682
compactness_boson= 0.0446325
E_binding= 0.202927
