mass= 0.594316numbos: 0.301236 numfer: 0.00406972 omega: 0.802003 r99bos: 5.688 r99fer: 1.368 r99tot: 5.814
 Nb/Nf: 74.0187 Eb/Ef: 82.1365
mass_bos= 0.349901 mass_fer= 0.00426
compactness= 0.102222
compactness_boson= 0.0615157
E_binding= 0.289011
