mass= 0.382674numbos: 0.165291 numfer: 0 omega: 0.840937 r99bos: 5.172 r99fer: 0 r99tot: 5.166
 Nb/Nf: inf Eb/Ef: inf
mass_bos= 0.25086 mass_fer= 0
compactness= 0.0740755
compactness_boson= 0.0485036
E_binding= 0.217383
