mass= 0.395616numbos: 0.174664 numfer: 0.000163707 omega: 0.787533 r99bos: 4.014 r99fer: 0.372 r99tot: 4.086
 Nb/Nf: 1066.93 Eb/Ef: 1464.01
mass_bos= 0.261713 mass_fer= 0.000178765
compactness= 0.0968224
compactness_boson= 0.0652002
E_binding= 0.220789
