mass= 0.817408numbos: 0.169543 numfer: 0.51432 omega: 0.639782 r99bos: 3.816 r99fer: 5.274 r99tot: 5.16
 Nb/Nf: 0.329646 Eb/Ef: 0.371323
mass_bos= 0.221214 mass_fer= 0.595747
compactness= 0.158412
compactness_boson= 0.0579702
E_binding= 0.133545
