mass= 0.370633numbos: 0.158181 numfer: 7.51806e-07 omega: 0.85264 r99bos: 5.256 r99fer: 0.048 r99tot: 5.262
 Nb/Nf: 210402 Eb/Ef: 287565
mass_bos= 0.242261 mass_fer= 8.42458e-07
compactness= 0.0704357
compactness_boson= 0.0460923
E_binding= 0.212451
