mass= 0.380084numbos: 0.163742 numfer: 2.06006e-09 omega: 0.84619 r99bos: 5.166 r99fer: 0.006 r99tot: 5.184
 Nb/Nf: 7.94838e+07 Eb/Ef: 1.18764e+08
mass_bos= 0.248431 mass_fer= 2.09181e-09
compactness= 0.0733187
compactness_boson= 0.0480897
E_binding= 0.216343
