mass= 0.355292numbos: 0.149211 numfer: 6.79513e-07 omega: 0.856477 r99bos: 5.232 r99fer: 0.06 r99tot: 5.226
 Nb/Nf: 219586 Eb/Ef: 321869
mass_bos= 0.233454 mass_fer= 7.25308e-07
compactness= 0.0679855
compactness_boson= 0.0446204
E_binding= 0.20608
