mass= 0.38178numbos: 0.164742 numfer: 1.19997e-07 omega: 0.841257 r99bos: 5.028 r99fer: 0.018 r99tot: 5.052
 Nb/Nf: 1.37288e+06 Eb/Ef: 1.78711e+06
mass_bos= 0.250362 mass_fer= 1.40093e-07
compactness= 0.0755701
compactness_boson= 0.0497936
E_binding= 0.217039
