mass= 0.364579numbos: 0.154552 numfer: 5.77339e-09 omega: 0.847053 r99bos: 5.04 r99fer: 0.006 r99tot: 5.046
 Nb/Nf: 2.67697e+07 Eb/Ef: 3.46682e+07
mass_bos= 0.242726 mass_fer= 7.00139e-09
compactness= 0.0722511
compactness_boson= 0.0481599
E_binding= 0.210027
