mass= 0.37687numbos: 0.16182 numfer: 1.2304e-08 omega: 0.839627 r99bos: 4.944 r99fer: 0.006 r99tot: 4.968
 Nb/Nf: 1.31518e+07 Eb/Ef: 1.86246e+07
mass_bos= 0.248449 mass_fer= 1.33398e-08
compactness= 0.0758596
compactness_boson= 0.0502527
E_binding= 0.21505
