mass= 0.368042numbos: 0.156579 numfer: 6.59584e-09 omega: 0.844391 r99bos: 4.986 r99fer: 0.006 r99tot: 4.998
 Nb/Nf: 2.37391e+07 Eb/Ef: 2.97949e+07
mass_bos= 0.244277 mass_fer= 8.19862e-09
compactness= 0.0736378
compactness_boson= 0.0489926
E_binding= 0.211463
