mass= 1.48146numbos: 0.000927803 numfer: 1.58194 omega: 0.430048 r99bos: 3.828 r99fer: 5.652 r99tot: 5.616
 Nb/Nf: 0.000586496 Eb/Ef: 0.000571592
mass_bos= 0.00114336 mass_fer= 2.0003
compactness= 0.263792
compactness_boson= 0.000298683
E_binding= -0.101414
