mass= 0.373729numbos: 0.159999 numfer: 2.80253e-06 omega: 0.851064 r99bos: 5.244 r99fer: 0.072 r99tot: 5.25
 Nb/Nf: 57090.7 Eb/Ef: 73449.8
mass_bos= 0.244174 mass_fer= 3.32436e-06
compactness= 0.0711865
compactness_boson= 0.0465625
E_binding= 0.213728
