mass= 0.467889numbos: 0.217037 numfer: 0.0118881 omega: 0.77092 r99bos: 4.248 r99fer: 1.302 r99tot: 4.338
 Nb/Nf: 18.2567 Eb/Ef: 21.0734
mass_bos= 0.292832 mass_fer= 0.0138958
compactness= 0.107858
compactness_boson= 0.0689341
E_binding= 0.238964
