mass= 0.364591numbos: 0.154559 numfer: 3.84893e-09 omega: 0.847048 r99bos: 5.04 r99fer: 0.006 r99tot: 5.046
 Nb/Nf: 4.01565e+07 Eb/Ef: 5.52329e+07
mass_bos= 0.242732 mass_fer= 4.39471e-09
compactness= 0.0722535
compactness_boson= 0.0481612
E_binding= 0.210032
