mass= 0.366447numbos: 0.155635 numfer: 1.15441e-08 omega: 0.845331 r99bos: 4.992 r99fer: 0.006 r99tot: 5.004
 Nb/Nf: 1.34818e+07 Eb/Ef: 1.48016e+07
mass_bos= 0.243541 mass_fer= 1.64538e-08
compactness= 0.0732307
compactness_boson= 0.0487863
E_binding= 0.210812
