mass= 0.398264numbos: 0.173639 numfer: 0.00831571 omega: 0.787146 r99bos: 4.068 r99fer: 1.038 r99tot: 4.122
 Nb/Nf: 20.8808 Eb/Ef: 24.8818
mass_bos= 0.257816 mass_fer= 0.0103616
compactness= 0.096619
compactness_boson= 0.0633766
E_binding= 0.216309
