mass= 0.381868numbos: 0.164797 numfer: 1.80637e-09 omega: 0.843354 r99bos: 5.106 r99fer: 0.006 r99tot: 5.124
 Nb/Nf: 9.12312e+07 Eb/Ef: 1.36457e+08
mass_bos= 0.249938 mass_fer= 1.83163e-09
compactness= 0.0745254
compactness_boson= 0.0489499
E_binding= 0.217071
