mass= 0.465028numbos: 0.212869 numfer: 0.0173693 omega: 0.770757 r99bos: 4.23 r99fer: 1.458 r99tot: 4.314
 Nb/Nf: 12.2555 Eb/Ef: 14.0429
mass_bos= 0.288139 mass_fer= 0.0205186
compactness= 0.107795
compactness_boson= 0.068118
E_binding= 0.23479
