mass= 0.344521numbos: 0.142917 numfer: 4.7137e-07 omega: 0.854172 r99bos: 5.064 r99fer: 0.06 r99tot: 5.046
 Nb/Nf: 303196 Eb/Ef: 462907
mass_bos= 0.227945 mass_fer= 4.9242e-07
compactness= 0.0682761
compactness_boson= 0.0450128
E_binding= 0.201604
