mass= 0.443461numbos: 0.20176 numfer: 0.010543 omega: 0.773468 r99bos: 4.134 r99fer: 1.2 r99tot: 4.218
 Nb/Nf: 19.137 Eb/Ef: 22.3599
mass_bos= 0.281167 mass_fer= 0.0125746
compactness= 0.105135
compactness_boson= 0.0680133
E_binding= 0.231158
