mass= 0.376824numbos: 0.161792 numfer: 1.20697e-07 omega: 0.839646 r99bos: 4.938 r99fer: 0.012 r99tot: 4.962
 Nb/Nf: 1.34047e+06 Eb/Ef: 1.61439e+06
mass_bos= 0.248424 mass_fer= 1.5388e-07
compactness= 0.0759421
compactness_boson= 0.0503085
E_binding= 0.215033
