mass= 0.44875numbos: 0.195973 numfer: 0.0312436 omega: 0.769229 r99bos: 4.104 r99fer: 1.758 r99tot: 4.158
 Nb/Nf: 6.27241 Eb/Ef: 7.2075
mass_bos= 0.271992 mass_fer= 0.0377374
compactness= 0.107925
compactness_boson= 0.0662749
E_binding= 0.221534
