mass= 0.364616numbos: 0.154575 numfer: 8.25158e-10 omega: 0.847038 r99bos: 5.046 r99fer: 0.006 r99tot: 5.052
 Nb/Nf: 1.87327e+08 Eb/Ef: 2.85502e+08
mass_bos= 0.242746 mass_fer= 8.50243e-10
compactness= 0.0721726
compactness_boson= 0.0481067
E_binding= 0.210041
