mass= 0.537626numbos: 0.254308 numfer: 0.0296918 omega: 0.779648 r99bos: 4.848 r99fer: 1.962 r99tot: 4.932
 Nb/Nf: 8.56492 Eb/Ef: 9.42039
mass_bos= 0.314327 mass_fer= 0.0333666
compactness= 0.109008
compactness_boson= 0.0648364
E_binding= 0.253627
