mass= 1.2236numbos: 0.113294 numfer: 1.09373 omega: 0.538181 r99bos: 3.984 r99fer: 5.922 r99tot: 5.856
 Nb/Nf: 0.103585 Eb/Ef: 0.108055
mass_bos= 0.140219 mass_fer= 1.29766
compactness= 0.208949
compactness_boson= 0.0351955
E_binding= 0.0165844
