mass= 0.58678numbos: 0.207857 numfer: 0.179614 omega: 0.735555 r99bos: 4.29 r99fer: 3.696 r99tot: 4.17
 Nb/Nf: 1.15725 Eb/Ef: 1.28456
mass_bos= 0.265171 mass_fer= 0.206429
compactness= 0.140715
compactness_boson= 0.0618115
E_binding= 0.199309
