mass= 0.367823numbos: 0.156445 numfer: 1.64923e-08 omega: 0.844481 r99bos: 4.956 r99fer: 0.006 r99tot: 4.98
 Nb/Nf: 9.48591e+06 Eb/Ef: 9.20883e+06
mass_bos= 0.244154 mass_fer= 2.6513e-08
compactness= 0.0738601
compactness_boson= 0.0492643
E_binding= 0.211379
