mass= 0.444636numbos: 0.203186 numfer: 0.00886184 omega: 0.77329 r99bos: 4.134 r99fer: 1.14 r99tot: 4.224
 Nb/Nf: 22.9282 Eb/Ef: 26.9033
mass_bos= 0.282821 mass_fer= 0.0105125
compactness= 0.105264
compactness_boson= 0.0684133
E_binding= 0.232588
