mass= 0.366273numbos: 0.155528 numfer: 1.59413e-08 omega: 0.845403 r99bos: 4.968 r99fer: 0.006 r99tot: 4.986
 Nb/Nf: 9.75629e+06 Eb/Ef: 9.6209e+06
mass_bos= 0.243444 mass_fer= 2.53036e-08
compactness= 0.0734602
compactness_boson= 0.0490023
E_binding= 0.210745
