mass= 0.347676numbos: 0.144763 numfer: 9.98231e-07 omega: 0.855616 r99bos: 5.136 r99fer: 0.072 r99tot: 5.118
 Nb/Nf: 145019 Eb/Ef: 216278
mass_bos= 0.229468 mass_fer= 1.06099e-06
compactness= 0.067932
compactness_boson= 0.0446783
E_binding= 0.202912
