mass= 0.364258numbos: 0.154385 numfer: 1.07189e-08 omega: 0.848277 r99bos: 5.064 r99fer: 0.006 r99tot: 5.07
 Nb/Nf: 1.44031e+07 Eb/Ef: 1.62298e+07
mass_bos= 0.242666 mass_fer= 1.49518e-08
compactness= 0.0718457
compactness_boson= 0.0479197
E_binding= 0.209872
