mass= 0.636308numbos: 0.253507 numfer: 0.15527 omega: 0.811557 r99bos: 6.252 r99fer: 4.068 r99tot: 6.132
 Nb/Nf: 1.63269 Eb/Ef: 1.70705
mass_bos= 0.285962 mass_fer= 0.167518
compactness= 0.103769
compactness_boson= 0.0457392
E_binding= 0.227531
