mass= 1.46966numbos: 0.0429646 numfer: 1.51235 omega: 0.498296 r99bos: 4.314 r99fer: 6.156 r99tot: 6.108
 Nb/Nf: 0.0284092 Eb/Ef: 0.0282217
mass_bos= 0.0512127 mass_fer= 1.81465
compactness= 0.240612
compactness_boson= 0.0118713
E_binding= -0.0856515
