mass= 0.369607numbos: 0.157501 numfer: 1.73175e-08 omega: 0.843356 r99bos: 4.938 r99fer: 0.006 r99tot: 4.962
 Nb/Nf: 9.09495e+06 Eb/Ef: 8.63531e+06
mass_bos= 0.244949 mass_fer= 2.8366e-08
compactness= 0.0744875
compactness_boson= 0.0496049
E_binding= 0.212105
