mass= 0.426913numbos: 0.187549 numfer: 0.0188628 omega: 0.77569 r99bos: 4.068 r99fer: 1.428 r99tot: 4.128
 Nb/Nf: 9.94283 Eb/Ef: 11.5769
mass_bos= 0.267406 mass_fer= 0.0230983
compactness= 0.103419
compactness_boson= 0.0657341
E_binding= 0.220501
