mass= 0.3957numbos: 0.174736 numfer: 7.15905e-05 omega: 0.787415 r99bos: 4.014 r99fer: 0.306 r99tot: 4.086
 Nb/Nf: 2440.77 Eb/Ef: 3421.97
mass_bos= 0.261829 mass_fer= 7.65143e-05
compactness= 0.096843
compactness_boson= 0.0652291
E_binding= 0.220893
