mass= 0.340514numbos: 0.140561 numfer: 2.87859e-05 omega: 0.840699 r99bos: 4.668 r99fer: 0.18 r99tot: 4.656
 Nb/Nf: 4882.99 Eb/Ef: 6991.01
mass_bos= 0.22724 mass_fer= 3.25047e-05
compactness= 0.0731345
compactness_boson= 0.0486804
E_binding= 0.199924
