mass= 0.38046numbos: 0.163956 numfer: 2.12767e-07 omega: 0.839944 r99bos: 4.98 r99fer: 0.018 r99tot: 5.004
 Nb/Nf: 770589 Eb/Ef: 916748
mass_bos= 0.250024 mass_fer= 2.72729e-07
compactness= 0.0760312
compactness_boson= 0.0502056
E_binding= 0.216504
