mass= 1.28563numbos: 0.0884358 numfer: 1.20726 omega: 0.496337 r99bos: 3.792 r99fer: 5.778 r99tot: 5.718
 Nb/Nf: 0.0732535 Eb/Ef: 0.0755706
mass_bos= 0.110884 mass_fer= 1.46729
compactness= 0.22484
compactness_boson= 0.0292416
E_binding= -0.01006
