mass= 0.381951numbos: 0.164843 numfer: 2.47435e-07 omega: 0.842234 r99bos: 5.058 r99fer: 0.024 r99tot: 5.082
 Nb/Nf: 666210 Eb/Ef: 848792
mass_bos= 0.250229 mass_fer= 2.94806e-07
compactness= 0.0751577
compactness_boson= 0.0494718
E_binding= 0.217108
