mass= 0.367238numbos: 0.156194 numfer: 4.77713e-09 omega: 0.854023 r99bos: 5.28 r99fer: 0.012 r99tot: 5.28
 Nb/Nf: 3.26962e+07 Eb/Ef: 4.96378e+07
mass_bos= 0.240222 mass_fer= 4.8395e-09
compactness= 0.0695526
compactness_boson= 0.0454967
E_binding= 0.211044
