mass= 0.370804numbos: 0.158211 numfer: 1.73175e-08 omega: 0.842482 r99bos: 4.932 r99fer: 0.006 r99tot: 4.956
 Nb/Nf: 9.13595e+06 Eb/Ef: 8.65433e+06
mass_bos= 0.245489 mass_fer= 2.8366e-08
compactness= 0.0748192
compactness_boson= 0.0497747
E_binding= 0.212593
