mass= 0.378195numbos: 0.162607 numfer: 2.16536e-08 omega: 0.839519 r99bos: 4.95 r99fer: 0.006 r99tot: 4.974
 Nb/Nf: 7.50948e+06 Eb/Ef: 9.86648e+06
mass_bos= 0.249067 mass_fer= 2.52438e-08
compactness= 0.0760344
compactness_boson= 0.0503166
E_binding= 0.215588
