mass= 0.461428numbos: 0.204626 numfer: 0.030381 omega: 0.76861 r99bos: 4.176 r99fer: 1.758 r99tot: 4.236
 Nb/Nf: 6.73532 Eb/Ef: 7.68269
mass_bos= 0.278969 mass_fer= 0.0363113
compactness= 0.10893
compactness_boson= 0.0668028
E_binding= 0.226421
