mass= 0.381137numbos: 0.164363 numfer: 1.8118e-06 omega: 0.844727 r99bos: 5.124 r99fer: 0.054 r99tot: 5.142
 Nb/Nf: 90717.8 Eb/Ef: 111200
mass_bos= 0.249275 mass_fer= 2.24168e-06
compactness= 0.0741224
compactness_boson= 0.0486486
E_binding= 0.216773
