mass= 0.370771numbos: 0.158191 numfer: 1.81426e-08 omega: 0.842496 r99bos: 4.926 r99fer: 0.006 r99tot: 4.95
 Nb/Nf: 8.71928e+06 Eb/Ef: 8.10957e+06
mass_bos= 0.24547 mass_fer= 3.02692e-08
compactness= 0.0749032
compactness_boson= 0.0498315
E_binding= 0.21258
