mass= 0.560132numbos: 0.278886 numfer: 0.00605862 omega: 0.785122 r99bos: 5.082 r99fer: 1.344 r99tot: 5.202
 Nb/Nf: 46.0313 Eb/Ef: 51.8272
mass_bos= 0.337239 mass_fer= 0.00650699
compactness= 0.107676
compactness_boson= 0.0663596
E_binding= 0.275187
