mass= 0.38004numbos: 0.163715 numfer: 2.92362e-06 omega: 0.846203 r99bos: 5.16 r99fer: 0.066 r99tot: 5.178
 Nb/Nf: 55997.1 Eb/Ef: 67681
mass_bos= 0.248406 mass_fer= 3.67024e-06
compactness= 0.0733952
compactness_boson= 0.0481406
E_binding= 0.216323
