mass= 0.381995numbos: 0.16487 numfer: 1.39789e-06 omega: 0.842216 r99bos: 5.064 r99fer: 0.048 r99tot: 5.082
 Nb/Nf: 117942 Eb/Ef: 142290
mass_bos= 0.250252 mass_fer= 1.75874e-06
compactness= 0.0751662
compactness_boson= 0.0494179
E_binding= 0.217123
