mass= 0.434523numbos: 0.197677 numfer: 0.00617234 omega: 0.775149 r99bos: 4.098 r99fer: 1.008 r99tot: 4.182
 Nb/Nf: 32.0263 Eb/Ef: 38.1164
mass_bos= 0.279181 mass_fer= 0.00732443
compactness= 0.103903
compactness_boson= 0.0681263
E_binding= 0.230674
