mass= 0.38003numbos: 0.163708 numfer: 3.08952e-06 omega: 0.846207 r99bos: 5.16 r99fer: 0.06 r99tot: 5.172
 Nb/Nf: 52988.3 Eb/Ef: 61908.2
mass_bos= 0.2484 mass_fer= 4.01239e-06
compactness= 0.0734783
compactness_boson= 0.0481395
E_binding= 0.216319
