mass= 0.535782numbos: 0.26325 numfer: 0.0061677 omega: 0.777233 r99bos: 4.77 r99fer: 1.26 r99tot: 4.89
 Nb/Nf: 42.6821 Eb/Ef: 48.6734
mass_bos= 0.327572 mass_fer= 0.00673001
compactness= 0.109567
compactness_boson= 0.0686734
E_binding= 0.266364
