mass= 0.454623numbos: 0.208078 numfer: 0.0127615 omega: 0.771873 r99bos: 4.182 r99fer: 1.296 r99tot: 4.266
 Nb/Nf: 16.3051 Eb/Ef: 18.884
mass_bos= 0.2856 mass_fer= 0.0151239
compactness= 0.106569
compactness_boson= 0.0682927
E_binding= 0.233783
