mass= 0.369776numbos: 0.157606 numfer: 9.89647e-09 omega: 0.843285 r99bos: 4.962 r99fer: 0.006 r99tot: 4.98
 Nb/Nf: 1.59254e+07 Eb/Ef: 1.81451e+07
mass_bos= 0.245044 mass_fer= 1.35047e-08
compactness= 0.0742522
compactness_boson= 0.0493842
E_binding= 0.21217
