mass= 1.28516numbos: 0.106885 numfer: 1.18155 omega: 0.559043 r99bos: 4.38 r99fer: 6.204 r99tot: 6.144
 Nb/Nf: 0.0904617 Eb/Ef: 0.0928033
mass_bos= 0.127955 mass_fer= 1.37878
compactness= 0.209173
compactness_boson= 0.0292135
E_binding= -0.00327395
