mass= 0.367935numbos: 0.156514 numfer: 1.34685e-08 omega: 0.844435 r99bos: 4.974 r99fer: 0.006 r99tot: 4.992
 Nb/Nf: 1.16207e+07 Eb/Ef: 1.2119e+07
mass_bos= 0.244217 mass_fer= 2.01516e-08
compactness= 0.073705
compactness_boson= 0.0490987
E_binding= 0.211422
