mass= 1.25113numbos: 0.120749 numfer: 1.11796 omega: 0.617844 r99bos: 4.974 r99fer: 6.576 r99tot: 6.516
 Nb/Nf: 0.108009 Eb/Ef: 0.110476
mass_bos= 0.139786 mass_fer= 1.26531
compactness= 0.192009
compactness_boson= 0.0281033
E_binding= 0.0124185
