mass= 0.351348numbos: 0.146908 numfer: 3.9884e-06 omega: 0.856352 r99bos: 5.196 r99fer: 0.096 r99tot: 5.178
 Nb/Nf: 36833.9 Eb/Ef: 51833.2
mass_bos= 0.231348 mass_fer= 4.46332e-06
compactness= 0.067854
compactness_boson= 0.0445242
E_binding= 0.204436
