mass= 0.370978numbos: 0.158319 numfer: 6.8727e-09 omega: 0.842409 r99bos: 4.956 r99fer: 0.006 r99tot: 4.974
 Nb/Nf: 2.30359e+07 Eb/Ef: 2.85139e+07
mass_bos= 0.245587 mass_fer= 8.61287e-09
compactness= 0.0745834
compactness_boson= 0.0495534
E_binding= 0.212659
