mass= 0.466438numbos: 0.215035 numfer: 0.0144423 omega: 0.770919 r99bos: 4.236 r99fer: 1.374 r99tot: 4.326
 Nb/Nf: 14.8892 Eb/Ef: 17.116
mass_bos= 0.290571 mass_fer= 0.0169766
compactness= 0.107822
compactness_boson= 0.0685957
E_binding= 0.236961
