mass= 0.381135numbos: 0.164361 numfer: 1.74438e-06 omega: 0.844728 r99bos: 5.124 r99fer: 0.054 r99tot: 5.142
 Nb/Nf: 94223.2 Eb/Ef: 115870
mass_bos= 0.249274 mass_fer= 2.15133e-06
compactness= 0.0741219
compactness_boson= 0.0486483
E_binding= 0.216772
