mass= 0.856469numbos: 0.191765 numfer: 0.526135 omega: 0.772786 r99bos: 6.342 r99fer: 6.246 r99tot: 6.27
 Nb/Nf: 0.364478 Eb/Ef: 0.375911
mass_bos= 0.212984 mass_fer= 0.56658
compactness= 0.136598
compactness_boson= 0.0335831
E_binding= 0.13857
