mass= 0.372302numbos: 0.159102 numfer: 8.71132e-08 omega: 0.841436 r99bos: 4.932 r99fer: 0.006 r99tot: 4.956
 Nb/Nf: 1.82638e+06 Eb/Ef: 1.88642e+06
mass_bos= 0.246203 mass_fer= 1.30513e-07
compactness= 0.0751215
compactness_boson= 0.0499195
E_binding= 0.2132
