mass= 0.361458numbos: 0.153298 numfer: 0 omega: 0.810777 r99bos: 4.254 r99fer: 0 r99tot: 4.266
 Nb/Nf: inf Eb/Ef: inf
mass_bos= 0.241459 mass_fer= 0
compactness= 0.0847299
compactness_boson= 0.0567606
E_binding= 0.208159
