mass= 0.363358numbos: 0.153923 numfer: 2.58558e-07 omega: 0.855228 r99bos: 5.268 r99fer: 0.042 r99tot: 5.268
 Nb/Nf: 595312 Eb/Ef: 870025
mass_bos= 0.237963 mass_fer= 2.73513e-07
compactness= 0.0689746
compactness_boson= 0.0451715
E_binding= 0.209435
