mass= 0.349395numbos: 0.145891 numfer: 0.000101799 omega: 0.823827 r99bos: 4.356 r99fer: 0.27 r99tot: 4.368
 Nb/Nf: 1433.13 Eb/Ef: 2005.95
mass_bos= 0.233662 mass_fer= 0.000116484
compactness= 0.0799897
compactness_boson= 0.0536415
E_binding= 0.203402
