mass= 0.37072numbos: 0.158233 numfer: 1.1843e-05 omega: 0.852599 r99bos: 5.268 r99fer: 0.102 r99tot: 5.268
 Nb/Nf: 13360.8 Eb/Ef: 15808.2
mass_bos= 0.242304 mass_fer= 1.53277e-05
compactness= 0.070372
compactness_boson= 0.0459954
E_binding= 0.212475
