mass= 0.380001numbos: 0.163691 numfer: 4.82069e-07 omega: 0.846221 r99bos: 5.154 r99fer: 0.036 r99tot: 5.172
 Nb/Nf: 339559 Eb/Ef: 443902
mass_bos= 0.248385 mass_fer= 5.59549e-07
compactness= 0.0734728
compactness_boson= 0.0481926
E_binding= 0.21631
