mass= 0.379478numbos: 0.163372 numfer: 7.37375e-07 omega: 0.839596 r99bos: 4.968 r99fer: 0.036 r99tot: 4.992
 Nb/Nf: 221559 Eb/Ef: 284335
mass_bos= 0.249641 mass_fer= 8.7798e-07
compactness= 0.0760171
compactness_boson= 0.0502498
E_binding= 0.216105
