mass= 0.381982numbos: 0.164862 numfer: 9.79478e-07 omega: 0.842221 r99bos: 5.058 r99fer: 0.042 r99tot: 5.082
 Nb/Nf: 168316 Eb/Ef: 208408
mass_bos= 0.250245 mass_fer= 1.20075e-06
compactness= 0.0751637
compactness_boson= 0.0494752
E_binding= 0.217119
