mass= 0.34468numbos: 0.143006 numfer: 4.91757e-05 omega: 0.854144 r99bos: 5.076 r99fer: 0.186 r99tot: 5.058
 Nb/Nf: 2908.07 Eb/Ef: 3783.42
mass_bos= 0.227999 mass_fer= 6.02626e-05
compactness= 0.0681456
compactness_boson= 0.0449171
E_binding= 0.201625
