mass= 0.38008numbos: 0.163739 numfer: 2.39183e-09 omega: 0.846192 r99bos: 5.166 r99fer: 0.006 r99tot: 5.178
 Nb/Nf: 6.84577e+07 Eb/Ef: 1.01854e+08
mass_bos= 0.248429 mass_fer= 2.43908e-09
compactness= 0.0734029
compactness_boson= 0.0480893
E_binding= 0.216341
