mass= 0.372308numbos: 0.159106 numfer: 9.22477e-08 omega: 0.841434 r99bos: 4.932 r99fer: 0.006 r99tot: 4.956
 Nb/Nf: 1.72477e+06 Eb/Ef: 1.74733e+06
mass_bos= 0.246206 mass_fer= 1.40905e-07
compactness= 0.0751226
compactness_boson= 0.0499202
E_binding= 0.213202
