mass= 0.365873numbos: 0.155302 numfer: 1.09931e-09 omega: 0.845758 r99bos: 5.016 r99fer: 0.006 r99tot: 5.028
 Nb/Nf: 1.41272e+08 Eb/Ef: 2.12702e+08
mass_bos= 0.243294 mass_fer= 1.14383e-09
compactness= 0.0727671
compactness_boson= 0.0485036
E_binding= 0.210572
