mass= 0.351576numbos: 0.147037 numfer: 6.14832e-05 omega: 0.856295 r99bos: 5.214 r99fer: 0.18 r99tot: 5.196
 Nb/Nf: 2391.5 Eb/Ef: 2910.51
mass_bos= 0.231433 mass_fer= 7.95163e-05
compactness= 0.0676629
compactness_boson= 0.0443869
E_binding= 0.204478
