mass= 0.381738numbos: 0.164717 numfer: 2.09012e-07 omega: 0.843404 r99bos: 5.088 r99fer: 0.024 r99tot: 5.112
 Nb/Nf: 788075 Eb/Ef: 1.03015e+06
mass_bos= 0.249865 mass_fer= 2.42552e-07
compactness= 0.074675
compactness_boson= 0.0491088
E_binding= 0.217021
