mass= 0.364166numbos: 0.154329 numfer: 1.40195e-08 omega: 0.848315 r99bos: 5.052 r99fer: 0.006 r99tot: 5.058
 Nb/Nf: 1.10082e+07 Eb/Ef: 1.14114e+07
mass_bos= 0.242614 mass_fer= 2.12606e-08
compactness= 0.071998
compactness_boson= 0.0480234
E_binding= 0.209837
