mass= 0.367168numbos: 0.156152 numfer: 5.71861e-07 omega: 0.854049 r99bos: 5.268 r99fer: 0.048 r99tot: 5.274
 Nb/Nf: 273059 Eb/Ef: 383327
mass_bos= 0.240183 mass_fer= 6.26576e-07
compactness= 0.0696185
compactness_boson= 0.0455929
E_binding= 0.211016
