mass= 0.37394numbos: 0.160078 numfer: 1.65032e-09 omega: 0.840547 r99bos: 4.944 r99fer: 0.006 r99tot: 4.962
 Nb/Nf: 9.69985e+07 Eb/Ef: 1.41099e+08
mass_bos= 0.247016 mass_fer= 1.75066e-09
compactness= 0.0753607
compactness_boson= 0.0499628
E_binding= 0.213862
