mass= 0.373973numbos: 0.160099 numfer: 8.25158e-10 omega: 0.840534 r99bos: 4.95 r99fer: 0.006 r99tot: 4.968
 Nb/Nf: 1.94022e+08 Eb/Ef: 2.90546e+08
mass_bos= 0.247035 mass_fer= 8.50243e-10
compactness= 0.0752763
compactness_boson= 0.049906
E_binding= 0.213874
