mass= 0.36583numbos: 0.155275 numfer: 4.67409e-09 omega: 0.845776 r99bos: 5.01 r99fer: 0.006 r99tot: 5.022
 Nb/Nf: 3.32204e+07 Eb/Ef: 4.44007e+07
mass_bos= 0.24327 mass_fer= 5.47896e-09
compactness= 0.0728455
compactness_boson= 0.0485569
E_binding= 0.210555
