mass= 0.378401numbos: 0.162747 numfer: 3.14153e-07 omega: 0.847806 r99bos: 5.184 r99fer: 0.036 r99tot: 5.202
 Nb/Nf: 518049 Eb/Ef: 711723
mass_bos= 0.247239 mass_fer= 3.47381e-07
compactness= 0.0727415
compactness_boson= 0.0476928
E_binding= 0.215654
