mass= 0.365106numbos: 0.154851 numfer: 9.07131e-09 omega: 0.846355 r99bos: 5.016 r99fer: 0.006 r99tot: 5.022
 Nb/Nf: 1.70704e+07 Eb/Ef: 2.00727e+07
mass_bos= 0.242939 mass_fer= 1.21029e-08
compactness= 0.0727012
compactness_boson= 0.0484328
E_binding= 0.210254
