mass= 0.365192numbos: 0.154904 numfer: 1.65032e-09 omega: 0.846319 r99bos: 5.028 r99fer: 0.006 r99tot: 5.034
 Nb/Nf: 9.38633e+07 Eb/Ef: 1.38798e+08
mass_bos= 0.242988 mass_fer= 1.75066e-09
compactness= 0.0725451
compactness_boson= 0.0483269
E_binding= 0.210288
