mass= 0.381264numbos: 0.164434 numfer: 1.16507e-07 omega: 0.840491 r99bos: 5.004 r99fer: 0.018 r99tot: 5.028
 Nb/Nf: 1.41137e+06 Eb/Ef: 1.87432e+06
mass_bos= 0.250285 mass_fer= 1.33533e-07
compactness= 0.0758282
compactness_boson= 0.0500169
E_binding= 0.21683
