mass= 0.381147numbos: 0.164368 numfer: 2.45311e-06 omega: 0.844722 r99bos: 5.124 r99fer: 0.06 r99tot: 5.148
 Nb/Nf: 67004.1 Eb/Ef: 80254.1
mass_bos= 0.249281 mass_fer= 3.10614e-06
compactness= 0.0740379
compactness_boson= 0.0486496
E_binding= 0.216776
