mass= 0.372459numbos: 0.159199 numfer: 1.92446e-09 omega: 0.841371 r99bos: 4.95 r99fer: 0.006 r99tot: 4.968
 Nb/Nf: 8.27237e+07 Eb/Ef: 1.19506e+08
mass_bos= 0.246291 mass_fer= 2.06091e-09
compactness= 0.0749715
compactness_boson= 0.0497558
E_binding= 0.21326
