mass= 1.40453numbos: 0.0799109 numfer: 1.37446 omega: 0.579641 r99bos: 4.962 r99fer: 6.678 r99tot: 6.63
 Nb/Nf: 0.05814 Eb/Ef: 0.0585066
mass_bos= 0.0921247 mass_fer= 1.57461
compactness= 0.211844
compactness_boson= 0.0185661
E_binding= -0.0498401
