mass= 0.605454numbos: 0.30898 numfer: 0.00197047 omega: 0.808749 r99bos: 5.934 r99fer: 1.218 r99tot: 6.06
 Nb/Nf: 156.805 Eb/Ef: 174.21
mass_bos= 0.354354 mass_fer= 0.00203406
compactness= 0.0999099
compactness_boson= 0.0597159
E_binding= 0.294503
