mass= 0.373966numbos: 0.160279 numfer: 0.00289666 omega: 0.801391 r99bos: 4.134 r99fer: 0.708 r99tot: 4.17
 Nb/Nf: 55.3324 Eb/Ef: 68.0458
mass_bos= 0.247086 mass_fer= 0.00363116
compactness= 0.08968
compactness_boson= 0.0597691
E_binding= 0.21079
