mass= 0.359449numbos: 0.151639 numfer: 1.52904e-05 omega: 0.856029 r99bos: 5.268 r99fer: 0.126 r99tot: 5.262
 Nb/Nf: 9917.21 Eb/Ef: 12554.1
mass_bos= 0.235737 mass_fer= 1.87777e-05
compactness= 0.0683103
compactness_boson= 0.0447488
E_binding= 0.207795
