mass= 0.368706numbos: 0.156969 numfer: 1.56671e-08 omega: 0.843959 r99bos: 4.956 r99fer: 0.006 r99tot: 4.974
 Nb/Nf: 1.0019e+07 Eb/Ef: 9.89696e+06
mass_bos= 0.244556 mass_fer= 2.47102e-08
compactness= 0.0741268
compactness_boson= 0.0493455
E_binding= 0.211737
