mass= 0.61034numbos: 0.248145 numfer: 0.134306 omega: 0.786233 r99bos: 5.424 r99fer: 3.576 r99tot: 5.352
 Nb/Nf: 1.84761 Eb/Ef: 1.96309
mass_bos= 0.290816 mass_fer= 0.148142
compactness= 0.11404
compactness_boson= 0.0536164
E_binding= 0.227889
