mass= 0.450594numbos: 0.185735 numfer: 0.0542119 omega: 0.762109 r99bos: 3.996 r99fer: 2.196 r99tot: 4.008
 Nb/Nf: 3.42609 Eb/Ef: 3.97285
mass_bos= 0.260629 mass_fer= 0.0656025
compactness= 0.112424
compactness_boson= 0.0652225
E_binding= 0.210647
