mass= 0.363374numbos: 0.153932 numfer: 5.09972e-07 omega: 0.855221 r99bos: 5.274 r99fer: 0.054 r99tot: 5.268
 Nb/Nf: 301845 Eb/Ef: 437380
mass_bos= 0.237972 mass_fer= 5.44085e-07
compactness= 0.0689776
compactness_boson= 0.0451217
E_binding= 0.209441
