mass= 0.515851numbos: 0.252431 numfer: 0.000358152 omega: 0.770405 r99bos: 4.506 r99fer: 0.624 r99tot: 4.632
 Nb/Nf: 704.815 Eb/Ef: 864.649
mass_bos= 0.323037 mass_fer= 0.000373605
compactness= 0.111367
compactness_boson= 0.0716905
E_binding= 0.263062
