mass= 0.475204numbos: 0.215982 numfer: 0.0252083 omega: 0.76957 r99bos: 4.272 r99fer: 1.674 r99tot: 4.35
 Nb/Nf: 8.56791 Eb/Ef: 9.71747
mass_bos= 0.2887 mass_fer= 0.0297094
compactness= 0.109242
compactness_boson= 0.0675796
E_binding= 0.234013
