mass= 0.367844numbos: 0.156457 numfer: 1.59413e-08 omega: 0.844473 r99bos: 4.962 r99fer: 0.006 r99tot: 4.98
 Nb/Nf: 9.81459e+06 Eb/Ef: 9.64943e+06
mass_bos= 0.244166 mass_fer= 2.53036e-08
compactness= 0.0738642
compactness_boson= 0.0492071
E_binding= 0.211386
