mass= 0.368017numbos: 0.156564 numfer: 8.79716e-09 omega: 0.844401 r99bos: 4.986 r99fer: 0.006 r99tot: 4.998
 Nb/Nf: 1.77971e+07 Eb/Ef: 2.09698e+07
mass_bos= 0.244263 mass_fer= 1.16483e-08
compactness= 0.0736328
compactness_boson= 0.0489897
E_binding= 0.211453
