mass= 0.365607numbos: 0.155138 numfer: 1.42937e-08 omega: 0.845867 r99bos: 4.98 r99fer: 0.006 r99tot: 4.998
 Nb/Nf: 1.08536e+07 Eb/Ef: 1.11428e+07
mass_bos= 0.243145 mass_fer= 2.18208e-08
compactness= 0.0731507
compactness_boson= 0.0488243
E_binding= 0.210469
