mass= 0.380043numbos: 0.163716 numfer: 4.15635e-06 omega: 0.8462 r99bos: 5.16 r99fer: 0.066 r99tot: 5.178
 Nb/Nf: 39389.4 Eb/Ef: 45135.2
mass_bos= 0.248406 mass_fer= 5.50361e-06
compactness= 0.0733956
compactness_boson= 0.0481408
E_binding= 0.216323
