mass= 0.381121numbos: 0.164353 numfer: 9.99165e-07 omega: 0.844734 r99bos: 5.124 r99fer: 0.042 r99tot: 5.142
 Nb/Nf: 164490 Eb/Ef: 202452
mass_bos= 0.249267 mass_fer= 1.23124e-06
compactness= 0.0741193
compactness_boson= 0.0486469
E_binding= 0.216767
