mass= 0.340801numbos: 0.140709 numfer: 0.000184944 omega: 0.849061 r99bos: 4.908 r99fer: 0.27 r99tot: 4.884
 Nb/Nf: 760.823 Eb/Ef: 959.272
mass_bos= 0.226391 mass_fer= 0.000236003
compactness= 0.0697792
compactness_boson= 0.0461269
E_binding= 0.199907
