mass= 0.476972numbos: 0.22698 numfer: 0.000902749 omega: 0.768356 r99bos: 4.236 r99fer: 0.684 r99tot: 4.35
 Nb/Nf: 251.432 Eb/Ef: 311.863
mass_bos= 0.304435 mass_fer= 0.000976182
compactness= 0.109649
compactness_boson= 0.0718686
E_binding= 0.249089
