mass= 0.41762numbos: 0.184039 numfer: 0.0131569 omega: 0.779222 r99bos: 4.068 r99fer: 1.242 r99tot: 4.128
 Nb/Nf: 13.9881 Eb/Ef: 16.4235
mass_bos= 0.265703 mass_fer= 0.0161782
compactness= 0.101168
compactness_boson= 0.0653154
E_binding= 0.220424
