mass= 0.367336numbos: 0.156163 numfer: 1.37345e-09 omega: 0.844817 r99bos: 5.004 r99fer: 0.006 r99tot: 5.016
 Nb/Nf: 1.13701e+08 Eb/Ef: 1.69073e+08
mass_bos= 0.243963 mass_fer= 1.44295e-09
compactness= 0.0732329
compactness_boson= 0.0487537
E_binding= 0.211173
