mass= 0.379992numbos: 0.163685 numfer: 1.01547e-07 omega: 0.846225 r99bos: 5.154 r99fer: 0.024 r99tot: 5.172
 Nb/Nf: 1.61192e+06 Eb/Ef: 2.27136e+06
mass_bos= 0.24838 mass_fer= 1.09353e-07
compactness= 0.073471
compactness_boson= 0.0481916
E_binding= 0.216307
