mass= 0.366534numbos: 0.155689 numfer: 6.32169e-09 omega: 0.845295 r99bos: 5.004 r99fer: 0.006 r99tot: 5.016
 Nb/Nf: 2.46277e+07 Eb/Ef: 3.12536e+07
mass_bos= 0.243591 mass_fer= 7.79401e-09
compactness= 0.0730731
compactness_boson= 0.0486792
E_binding= 0.210846
