mass= 0.378435numbos: 0.162767 numfer: 3.8591e-06 omega: 0.847788 r99bos: 5.19 r99fer: 0.066 r99tot: 5.202
 Nb/Nf: 42177.4 Eb/Ef: 49733.6
mass_bos= 0.247256 mass_fer= 4.97161e-06
compactness= 0.0727479
compactness_boson= 0.0476409
E_binding= 0.215664
