mass= 0.365818numbos: 0.155267 numfer: 7.69514e-09 omega: 0.845781 r99bos: 5.01 r99fer: 0.006 r99tot: 5.022
 Nb/Nf: 2.01773e+07 Eb/Ef: 2.463e+07
mass_bos= 0.243263 mass_fer= 9.87672e-09
compactness= 0.072843
compactness_boson= 0.0485555
E_binding= 0.21055
