mass= 0.368952numbos: 0.15712 numfer: 1.65032e-09 omega: 0.843858 r99bos: 4.992 r99fer: 0.006 r99tot: 5.004
 Nb/Nf: 9.52062e+07 Eb/Ef: 1.39773e+08
mass_bos= 0.244694 mass_fer= 1.75066e-09
compactness= 0.0737315
compactness_boson= 0.0490173
E_binding= 0.211832
