mass= 0.487668numbos: 0.223301 numfer: 0.0269077 omega: 0.769924 r99bos: 4.356 r99fer: 1.74 r99tot: 4.434
 Nb/Nf: 8.29877 Eb/Ef: 9.3498
mass_bos= 0.29377 mass_fer= 0.0314199
compactness= 0.109984
compactness_boson= 0.0674402
E_binding= 0.237459
