mass= 0.355299numbos: 0.149215 numfer: 1.19211e-06 omega: 0.856474 r99bos: 5.238 r99fer: 0.072 r99tot: 5.226
 Nb/Nf: 125169 Eb/Ef: 181653
mass_bos= 0.233457 mass_fer= 1.28518e-06
compactness= 0.0679867
compactness_boson= 0.0445699
E_binding= 0.206082
