mass= 0.364154numbos: 0.154322 numfer: 1.42937e-08 omega: 0.84832 r99bos: 5.052 r99fer: 0.006 r99tot: 5.058
 Nb/Nf: 1.07965e+07 Eb/Ef: 1.11182e+07
mass_bos= 0.242608 mass_fer= 2.18208e-08
compactness= 0.0719957
compactness_boson= 0.0480221
E_binding= 0.209832
