mass= 0.370868numbos: 0.15825 numfer: 1.26434e-08 omega: 0.842455 r99bos: 4.938 r99fer: 0.006 r99tot: 4.962
 Nb/Nf: 1.25165e+07 Eb/Ef: 1.32482e+07
mass_bos= 0.245525 mass_fer= 1.85327e-08
compactness= 0.0747416
compactness_boson= 0.0497215
E_binding= 0.212617
