mass= 0.600647numbos: 0.295373 numfer: 0.0266019 omega: 0.816747 r99bos: 6.162 r99fer: 2.31 r99tot: 6.246
 Nb/Nf: 11.1034 Eb/Ef: 11.854
mass_bos= 0.336144 mass_fer= 0.0283571
compactness= 0.096165
compactness_boson= 0.0545512
E_binding= 0.278672
