mass= 0.368779numbos: 0.157014 numfer: 1.12699e-08 omega: 0.843929 r99bos: 4.968 r99fer: 0.006 r99tot: 4.986
 Nb/Nf: 1.39321e+07 Eb/Ef: 1.5336e+07
mass_bos= 0.244597 mass_fer= 1.59492e-08
compactness= 0.073963
compactness_boson= 0.0492345
E_binding= 0.211765
