mass= 0.378279numbos: 0.162659 numfer: 8.68165e-07 omega: 0.839485 r99bos: 4.956 r99fer: 0.042 r99tot: 4.98
 Nb/Nf: 187359 Eb/Ef: 251513
mass_bos= 0.249114 mass_fer= 9.90462e-07
compactness= 0.0759596
compactness_boson= 0.0502651
E_binding= 0.215619
