mass= 0.404608numbos: 0.180012 numfer: 0.00161335 omega: 0.784071 r99bos: 4.032 r99fer: 0.654 r99tot: 4.11
 Nb/Nf: 111.576 Eb/Ef: 140.546
mass_bos= 0.265797 mass_fer= 0.00189118
compactness= 0.0984446
compactness_boson= 0.0659219
E_binding= 0.222982
