mass= 0.380458numbos: 0.163954 numfer: 1.74008e-07 omega: 0.839944 r99bos: 4.98 r99fer: 0.018 r99tot: 5.004
 Nb/Nf: 942222 Eb/Ef: 1.18832e+06
mass_bos= 0.250023 mass_fer= 2.10401e-07
compactness= 0.0760308
compactness_boson= 0.0502054
E_binding= 0.216503
