mass= 0.364448numbos: 0.154472 numfer: 1.29175e-08 omega: 0.847106 r99bos: 5.022 r99fer: 0.006 r99tot: 5.028
 Nb/Nf: 1.19583e+07 Eb/Ef: 1.27277e+07
mass_bos= 0.242652 mass_fer= 1.9065e-08
compactness= 0.0724838
compactness_boson= 0.0483179
E_binding= 0.209976
