mass= 0.380475numbos: 0.163965 numfer: 3.57483e-07 omega: 0.839937 r99bos: 4.98 r99fer: 0.024 r99tot: 5.004
 Nb/Nf: 458665 Eb/Ef: 555497
mass_bos= 0.250032 mass_fer= 4.50106e-07
compactness= 0.0760342
compactness_boson= 0.0502073
E_binding= 0.21651
