mass= 0.373721numbos: 0.159994 numfer: 2.81459e-06 omega: 0.851067 r99bos: 5.244 r99fer: 0.066 r99tot: 5.25
 Nb/Nf: 56844.4 Eb/Ef: 71676.5
mass_bos= 0.244169 mass_fer= 3.40655e-06
compactness= 0.0711849
compactness_boson= 0.0465616
E_binding= 0.213725
