mass= 0.394994numbos: 0.17411 numfer: 0.00083675 omega: 0.788255 r99bos: 4.032 r99fer: 0.54 r99tot: 4.104
 Nb/Nf: 208.079 Eb/Ef: 269.605
mass_bos= 0.26087 mass_fer= 0.0009676
compactness= 0.096246
compactness_boson= 0.0646999
E_binding= 0.220047
