mass= 0.381272numbos: 0.164439 numfer: 3.5151e-08 omega: 0.840488 r99bos: 5.004 r99fer: 0.012 r99tot: 5.028
 Nb/Nf: 4.67807e+06 Eb/Ef: 6.5282e+06
mass_bos= 0.250289 mass_fer= 3.83396e-08
compactness= 0.0758297
compactness_boson= 0.0500177
E_binding= 0.216833
