mass= 0.379424numbos: 0.163339 numfer: 2.13998e-07 omega: 0.839618 r99bos: 4.962 r99fer: 0.018 r99tot: 4.986
 Nb/Nf: 763274 Eb/Ef: 929904
mass_bos= 0.249611 mass_fer= 2.68427e-07
compactness= 0.0760979
compactness_boson= 0.0503045
E_binding= 0.216085
