mass= 0.370899numbos: 0.15827 numfer: 1.18182e-08 omega: 0.842442 r99bos: 4.944 r99fer: 0.006 r99tot: 4.962
 Nb/Nf: 1.3392e+07 Eb/Ef: 1.44744e+07
mass_bos= 0.245542 mass_fer= 1.69639e-08
compactness= 0.0747478
compactness_boson= 0.0496646
E_binding= 0.212629
