mass= 0.364818numbos: 0.154675 numfer: 1.89651e-08 omega: 0.846474 r99bos: 4.974 r99fer: 0.006 r99tot: 4.992
 Nb/Nf: 8.15576e+06 Eb/Ef: 7.53594e+06
mass_bos= 0.242777 mass_fer= 3.2216e-08
compactness= 0.0730805
compactness_boson= 0.0488093
E_binding= 0.210143
