mass= 0.340647numbos: 0.140624 numfer: 0.000142921 omega: 0.840792 r99bos: 4.68 r99fer: 0.27 r99tot: 4.668
 Nb/Nf: 983.931 Eb/Ef: 1309.72
mass_bos= 0.227222 mass_fer= 0.00017349
compactness= 0.0729749
compactness_boson= 0.0485518
E_binding= 0.19988
