mass= 0.364328numbos: 0.154429 numfer: 1.65032e-09 omega: 0.848249 r99bos: 5.076 r99fer: 0.006 r99tot: 5.076
 Nb/Nf: 9.35751e+07 Eb/Ef: 1.38637e+08
mass_bos= 0.242705 mass_fer= 1.75066e-09
compactness= 0.0717747
compactness_boson= 0.0478142
E_binding= 0.2099
