mass= 0.556532numbos: 0.274405 numfer: 0.0114528 omega: 0.785478 r99bos: 5.07 r99fer: 1.566 r99tot: 5.184
 Nb/Nf: 23.9595 Eb/Ef: 26.6404
mass_bos= 0.332353 mass_fer= 0.0124755
compactness= 0.107356
compactness_boson= 0.0655529
E_binding= 0.270674
