mass= 0.580621numbos: 0.276436 numfer: 0.0407232 omega: 0.799849 r99bos: 5.574 r99fer: 2.412 r99tot: 5.64
 Nb/Nf: 6.78816 Eb/Ef: 7.28355
mass_bos= 0.323641 mass_fer= 0.0444345
compactness= 0.102947
compactness_boson= 0.0580626
E_binding= 0.263462
