mass= 0.379469numbos: 0.163367 numfer: 7.78247e-09 omega: 0.8396 r99bos: 4.968 r99fer: 0.006 r99tot: 4.992
 Nb/Nf: 2.09916e+07 Eb/Ef: 3.03667e+07
mass_bos= 0.249636 mass_fer= 8.22073e-09
compactness= 0.0760154
compactness_boson= 0.0502488
E_binding= 0.216102
