mass= 0.365182numbos: 0.154898 numfer: 2.19861e-09 omega: 0.846323 r99bos: 5.028 r99fer: 0.006 r99tot: 5.034
 Nb/Nf: 7.04527e+07 Eb/Ef: 1.02235e+08
mass_bos= 0.242982 mass_fer= 2.3767e-09
compactness= 0.0725432
compactness_boson= 0.0483258
E_binding= 0.210284
