mass= 0.40539numbos: 0.180713 numfer: 0.000883563 omega: 0.783443 r99bos: 4.02 r99fer: 0.564 r99tot: 4.104
 Nb/Nf: 204.527 Eb/Ef: 263.726
mass_bos= 0.26675 mass_fer= 0.00101147
compactness= 0.0987791
compactness_boson= 0.0663558
E_binding= 0.223793
