mass= 0.381136numbos: 0.164362 numfer: 1.6794e-06 omega: 0.844728 r99bos: 5.124 r99fer: 0.054 r99tot: 5.142
 Nb/Nf: 97869.5 Eb/Ef: 120757
mass_bos= 0.249275 mass_fer= 2.06427e-06
compactness= 0.0741221
compactness_boson= 0.0486484
E_binding= 0.216772
