mass= 1.55125numbos: 0.0123996 numfer: 1.66437 omega: 0.489007 r99bos: 4.458 r99fer: 6.252 r99tot: 6.21
 Nb/Nf: 0.00745 Eb/Ef: 0.00730291
mass_bos= 0.0146084 mass_fer= 2.00036
compactness= 0.249798
compactness_boson= 0.0032769
E_binding= -0.125521
