mass= 0.381285numbos: 0.164447 numfer: 4.87138e-07 omega: 0.840482 r99bos: 5.004 r99fer: 0.03 r99tot: 5.028
 Nb/Nf: 337579 Eb/Ef: 424879
mass_bos= 0.250296 mass_fer= 5.891e-07
compactness= 0.0758324
compactness_boson= 0.0500192
E_binding= 0.216837
