mass= 0.381775numbos: 0.164738 numfer: 1.2674e-07 omega: 0.841259 r99bos: 5.028 r99fer: 0.018 r99tot: 5.052
 Nb/Nf: 1.29981e+06 Eb/Ef: 1.68243e+06
mass_bos= 0.250359 mass_fer= 1.48809e-07
compactness= 0.0755691
compactness_boson= 0.0497931
E_binding= 0.217037
