mass= 0.512466numbos: 0.237513 numfer: 0.030952 omega: 0.772806 r99bos: 4.56 r99fer: 1.896 r99tot: 4.638
 Nb/Nf: 7.67361 Eb/Ef: 8.53177
mass_bos= 0.302954 mass_fer= 0.0355089
compactness= 0.110493
compactness_boson= 0.0664372
E_binding= 0.244
