mass= 0.546292numbos: 0.200541 numfer: 0.144094 omega: 0.737542 r99bos: 4.122 r99fer: 3.36 r99tot: 4.038
 Nb/Nf: 1.39173 Eb/Ef: 1.57013
mass_bos= 0.263389 mass_fer= 0.16775
compactness= 0.135288
compactness_boson= 0.0638983
E_binding= 0.201657
