mass= 0.367166numbos: 0.156059 numfer: 1.29175e-08 omega: 0.844887 r99bos: 4.98 r99fer: 0.006 r99tot: 4.998
 Nb/Nf: 1.20812e+07 Eb/Ef: 1.27914e+07
mass_bos= 0.243868 mass_fer= 1.9065e-08
compactness= 0.0734626
compactness_boson= 0.0489695
E_binding= 0.211107
