mass= 0.380461numbos: 0.163956 numfer: 1.61444e-07 omega: 0.839943 r99bos: 4.98 r99fer: 0.018 r99tot: 5.004
 Nb/Nf: 1.01557e+06 Eb/Ef: 1.29445e+06
mass_bos= 0.250025 mass_fer= 1.93151e-07
compactness= 0.0760314
compactness_boson= 0.0502057
E_binding= 0.216505
