mass= 0.381266numbos: 0.164435 numfer: 9.65028e-08 omega: 0.84049 r99bos: 5.004 r99fer: 0.018 r99tot: 5.028
 Nb/Nf: 1.70394e+06 Eb/Ef: 2.33872e+06
mass_bos= 0.250285 mass_fer= 1.07018e-07
compactness= 0.0758285
compactness_boson= 0.0500171
E_binding= 0.21683
