mass= 0.370968numbos: 0.158313 numfer: 7.69514e-09 omega: 0.842413 r99bos: 4.95 r99fer: 0.006 r99tot: 4.974
 Nb/Nf: 2.05731e+07 Eb/Ef: 2.48647e+07
mass_bos= 0.245581 mass_fer= 9.87672e-09
compactness= 0.0745815
compactness_boson= 0.0496124
E_binding= 0.212656
