mass= 0.370643numbos: 0.158187 numfer: 3.08996e-07 omega: 0.852637 r99bos: 5.262 r99fer: 0.042 r99tot: 5.262
 Nb/Nf: 511940 Eb/Ef: 729550
mass_bos= 0.242267 mass_fer= 3.32077e-07
compactness= 0.0704377
compactness_boson= 0.0460409
E_binding= 0.212455
