mass= 0.367276numbos: 0.156215 numfer: 1.76836e-05 omega: 0.853999 r99bos: 5.28 r99fer: 0.12 r99tot: 5.28
 Nb/Nf: 8833.88 Eb/Ef: 10489.2
mass_bos= 0.240234 mass_fer= 2.2903e-05
compactness= 0.0695598
compactness_boson= 0.0454989
E_binding= 0.211043
