mass= 0.355394numbos: 0.14927 numfer: 2.04397e-05 omega: 0.856439 r99bos: 5.244 r99fer: 0.138 r99tot: 5.232
 Nb/Nf: 7302.94 Eb/Ef: 9277.74
mass_bos= 0.233498 mass_fer= 2.51676e-05
compactness= 0.0679269
compactness_boson= 0.0445267
E_binding= 0.206103
