mass= 0.506696numbos: 0.242305 numfer: 0.0116213 omega: 0.772696 r99bos: 4.512 r99fer: 1.392 r99tot: 4.62
 Nb/Nf: 20.8501 Eb/Ef: 23.7061
mass_bos= 0.311473 mass_fer= 0.0131389
compactness= 0.109674
compactness_boson= 0.0690321
E_binding= 0.252769
