mass= 1.27984numbos: 0.108957 numfer: 1.17176 omega: 0.564004 r99bos: 4.416 r99fer: 6.222 r99tot: 6.168
 Nb/Nf: 0.0929851 Eb/Ef: 0.095426
mass_bos= 0.130142 mass_fer= 1.3638
compactness= 0.207496
compactness_boson= 0.0294706
E_binding= -0.000882805
