mass= 0.367103numbos: 0.15602 numfer: 1.45678e-08 omega: 0.844914 r99bos: 4.974 r99fer: 0.006 r99tot: 4.986
 Nb/Nf: 1.07099e+07 Eb/Ef: 1.0892e+07
mass_bos= 0.243832 mass_fer= 2.23864e-08
compactness= 0.0736267
compactness_boson= 0.0490214
E_binding= 0.211083
