mass= 0.342355numbos: 0.141551 numfer: 0.000604891 omega: 0.836229 r99bos: 4.602 r99fer: 0.402 r99tot: 4.59
 Nb/Nf: 234.011 Eb/Ef: 293.037
mass_bos= 0.228281 mass_fer= 0.000779016
compactness= 0.0745872
compactness_boson= 0.0496047
E_binding= 0.200199
