mass= 0.340462numbos: 0.140533 numfer: 1.17804e-06 omega: 0.84898 r99bos: 4.878 r99fer: 0.084 r99tot: 4.86
 Nb/Nf: 119294 Eb/Ef: 183292
mass_bos= 0.22635 mass_fer= 1.23491e-06
compactness= 0.070054
compactness_boson= 0.0464021
E_binding= 0.199928
