mass= 0.516235numbos: 0.252776 numfer: 2.98282e-05 omega: 0.770176 r99bos: 4.506 r99fer: 0.372 r99tot: 4.632
 Nb/Nf: 8474.42 Eb/Ef: 10664
mass_bos= 0.323465 mass_fer= 3.03323e-05
compactness= 0.11145
compactness_boson= 0.0717853
E_binding= 0.263429
