mass= 1.42358numbos: 0.0305736 numfer: 1.4654 omega: 0.446445 r99bos: 3.792 r99fer: 5.676 r99tot: 5.628
 Nb/Nf: 0.0208637 Eb/Ef: 0.0206847
mass_bos= 0.0379454 mass_fer= 1.83447
compactness= 0.252945
compactness_boson= 0.0100067
E_binding= -0.0723944
