mass= 0.370637numbos: 0.158183 numfer: 1.27237e-07 omega: 0.85264 r99bos: 5.256 r99fer: 0.03 r99tot: 5.262
 Nb/Nf: 1.24322e+06 Eb/Ef: 1.79223e+06
mass_bos= 0.242264 mass_fer= 1.35174e-07
compactness= 0.0704365
compactness_boson= 0.0460928
E_binding= 0.212453
