mass= 0.483673numbos: 0.228987 numfer: 0.00758791 omega: 0.770412 r99bos: 4.326 r99fer: 1.176 r99tot: 4.434
 Nb/Nf: 30.1779 Eb/Ef: 35.0524
mass_bos= 0.30323 mass_fer= 0.00865075
compactness= 0.109083
compactness_boson= 0.0700947
E_binding= 0.247098
