mass= 0.56234numbos: 0.281336 numfer: 0.00335071 omega: 0.784679 r99bos: 5.082 r99fer: 1.17 r99tot: 5.208
 Nb/Nf: 83.963 Eb/Ef: 95.5987
mass_bos= 0.33995 mass_fer= 0.00355601
compactness= 0.107976
compactness_boson= 0.066893
E_binding= 0.277654
