mass= 0.644997numbos: 0.239128 numfer: 0.192854 omega: 0.78079 r99bos: 5.484 r99fer: 4.122 r99tot: 5.334
 Nb/Nf: 1.23994 Eb/Ef: 1.31157
mass_bos= 0.278089 mass_fer= 0.212028
compactness= 0.120922
compactness_boson= 0.0507092
E_binding= 0.213016
