mass= 0.367313numbos: 0.156149 numfer: 2.74962e-09 omega: 0.844827 r99bos: 5.004 r99fer: 0.006 r99tot: 5.01
 Nb/Nf: 5.67892e+07 Eb/Ef: 8.05606e+07
mass_bos= 0.24395 mass_fer= 3.02816e-09
compactness= 0.0733159
compactness_boson= 0.0487511
E_binding= 0.211164
