mass= 0.516556numbos: 0.217956 numfer: 0.0757469 omega: 0.760542 r99bos: 4.362 r99fer: 2.586 r99tot: 4.374
 Nb/Nf: 2.87742 Eb/Ef: 3.2017
mass_bos= 0.282001 mass_fer= 0.0880785
compactness= 0.118097
compactness_boson= 0.0646495
E_binding= 0.222854
