mass= 0.380059numbos: 0.163726 numfer: 8.18514e-09 omega: 0.8462 r99bos: 5.16 r99fer: 0.012 r99tot: 5.178
 Nb/Nf: 2.00028e+07 Eb/Ef: 2.96804e+07
mass_bos= 0.248417 mass_fer= 8.36973e-09
compactness= 0.0733987
compactness_boson= 0.0481428
E_binding= 0.216333
