mass= 0.364594numbos: 0.154561 numfer: 2.74962e-09 omega: 0.847047 r99bos: 5.04 r99fer: 0.006 r99tot: 5.046
 Nb/Nf: 5.62118e+07 Eb/Ef: 8.01589e+07
mass_bos= 0.242734 mass_fer= 3.02816e-09
compactness= 0.072254
compactness_boson= 0.0481615
E_binding= 0.210033
