mass= 0.421802numbos: 0.189141 numfer: 0.00710433 omega: 0.778509 r99bos: 4.074 r99fer: 1.026 r99tot: 4.152
 Nb/Nf: 26.6234 Eb/Ef: 31.6658
mass_bos= 0.271721 mass_fer= 0.00858091
compactness= 0.10159
compactness_boson= 0.0666965
E_binding= 0.225556
