mass= 0.379438numbos: 0.163348 numfer: 3.51935e-07 omega: 0.839612 r99bos: 4.962 r99fer: 0.024 r99tot: 4.986
 Nb/Nf: 464141 Eb/Ef: 579772
mass_bos= 0.249619 mass_fer= 4.30546e-07
compactness= 0.0761007
compactness_boson= 0.0503061
E_binding= 0.21609
