mass= 0.514914numbos: 0.251543 numfer: 0.00125078 omega: 0.770861 r99bos: 4.512 r99fer: 0.816 r99tot: 4.638
 Nb/Nf: 201.108 Eb/Ef: 241.233
mass_bos= 0.321963 mass_fer= 0.00133466
compactness= 0.111021
compactness_boson= 0.0713572
E_binding= 0.262121
