mass= 0.366564numbos: 0.155707 numfer: 2.74962e-09 omega: 0.845283 r99bos: 5.01 r99fer: 0.006 r99tot: 5.016
 Nb/Nf: 5.66284e+07 Eb/Ef: 8.04472e+07
mass_bos= 0.243607 mass_fer= 3.02816e-09
compactness= 0.0730789
compactness_boson= 0.0486242
E_binding= 0.210857
