mass= 0.381774numbos: 0.164738 numfer: 1.02356e-07 omega: 0.841259 r99bos: 5.028 r99fer: 0.018 r99tot: 5.052
 Nb/Nf: 1.60946e+06 Eb/Ef: 2.16776e+06
mass_bos= 0.250359 mass_fer= 1.15492e-07
compactness= 0.0755689
compactness_boson= 0.049793
E_binding= 0.217036
