mass= 0.933158numbos: 0.160573 numfer: 0.666278 omega: 0.612044 r99bos: 3.876 r99fer: 5.574 r99tot: 5.478
 Nb/Nf: 0.241 Eb/Ef: 0.265603
mass_bos= 0.205541 mass_fer= 0.773864
compactness= 0.170347
compactness_boson= 0.0530291
E_binding= 0.106308
