mass= 0.57901numbos: 0.28862 numfer: 0.0114643 omega: 0.796161 r99bos: 5.454 r99fer: 1.674 r99tot: 5.568
 Nb/Nf: 25.1755 Eb/Ef: 27.6636
mass_bos= 0.340165 mass_fer= 0.0122965
compactness= 0.103989
compactness_boson= 0.0623699
E_binding= 0.278926
