mass= 0.536647numbos: 0.250856 numfer: 0.0357695 omega: 0.778574 r99bos: 4.818 r99fer: 2.076 r99tot: 4.896
 Nb/Nf: 7.01313 Eb/Ef: 7.69734
mass_bos= 0.310648 mass_fer= 0.0403578
compactness= 0.109609
compactness_boson= 0.0644765
E_binding= 0.250021
