mass= 0.37391numbos: 0.16006 numfer: 2.74962e-09 omega: 0.84056 r99bos: 4.938 r99fer: 0.006 r99tot: 4.962
 Nb/Nf: 5.82116e+07 Eb/Ef: 8.15675e+07
mass_bos= 0.246999 mass_fer= 3.02816e-09
compactness= 0.0753548
compactness_boson= 0.0500201
E_binding= 0.21385
