mass= 0.372331numbos: 0.15912 numfer: 8.5203e-09 omega: 0.841424 r99bos: 4.932 r99fer: 0.006 r99tot: 4.956
 Nb/Nf: 1.86754e+07 Eb/Ef: 2.1994e+07
mass_bos= 0.246219 mass_fer= 1.11948e-08
compactness= 0.0751273
compactness_boson= 0.0499228
E_binding= 0.213211
