mass= 0.814233numbos: 0.193057 numfer: 0.474988 omega: 0.801576 r99bos: 6.954 r99fer: 6.342 r99tot: 6.498
 Nb/Nf: 0.406446 Eb/Ef: 0.417389
mass_bos= 0.21121 mass_fer= 0.506027
compactness= 0.125305
compactness_boson= 0.0303725
E_binding= 0.146188
