mass= 0.345167numbos: 0.143224 numfer: 0.000664933 omega: 0.830638 r99bos: 4.494 r99fer: 0.42 r99tot: 4.488
 Nb/Nf: 215.396 Eb/Ef: 272.475
mass_bos= 0.230319 mass_fer= 0.000845286
compactness= 0.076909
compactness_boson= 0.0512504
E_binding= 0.201278
