mass= 0.363394numbos: 0.153945 numfer: 7.88813e-08 omega: 0.855214 r99bos: 5.274 r99fer: 0.03 r99tot: 5.274
 Nb/Nf: 1.9516e+06 Eb/Ef: 2.90076e+06
mass_bos= 0.237983 mass_fer= 8.20416e-08
compactness= 0.068903
compactness_boson= 0.0451239
E_binding= 0.20945
