mass= 0.351331numbos: 0.146899 numfer: 3.7578e-07 omega: 0.856359 r99bos: 5.196 r99fer: 0.054 r99tot: 5.178
 Nb/Nf: 390917 Eb/Ef: 587626
mass_bos= 0.23134 mass_fer= 3.93686e-07
compactness= 0.0678508
compactness_boson= 0.0445228
E_binding= 0.204432
