mass= 0.347846numbos: 0.144859 numfer: 4.7188e-05 omega: 0.855577 r99bos: 5.148 r99fer: 0.174 r99tot: 5.13
 Nb/Nf: 3069.82 Eb/Ef: 3900.45
mass_bos= 0.22953 mass_fer= 5.8847e-05
compactness= 0.0678061
compactness_boson= 0.0445862
E_binding= 0.20294
