mass= 0.355503numbos: 0.149331 numfer: 4.65796e-05 omega: 0.856409 r99bos: 5.25 r99fer: 0.162 r99tot: 5.238
 Nb/Nf: 3205.94 Eb/Ef: 3864.75
mass_bos= 0.23354 mass_fer= 6.04282e-05
compactness= 0.0678699
compactness_boson= 0.0444838
E_binding= 0.206125
