mass= 0.638341numbos: 0.22894 numfer: 0.206074 omega: 0.86833 r99bos: 8.592 r99fer: 5.418 r99tot: 8.256
 Nb/Nf: 1.11096 Eb/Ef: 1.13713
mass_bos= 0.244535 mass_fer= 0.215046
compactness= 0.0773185
compactness_boson= 0.0284607
E_binding= 0.203327
