mass= 0.446145numbos: 0.204904 numfer: 0.00692765 omega: 0.772952 r99bos: 4.134 r99fer: 1.062 r99tot: 4.23
 Nb/Nf: 29.5776 Eb/Ef: 34.942
mass_bos= 0.284826 mass_fer= 0.0081514
compactness= 0.105472
compactness_boson= 0.0688984
E_binding= 0.234313
