mass= 0.85568numbos: 0.196063 numfer: 0.517533 omega: 0.724532 r99bos: 5.274 r99fer: 5.724 r99tot: 5.67
 Nb/Nf: 0.378842 Eb/Ef: 0.397518
mass_bos= 0.227003 mass_fer= 0.571051
compactness= 0.150914
compactness_boson= 0.0430419
E_binding= 0.142083
