mass= 0.505404numbos: 0.240525 numfer: 0.0139015 omega: 0.772698 r99bos: 4.512 r99fer: 1.464 r99tot: 4.614
 Nb/Nf: 17.302 Eb/Ef: 19.5942
mass_bos= 0.309502 mass_fer= 0.0157956
compactness= 0.109537
compactness_boson= 0.0685952
E_binding= 0.250978
