mass= 0.34944numbos: 0.145935 numfer: 1.19406e-07 omega: 0.823674 r99bos: 4.362 r99fer: 0.06 r99tot: 4.374
 Nb/Nf: 1.22218e+06 Eb/Ef: 1.93539e+06
mass_bos= 0.233767 mass_fer= 1.20785e-07
compactness= 0.0798903
compactness_boson= 0.0535916
E_binding= 0.203505
