mass= 0.436351numbos: 0.18433 numfer: 0.0386153 omega: 0.768707 r99bos: 4.014 r99fer: 1.896 r99tot: 4.044
 Nb/Nf: 4.77349 Eb/Ef: 5.5459
mass_bos= 0.261429 mass_fer= 0.0471391
compactness= 0.107901
compactness_boson= 0.0651292
E_binding= 0.213406
