mass= 0.381097numbos: 0.164338 numfer: 1.70899e-07 omega: 0.844745 r99bos: 5.118 r99fer: 0.024 r99tot: 5.142
 Nb/Nf: 961610 Eb/Ef: 1.28887e+06
mass_bos= 0.249254 mass_fer= 1.93389e-07
compactness= 0.0741146
compactness_boson= 0.0487014
E_binding= 0.216759
