mass= 0.369777numbos: 0.157606 numfer: 9.34546e-09 omega: 0.843285 r99bos: 4.962 r99fer: 0.006 r99tot: 4.98
 Nb/Nf: 1.68645e+07 Eb/Ef: 1.95051e+07
mass_bos= 0.245045 mass_fer= 1.25631e-08
compactness= 0.0742525
compactness_boson= 0.0493843
E_binding= 0.212171
