mass= 0.375427numbos: 0.160962 numfer: 1.65032e-09 omega: 0.839971 r99bos: 4.944 r99fer: 0.006 r99tot: 4.962
 Nb/Nf: 9.7534e+07 Eb/Ef: 1.41518e+08
mass_bos= 0.247749 mass_fer= 1.75066e-09
compactness= 0.0756605
compactness_boson= 0.0501111
E_binding= 0.214465
