mass= 0.517948numbos: 0.24843 numfer: 0.0143795 omega: 0.774786 r99bos: 4.626 r99fer: 1.518 r99tot: 4.728
 Nb/Nf: 17.2767 Eb/Ef: 19.4463
mass_bos= 0.314807 mass_fer= 0.0161885
compactness= 0.109549
compactness_boson= 0.0680517
E_binding= 0.255138
