mass= 0.522929numbos: 0.198201 numfer: 0.120162 omega: 0.742383 r99bos: 4.08 r99fer: 3.108 r99tot: 4.02
 Nb/Nf: 1.64944 Eb/Ef: 1.87233
mass_bos= 0.263748 mass_fer= 0.140867
compactness= 0.130082
compactness_boson= 0.0646441
E_binding= 0.204566
