mass= 0.381795numbos: 0.16475 numfer: 5.72624e-07 omega: 0.84125 r99bos: 5.028 r99fer: 0.03 r99tot: 5.052
 Nb/Nf: 287711 Eb/Ef: 341368
mass_bos= 0.25037 mass_fer= 7.33431e-07
compactness= 0.075573
compactness_boson= 0.0497952
E_binding= 0.217044
