mass= 0.372367numbos: 0.159143 numfer: 5.82616e-08 omega: 0.841409 r99bos: 4.938 r99fer: 0.006 r99tot: 4.962
 Nb/Nf: 2.73152e+06 Eb/Ef: 3.18097e+06
mass_bos= 0.24624 mass_fer= 7.74102e-08
compactness= 0.0750438
compactness_boson= 0.0498663
E_binding= 0.213225
