mass= 0.469798numbos: 0.219435 numfer: 0.00899726 omega: 0.770728 r99bos: 4.248 r99fer: 1.2 r99tot: 4.35
 Nb/Nf: 24.3891 Eb/Ef: 28.3429
mass_bos= 0.295559 mass_fer= 0.010428
compactness= 0.107999
compactness_boson= 0.069576
E_binding= 0.241366
