mass= 0.620212numbos: 0.317834 numfer: 0.00245373 omega: 0.825122 r99bos: 6.534 r99fer: 1.392 r99tot: 6.654
 Nb/Nf: 129.531 Eb/Ef: 141.298
mass_bos= 0.35606 mass_fer= 0.00251993
compactness= 0.0932089
compactness_boson= 0.0544934
E_binding= 0.299925
