mass= 1.62204numbos: 0 numfer: 1.77881 omega: 0.514824 r99bos: 5.07 r99fer: 7.728 r99tot: 7.704
 Nb/Nf: 0 Eb/Ef: 0
mass_bos= 0 mass_fer= 1.97937
compactness= 0.210545
compactness_boson= 0
E_binding= -0.15677
