mass= 1.0153numbos: 0.142369 numfer: 0.792409 omega: 0.567796 r99bos: 3.642 r99fer: 5.646 r99tot: 5.562
 Nb/Nf: 0.179666 Eb/Ef: 0.198499
mass_bos= 0.185907 mass_fer= 0.936562
compactness= 0.182542
compactness_boson= 0.0510452
E_binding= 0.0805231
