mass= 0.457238numbos: 0.211377 numfer: 0.00877584 omega: 0.771609 r99bos: 4.188 r99fer: 1.164 r99tot: 4.284
 Nb/Nf: 24.0863 Eb/Ef: 28.1434
mass_bos= 0.28938 mass_fer= 0.0102823
compactness= 0.106732
compactness_boson= 0.0690973
E_binding= 0.237085
