mass= 0.417943numbos: 0.184482 numfer: 0.0125904 omega: 0.779212 r99bos: 4.068 r99fer: 1.224 r99tot: 4.128
 Nb/Nf: 14.6525 Eb/Ef: 17.2136
mass_bos= 0.266221 mass_fer= 0.0154657
compactness= 0.101246
compactness_boson= 0.0654427
E_binding= 0.22087
