mass= 0.370645numbos: 0.158113 numfer: 2.11637e-08 omega: 0.84255 r99bos: 4.908 r99fer: 0.006 r99tot: 4.938
 Nb/Nf: 7.47096e+06 Eb/Ef: 6.5153e+06
mass_bos= 0.245399 mass_fer= 3.7665e-08
compactness= 0.0750597
compactness_boson= 0.0499998
E_binding= 0.212532
