mass= 0.373765numbos: 0.16002 numfer: 8.57941e-06 omega: 0.851045 r99bos: 5.244 r99fer: 0.09 r99tot: 5.256
 Nb/Nf: 18651.6 Eb/Ef: 21964.7
mass_bos= 0.244191 mass_fer= 1.11174e-05
compactness= 0.0711121
compactness_boson= 0.0465658
E_binding= 0.213737
