mass= 0.38046numbos: 0.163956 numfer: 1.42223e-08 omega: 0.839944 r99bos: 4.98 r99fer: 0.006 r99tot: 5.004
 Nb/Nf: 1.15281e+07 Eb/Ef: 1.58671e+07
mass_bos= 0.250024 mass_fer= 1.57574e-08
compactness= 0.0760312
compactness_boson= 0.0502056
E_binding= 0.216504
