mass= 0.525578numbos: 0.247192 numfer: 0.0283217 omega: 0.776207 r99bos: 4.704 r99fer: 1.884 r99tot: 4.788
 Nb/Nf: 8.72799 Eb/Ef: 9.65868
mass_bos= 0.310087 mass_fer= 0.0321044
compactness= 0.10977
compactness_boson= 0.0659198
E_binding= 0.250065
