mass= 0.3477numbos: 0.144778 numfer: 2.76404e-07 omega: 0.855606 r99bos: 5.142 r99fer: 0.054 r99tot: 5.124
 Nb/Nf: 523791 Eb/Ef: 800609
mass_bos= 0.229481 mass_fer= 2.86634e-07
compactness= 0.0678572
compactness_boson= 0.0446288
E_binding= 0.202922
