mass= 0.379439numbos: 0.163348 numfer: 4.06183e-07 omega: 0.839611 r99bos: 4.962 r99fer: 0.024 r99tot: 4.986
 Nb/Nf: 402154 Eb/Ef: 473067
mass_bos= 0.249619 mass_fer= 5.27661e-07
compactness= 0.0761009
compactness_boson= 0.0503062
E_binding= 0.21609
