mass= 0.370652numbos: 0.158193 numfer: 1.57515e-06 omega: 0.852632 r99bos: 5.262 r99fer: 0.06 r99tot: 5.268
 Nb/Nf: 100430 Eb/Ef: 133358
mass_bos= 0.242272 mass_fer= 1.8167e-06
compactness= 0.0703592
compactness_boson= 0.0460417
E_binding= 0.212458
