mass= 0.406858numbos: 0.177689 numfer: 0.0118597 omega: 0.783074 r99bos: 4.056 r99fer: 1.188 r99tot: 4.11
 Nb/Nf: 14.9826 Eb/Ef: 17.6904
mass_bos= 0.260503 mass_fer= 0.0147256
compactness= 0.0989921
compactness_boson= 0.0642266
E_binding= 0.217309
