mass= 0.359377numbos: 0.151597 numfer: 3.93935e-06 omega: 0.856058 r99bos: 5.262 r99fer: 0.084 r99tot: 5.256
 Nb/Nf: 38482.6 Eb/Ef: 51882.4
mass_bos= 0.235704 mass_fer= 4.54304e-06
compactness= 0.0683747
compactness_boson= 0.0447935
E_binding= 0.207777
