mass= 0.381791numbos: 0.164748 numfer: 4.25044e-07 omega: 0.841252 r99bos: 5.028 r99fer: 0.03 r99tot: 5.052
 Nb/Nf: 387603 Eb/Ef: 498825
mass_bos= 0.250368 mass_fer= 5.01916e-07
compactness= 0.0755723
compactness_boson= 0.0497948
E_binding= 0.217043
