mass= 0.379477numbos: 0.163372 numfer: 6.67795e-09 omega: 0.839596 r99bos: 4.968 r99fer: 0.006 r99tot: 4.992
 Nb/Nf: 2.44644e+07 Eb/Ef: 3.5648e+07
mass_bos= 0.249641 mass_fer= 7.00294e-09
compactness= 0.0760171
compactness_boson= 0.0502498
E_binding= 0.216105
