mass= 0.370667numbos: 0.158202 numfer: 1.05743e-07 omega: 0.852628 r99bos: 5.262 r99fer: 0.03 r99tot: 5.268
 Nb/Nf: 1.4961e+06 Eb/Ef: 2.17098e+06
mass_bos= 0.24228 mass_fer= 1.116e-07
compactness= 0.0703619
compactness_boson= 0.0460434
E_binding= 0.212465
