mass= 0.367158numbos: 0.156146 numfer: 2.107e-07 omega: 0.854053 r99bos: 5.268 r99fer: 0.036 r99tot: 5.268
 Nb/Nf: 741080 Eb/Ef: 1.06799e+06
mass_bos= 0.240178 mass_fer= 2.24887e-07
compactness= 0.069696
compactness_boson= 0.0455919
E_binding= 0.211012
