mass= 0.366055numbos: 0.155394 numfer: 1.95161e-08 omega: 0.845496 r99bos: 4.938 r99fer: 0.006 r99tot: 4.962
 Nb/Nf: 7.96235e+06 Eb/Ef: 7.25289e+06
mass_bos= 0.243321 mass_fer= 3.35481e-08
compactness= 0.0737717
compactness_boson= 0.0492752
E_binding= 0.210661
