mass= 0.63834numbos: 0.254438 numfer: 0.155888 omega: 0.835331 r99bos: 7.062 r99fer: 4.374 r99tot: 6.912
 Nb/Nf: 1.63218 Eb/Ef: 1.69094
mass_bos= 0.280083 mass_fer= 0.165637
compactness= 0.0923525
compactness_boson= 0.0396605
E_binding= 0.228014
