mass= 0.395475numbos: 0.174536 numfer: 0.000340243 omega: 0.787732 r99bos: 4.02 r99fer: 0.438 r99tot: 4.092
 Nb/Nf: 512.973 Eb/Ef: 687.453
mass_bos= 0.261503 mass_fer= 0.000380394
compactness= 0.0966458
compactness_boson= 0.0650505
E_binding= 0.220599
