mass= 0.368791numbos: 0.157021 numfer: 1.09958e-08 omega: 0.843924 r99bos: 4.968 r99fer: 0.006 r99tot: 4.986
 Nb/Nf: 1.42801e+07 Eb/Ef: 1.58318e+07
mass_bos= 0.244603 mass_fer= 1.54502e-08
compactness= 0.0739652
compactness_boson= 0.0492358
E_binding= 0.21177
