mass= 0.375413numbos: 0.160953 numfer: 2.13752e-08 omega: 0.839977 r99bos: 4.938 r99fer: 0.006 r99tot: 4.962
 Nb/Nf: 7.52988e+06 Eb/Ef: 9.59626e+06
mass_bos= 0.247741 mass_fer= 2.58164e-08
compactness= 0.0756575
compactness_boson= 0.0501703
E_binding= 0.21446
