mass= 0.367967numbos: 0.156533 numfer: 1.04448e-08 omega: 0.844421 r99bos: 4.974 r99fer: 0.006 r99tot: 4.992
 Nb/Nf: 1.49868e+07 Eb/Ef: 1.68858e+07
mass_bos= 0.244235 mass_fer= 1.44639e-08
compactness= 0.0737113
compactness_boson= 0.0491023
E_binding= 0.211434
