mass= 0.366585numbos: 0.15572 numfer: 1.37345e-09 omega: 0.845274 r99bos: 5.01 r99fer: 0.006 r99tot: 5.022
 Nb/Nf: 1.13378e+08 Eb/Ef: 1.68834e+08
mass_bos= 0.243619 mass_fer= 1.44295e-09
compactness= 0.0729959
compactness_boson= 0.0486266
E_binding= 0.210865
