mass= 0.380459numbos: 0.163955 numfer: 1.55403e-07 omega: 0.839944 r99bos: 4.98 r99fer: 0.018 r99tot: 5.004
 Nb/Nf: 1.05503e+06 Eb/Ef: 1.35183e+06
mass_bos= 0.250023 mass_fer= 1.84952e-07
compactness= 0.076031
compactness_boson= 0.0502055
E_binding= 0.216504
