mass= 0.458477numbos: 0.212805 numfer: 0.00715393 omega: 0.771357 r99bos: 4.188 r99fer: 1.098 r99tot: 4.284
 Nb/Nf: 29.7466 Eb/Ef: 34.9534
mass_bos= 0.291032 mass_fer= 0.00832629
compactness= 0.107021
compactness_boson= 0.069492
E_binding= 0.238519
