mass= 0.370643numbos: 0.158187 numfer: 2.6146e-07 omega: 0.852637 r99bos: 5.262 r99fer: 0.042 r99tot: 5.262
 Nb/Nf: 605014 Eb/Ef: 873973
mass_bos= 0.242267 mass_fer= 2.77202e-07
compactness= 0.0704376
compactness_boson= 0.0460408
E_binding= 0.212455
