mass= 0.492342numbos: 0.231932 numfer: 0.0142167 omega: 0.771343 r99bos: 4.404 r99fer: 1.434 r99tot: 4.506
 Nb/Nf: 16.314 Eb/Ef: 18.5654
mass_bos= 0.303274 mass_fer= 0.0163354
compactness= 0.109264
compactness_boson= 0.0688632
E_binding= 0.246194
