mass= 0.489925numbos: 0.23547 numfer: 0.000703165 omega: 0.768279 r99bos: 4.314 r99fer: 0.672 r99tot: 4.434
 Nb/Nf: 334.872 Eb/Ef: 414.111
mass_bos= 0.310834 mass_fer= 0.000750606
compactness= 0.110493
compactness_boson= 0.0720525
E_binding= 0.253751
