mass= 0.501504numbos: 0.242627 numfer: 0.00188744 omega: 0.769631 r99bos: 4.41 r99fer: 0.864 r99tot: 4.536
 Nb/Nf: 128.548 Eb/Ef: 154.035
mass_bos= 0.315423 mass_fer= 0.00204774
compactness= 0.110561
compactness_boson= 0.0715245
E_binding= 0.256989
