mass= 0.602357numbos: 0.305575 numfer: 0.00568807 omega: 0.809303 r99bos: 5.94 r99fer: 1.536 r99tot: 6.06
 Nb/Nf: 53.7221 Eb/Ef: 58.9146
mass_bos= 0.350667 mass_fer= 0.00595213
compactness= 0.0993989
compactness_boson= 0.0590349
E_binding= 0.291094
