mass= 0.367531numbos: 0.156264 numfer: 2.17147e-08 omega: 0.844607 r99bos: 4.92 r99fer: 0.006 r99tot: 4.944
 Nb/Nf: 7.19626e+06 Eb/Ef: 6.2423e+06
mass_bos= 0.243989 mass_fer= 3.90864e-08
compactness= 0.0743387
compactness_boson= 0.0495913
E_binding= 0.211266
