mass= 0.378393numbos: 0.162742 numfer: 3.74513e-07 omega: 0.847809 r99bos: 5.184 r99fer: 0.036 r99tot: 5.202
 Nb/Nf: 434543 Eb/Ef: 590504
mass_bos= 0.247235 mass_fer= 4.18684e-07
compactness= 0.0727399
compactness_boson= 0.0476918
E_binding= 0.215651
