mass= 0.366576numbos: 0.155714 numfer: 2.19861e-09 omega: 0.845278 r99bos: 5.01 r99fer: 0.006 r99tot: 5.016
 Nb/Nf: 7.08237e+07 Eb/Ef: 1.02501e+08
mass_bos= 0.243614 mass_fer= 2.3767e-09
compactness= 0.0730813
compactness_boson= 0.0486255
E_binding= 0.210862
