mass= 0.365737numbos: 0.155218 numfer: 1.09958e-08 omega: 0.845813 r99bos: 4.998 r99fer: 0.006 r99tot: 5.01
 Nb/Nf: 1.41162e+07 Eb/Ef: 1.57421e+07
mass_bos= 0.243218 mass_fer= 1.54502e-08
compactness= 0.0730015
compactness_boson= 0.0486631
E_binding= 0.210519
