mass= 0.381265numbos: 0.164435 numfer: 1.29102e-07 omega: 0.84049 r99bos: 5.004 r99fer: 0.018 r99tot: 5.028
 Nb/Nf: 1.27368e+06 Eb/Ef: 1.67214e+06
mass_bos= 0.250285 mass_fer= 1.4968e-07
compactness= 0.0758283
compactness_boson= 0.050017
E_binding= 0.21683
