mass= 0.376372numbos: 0.161553 numfer: 6.30052e-09 omega: 0.849416 r99bos: 5.226 r99fer: 0.012 r99tot: 5.238
 Nb/Nf: 2.56412e+07 Eb/Ef: 3.83466e+07
mass_bos= 0.245867 mass_fer= 6.4117e-09
compactness= 0.0718541
compactness_boson= 0.0470469
E_binding= 0.214818
