mass= 0.363488numbos: 0.154001 numfer: 1.11926e-08 omega: 0.855178 r99bos: 5.292 r99fer: 0.018 r99tot: 5.28
 Nb/Nf: 1.37591e+07 Eb/Ef: 2.09002e+07
mass_bos= 0.238035 mass_fer= 1.13892e-08
compactness= 0.0688424
compactness_boson= 0.0449802
E_binding= 0.209487
