mass= 0.351388numbos: 0.146931 numfer: 1.30152e-05 omega: 0.856338 r99bos: 5.196 r99fer: 0.126 r99tot: 5.184
 Nb/Nf: 11289.2 Eb/Ef: 15048.4
mass_bos= 0.231364 mass_fer= 1.53746e-05
compactness= 0.0677831
compactness_boson= 0.0445274
E_binding= 0.204444
