mass= 0.375298numbos: 0.160882 numfer: 6.61888e-08 omega: 0.840025 r99bos: 4.926 r99fer: 0.006 r99tot: 4.95
 Nb/Nf: 2.43065e+06 Eb/Ef: 2.56144e+06
mass_bos= 0.247676 mass_fer= 9.66942e-08
compactness= 0.0758177
compactness_boson= 0.0502794
E_binding= 0.214416
