mass= 0.477941numbos: 0.221295 numfer: 0.0172604 omega: 0.770597 r99bos: 4.308 r99fer: 1.482 r99tot: 4.392
 Nb/Nf: 12.821 Eb/Ef: 14.6134
mass_bos= 0.294581 mass_fer= 0.0201583
compactness= 0.108821
compactness_boson= 0.0683801
E_binding= 0.239386
