mass= 0.345264numbos: 0.143339 numfer: 0.000405242 omega: 0.830299 r99bos: 4.476 r99fer: 0.366 r99tot: 4.476
 Nb/Nf: 353.711 Eb/Ef: 458.851
mass_bos= 0.23059 mass_fer= 0.000502537
compactness= 0.0771368
compactness_boson= 0.0515169
E_binding= 0.20152
