mass= 0.522939numbos: 0.186752 numfer: 0.140409 omega: 0.732713 r99bos: 3.918 r99fer: 3.33 r99tot: 3.822
 Nb/Nf: 1.33006 Eb/Ef: 1.53704
mass_bos= 0.25412 mass_fer= 0.165331
compactness= 0.136824
compactness_boson= 0.0648596
E_binding= 0.195779
