mass= 0.428565numbos: 0.190282 numfer: 0.0150365 omega: 0.775999 r99bos: 4.086 r99fer: 1.32 r99tot: 4.152
 Nb/Nf: 12.6546 Eb/Ef: 14.762
mass_bos= 0.270543 mass_fer= 0.018327
compactness= 0.103219
compactness_boson= 0.0662123
E_binding= 0.223247
