mass= 0.381104numbos: 0.164342 numfer: 3.41474e-07 omega: 0.844742 r99bos: 5.118 r99fer: 0.03 r99tot: 5.142
 Nb/Nf: 481273 Eb/Ef: 626455
mass_bos= 0.249257 mass_fer= 3.97885e-07
compactness= 0.0741159
compactness_boson= 0.0487021
E_binding= 0.216761
