mass= 0.372345numbos: 0.159129 numfer: 6.36002e-08 omega: 0.841418 r99bos: 4.938 r99fer: 0.006 r99tot: 4.956
 Nb/Nf: 2.50201e+06 Eb/Ef: 2.84331e+06
mass_bos= 0.246227 mass_fer= 8.65987e-08
compactness= 0.0751301
compactness_boson= 0.0498638
E_binding= 0.213216
