mass= 0.345214numbos: 0.143373 numfer: 3.87336e-05 omega: 0.829853 r99bos: 4.446 r99fer: 0.21 r99tot: 4.452
 Nb/Nf: 3701.51 Eb/Ef: 5344.35
mass_bos= 0.230862 mass_fer= 4.31974e-05
compactness= 0.0775413
compactness_boson= 0.0519257
E_binding= 0.201802
