mass= 0.366719numbos: 0.155784 numfer: 2.14405e-08 omega: 0.845077 r99bos: 4.92 r99fer: 0.006 r99tot: 4.95
 Nb/Nf: 7.26585e+06 Eb/Ef: 6.34807e+06
mass_bos= 0.243616 mass_fer= 3.83764e-08
compactness= 0.0740847
compactness_boson= 0.0495155
E_binding= 0.210935
