mass= 0.378181numbos: 0.162599 numfer: 1.19236e-07 omega: 0.839525 r99bos: 4.944 r99fer: 0.012 r99tot: 4.968
 Nb/Nf: 1.36368e+06 Eb/Ef: 1.58249e+06
mass_bos= 0.249059 mass_fer= 1.57384e-07
compactness= 0.0761234
compactness_boson= 0.0503761
E_binding= 0.215582
