mass= 0.381776numbos: 0.164739 numfer: 3.58916e-08 omega: 0.841259 r99bos: 5.028 r99fer: 0.012 r99tot: 5.052
 Nb/Nf: 4.58989e+06 Eb/Ef: 6.38641e+06
mass_bos= 0.25036 mass_fer= 3.9202e-08
compactness= 0.0755692
compactness_boson= 0.0497931
E_binding= 0.217037
