mass= 0.523374numbos: 0.255329 numfer: 0.00596579 omega: 0.774331 r99bos: 4.638 r99fer: 1.212 r99tot: 4.758
 Nb/Nf: 42.7988 Eb/Ef: 49.1554
mass_bos= 0.322448 mass_fer= 0.00655977
compactness= 0.109999
compactness_boson= 0.0695231
E_binding= 0.262079
