mass= 1.466numbos: 0.0599526 numfer: 1.48377 omega: 0.561029 r99bos: 4.926 r99fer: 6.672 r99tot: 6.63
 Nb/Nf: 0.0404056 Eb/Ef: 0.0403609
mass_bos= 0.0691069 mass_fer= 1.71222
compactness= 0.221116
compactness_boson= 0.014029
E_binding= -0.0777234
