mass= 0.375374numbos: 0.160929 numfer: 3.43489e-08 omega: 0.839993 r99bos: 4.932 r99fer: 0.006 r99tot: 4.956
 Nb/Nf: 4.68512e+06 Eb/Ef: 5.66131e+06
mass_bos= 0.247719 mass_fer= 4.37565e-08
compactness= 0.0757413
compactness_boson= 0.0502269
E_binding= 0.214445
