mass= 0.381845numbos: 0.164781 numfer: 3.8611e-09 omega: 0.841232 r99bos: 5.04 r99fer: 0.006 r99tot: 5.058
 Nb/Nf: 4.26772e+07 Eb/Ef: 6.30323e+07
mass_bos= 0.250399 mass_fer= 3.97254e-09
compactness= 0.0754932
compactness_boson= 0.0496823
E_binding= 0.217063
