mass= 0.375386numbos: 0.160936 numfer: 3.29792e-09 omega: 0.839988 r99bos: 4.938 r99fer: 0.006 r99tot: 4.956
 Nb/Nf: 4.87994e+07 Eb/Ef: 6.6978e+07
mass_bos= 0.247726 mass_fer= 3.69862e-09
compactness= 0.0757437
compactness_boson= 0.0501673
E_binding= 0.21445
