mass= 0.36726numbos: 0.156206 numfer: 1.48487e-05 omega: 0.854006 r99bos: 5.28 r99fer: 0.114 r99tot: 5.28
 Nb/Nf: 10519.8 Eb/Ef: 12634.1
mass_bos= 0.240227 mass_fer= 1.90142e-05
compactness= 0.0695568
compactness_boson= 0.0454975
E_binding= 0.21104
