mass= 0.428675numbos: 0.195861 numfer: 6.65038e-05 omega: 0.774846 r99bos: 4.026 r99fer: 0.336 r99tot: 4.128
 Nb/Nf: 2945.11 Eb/Ef: 4016.96
mass_bos= 0.280171 mass_fer= 6.97469e-05
compactness= 0.103846
compactness_boson= 0.0695904
E_binding= 0.232747
