mass= 0.347713numbos: 0.144785 numfer: 1.4184e-07 omega: 0.855601 r99bos: 5.142 r99fer: 0.048 r99tot: 5.124
 Nb/Nf: 1.02076e+06 Eb/Ef: 1.57887e+06
mass_bos= 0.229488 mass_fer= 1.4535e-07
compactness= 0.0678596
compactness_boson= 0.0446302
E_binding= 0.202927
