mass= 0.380053numbos: 0.163722 numfer: 4.15047e-06 omega: 0.846196 r99bos: 5.16 r99fer: 0.072 r99tot: 5.178
 Nb/Nf: 39446.7 Eb/Ef: 46334.4
mass_bos= 0.248412 mass_fer= 5.36129e-06
compactness= 0.0733977
compactness_boson= 0.0481419
E_binding= 0.216327
