mass= 0.35355numbos: 0.148048 numfer: 0.00165689 omega: 0.819409 r99bos: 4.326 r99fer: 0.57 r99tot: 4.338
 Nb/Nf: 89.3525 Eb/Ef: 110.605
mass_bos= 0.235245 mass_fer= 0.00212689
compactness= 0.0815008
compactness_boson= 0.0543792
E_binding= 0.203846
