mass= 0.955428numbos: 0.147043 numfer: 0.72157 omega: 0.793426 r99bos: 7.434 r99fer: 7.404 r99tot: 7.41
 Nb/Nf: 0.203782 Eb/Ef: 0.207382
mass_bos= 0.15866 mass_fer= 0.765063
compactness= 0.128938
compactness_boson= 0.0213425
E_binding= 0.0868145
