mass= 0.364834numbos: 0.154684 numfer: 1.86909e-08 omega: 0.846468 r99bos: 4.974 r99fer: 0.006 r99tot: 4.992
 Nb/Nf: 8.27591e+06 Eb/Ef: 7.69249e+06
mass_bos= 0.242786 mass_fer= 3.15615e-08
compactness= 0.0730836
compactness_boson= 0.0488111
E_binding= 0.210149
