mass= 0.378407numbos: 0.16275 numfer: 8.22348e-07 omega: 0.847803 r99bos: 5.184 r99fer: 0.048 r99tot: 5.202
 Nb/Nf: 197909 Eb/Ef: 263993
mass_bos= 0.247242 mass_fer= 9.36547e-07
compactness= 0.0727425
compactness_boson= 0.0476933
E_binding= 0.215656
