mass= 0.373882numbos: 0.160043 numfer: 2.95955e-08 omega: 0.840571 r99bos: 4.938 r99fer: 0.006 r99tot: 4.956
 Nb/Nf: 5.40766e+06 Eb/Ef: 7.07466e+06
mass_bos= 0.246984 mass_fer= 3.4911e-08
compactness= 0.0754403
compactness_boson= 0.050017
E_binding= 0.21384
