mass= 0.848794numbos: 0.182132 numfer: 0.53215 omega: 0.665308 r99bos: 4.284 r99fer: 5.406 r99tot: 5.304
 Nb/Nf: 0.342257 Eb/Ef: 0.371785
mass_bos= 0.225374 mass_fer= 0.606195
compactness= 0.160029
compactness_boson= 0.0526083
E_binding= 0.134512
