mass= 0.363369numbos: 0.153929 numfer: 6.26424e-07 omega: 0.855223 r99bos: 5.274 r99fer: 0.054 r99tot: 5.268
 Nb/Nf: 245727 Eb/Ef: 351348
mass_bos= 0.237969 mass_fer= 6.77303e-07
compactness= 0.0689766
compactness_boson= 0.0451212
E_binding= 0.209439
