mass= 0.367879numbos: 0.156479 numfer: 1.51189e-08 omega: 0.844458 r99bos: 4.962 r99fer: 0.006 r99tot: 4.986
 Nb/Nf: 1.03499e+07 Eb/Ef: 1.03732e+07
mass_bos= 0.244186 mass_fer= 2.35401e-08
compactness= 0.0737825
compactness_boson= 0.0492112
E_binding= 0.2114
