mass= 0.41572numbos: 0.187148 numfer: 0.00151206 omega: 0.779695 r99bos: 4.032 r99fer: 0.66 r99tot: 4.122
 Nb/Nf: 123.771 Eb/Ef: 155.864
mass_bos= 0.272072 mass_fer= 0.00174558
compactness= 0.100854
compactness_boson= 0.0674781
E_binding= 0.22706
