mass= 0.506775numbos: 0.192985 numfer: 0.110005 omega: 0.743524 r99bos: 4.014 r99fer: 2.988 r99tot: 3.96
 Nb/Nf: 1.75433 Eb/Ef: 2.00942
mass_bos= 0.260885 mass_fer= 0.129831
compactness= 0.127974
compactness_boson= 0.0649938
E_binding= 0.203785
