mass= 0.372306numbos: 0.159104 numfer: 8.96765e-08 omega: 0.841434 r99bos: 4.932 r99fer: 0.006 r99tot: 4.956
 Nb/Nf: 1.77421e+06 Eb/Ef: 1.81481e+06
mass_bos= 0.246205 mass_fer= 1.35665e-07
compactness= 0.0751222
compactness_boson= 0.0499199
E_binding= 0.213201
