mass= 0.501732numbos: 0.234388 numfer: 0.0225677 omega: 0.772005 r99bos: 4.476 r99fer: 1.68 r99tot: 4.566
 Nb/Nf: 10.386 Eb/Ef: 11.6587
mass_bos= 0.302771 mass_fer= 0.0259695
compactness= 0.109884
compactness_boson= 0.0676432
E_binding= 0.244776
