mass= 0.364594numbos: 0.154561 numfer: 3.29792e-09 omega: 0.847047 r99bos: 5.04 r99fer: 0.006 r99tot: 5.046
 Nb/Nf: 4.68664e+07 Eb/Ef: 6.56284e+07
mass_bos= 0.242734 mass_fer= 3.69862e-09
compactness= 0.0722541
compactness_boson= 0.0481616
E_binding= 0.210033
