mass= 0.381948numbos: 0.164841 numfer: 3.4954e-08 omega: 0.842236 r99bos: 5.058 r99fer: 0.012 r99tot: 5.082
 Nb/Nf: 4.71595e+06 Eb/Ef: 6.51481e+06
mass_bos= 0.250227 mass_fer= 3.84089e-08
compactness= 0.0751571
compactness_boson= 0.0494715
E_binding= 0.217107
