mass= 0.624549numbos: 0.319995 numfer: 0.00355657 omega: 0.834448 r99bos: 6.888 r99fer: 1.584 r99tot: 7.008
 Nb/Nf: 89.9728 Eb/Ef: 97.0873
mass_bos= 0.354559 mass_fer= 0.00365196
compactness= 0.0891194
compactness_boson= 0.0514749
E_binding= 0.300998
