mass= 0.370783numbos: 0.158198 numfer: 1.78658e-08 omega: 0.842491 r99bos: 4.926 r99fer: 0.006 r99tot: 4.95
 Nb/Nf: 8.85483e+06 Eb/Ef: 8.28614e+06
mass_bos= 0.245477 mass_fer= 2.9625e-08
compactness= 0.0749057
compactness_boson= 0.0498329
E_binding= 0.212585
