mass= 0.378184numbos: 0.162601 numfer: 1.16509e-07 omega: 0.839523 r99bos: 4.944 r99fer: 0.012 r99tot: 4.968
 Nb/Nf: 1.39561e+06 Eb/Ef: 1.6274e+06
mass_bos= 0.249061 mass_fer= 1.53042e-07
compactness= 0.0761241
compactness_boson= 0.0503764
E_binding= 0.215584
