mass= 0.370635numbos: 0.158182 numfer: 5.91327e-07 omega: 0.85264 r99bos: 5.256 r99fer: 0.048 r99tot: 5.262
 Nb/Nf: 267504 Eb/Ef: 372585
mass_bos= 0.242262 mass_fer= 6.5022e-07
compactness= 0.0704361
compactness_boson= 0.0460925
E_binding= 0.212452
