mass= 0.381146numbos: 0.164368 numfer: 2.93471e-06 omega: 0.844722 r99bos: 5.124 r99fer: 0.06 r99tot: 5.148
 Nb/Nf: 56008.2 Eb/Ef: 64974.6
mass_bos= 0.24928 mass_fer= 3.83657e-06
compactness= 0.0740377
compactness_boson= 0.0486494
E_binding= 0.216775
