mass= 0.416739numbos: 0.188065 numfer: 0.000546801 omega: 0.778884 r99bos: 4.02 r99fer: 0.522 r99tot: 4.11
 Nb/Nf: 343.936 Eb/Ef: 449.108
mass_bos= 0.273315 mass_fer= 0.000608572
compactness= 0.101396
compactness_boson= 0.0679887
E_binding= 0.228128
