mass= 0.340496numbos: 0.140554 numfer: 4.72355e-07 omega: 0.848965 r99bos: 4.884 r99fer: 0.072 r99tot: 4.866
 Nb/Nf: 297560 Eb/Ef: 464841
mass_bos= 0.226369 mass_fer= 4.86981e-07
compactness= 0.0699745
compactness_boson= 0.0463491
E_binding= 0.199942
