mass= 0.431793numbos: 0.194586 numfer: 0.00964738 omega: 0.775816 r99bos: 4.098 r99fer: 1.146 r99tot: 4.176
 Nb/Nf: 20.1698 Eb/Ef: 23.7166
mass_bos= 0.275536 mass_fer= 0.0116179
compactness= 0.103399
compactness_boson= 0.0672367
E_binding= 0.22756
