mass= 0.368048numbos: 0.156583 numfer: 7.14685e-09 omega: 0.844388 r99bos: 4.986 r99fer: 0.006 r99tot: 5.004
 Nb/Nf: 2.19094e+07 Eb/Ef: 2.70563e+07
mass_bos= 0.244281 mass_fer= 9.02861e-09
compactness= 0.0735508
compactness_boson= 0.0489933
E_binding= 0.211465
