mass= 0.344553numbos: 0.142935 numfer: 1.14879e-05 omega: 0.854164 r99bos: 5.07 r99fer: 0.132 r99tot: 5.046
 Nb/Nf: 12442.2 Eb/Ef: 17388.2
mass_bos= 0.227955 mass_fer= 1.31098e-05
compactness= 0.0682823
compactness_boson= 0.0449616
E_binding= 0.201606
