mass= 0.375406numbos: 0.160948 numfer: 2.24354e-08 omega: 0.83998 r99bos: 4.938 r99fer: 0.006 r99tot: 4.962
 Nb/Nf: 7.17387e+06 Eb/Ef: 9.10205e+06
mass_bos= 0.247737 mass_fer= 2.72177e-08
compactness= 0.0756561
compactness_boson= 0.0501695
E_binding= 0.214457
