mass= 1.31634numbos: 0.0676652 numfer: 1.27425 omega: 0.463346 r99bos: 3.618 r99fer: 5.616 r99tot: 5.562
 Nb/Nf: 0.0531019 Eb/Ef: 0.0542595
mass_bos= 0.0859864 mass_fer= 1.58473
compactness= 0.236667
compactness_boson= 0.0237663
E_binding= -0.0255743
