mass= 0.372309numbos: 0.159107 numfer: 8.58462e-08 omega: 0.841433 r99bos: 4.932 r99fer: 0.006 r99tot: 4.956
 Nb/Nf: 1.85339e+06 Eb/Ef: 1.92358e+06
mass_bos= 0.246207 mass_fer= 1.27994e-07
compactness= 0.0751229
compactness_boson= 0.0499203
E_binding= 0.213203
