mass= 0.376301numbos: 0.16151 numfer: 6.00923e-07 omega: 0.849442 r99bos: 5.214 r99fer: 0.042 r99tot: 5.226
 Nb/Nf: 268770 Eb/Ef: 359379
mass_bos= 0.245827 mass_fer= 6.84035e-07
compactness= 0.0720056
compactness_boson= 0.0471476
E_binding= 0.21479
