mass= 0.381295numbos: 0.164454 numfer: 8.09384e-07 omega: 0.840477 r99bos: 5.004 r99fer: 0.036 r99tot: 5.028
 Nb/Nf: 203184 Eb/Ef: 246138
mass_bos= 0.250302 mass_fer= 1.01692e-06
compactness= 0.0758344
compactness_boson= 0.0500203
E_binding= 0.216841
