mass= 0.369562numbos: 0.157474 numfer: 1.84168e-08 omega: 0.843375 r99bos: 4.932 r99fer: 0.006 r99tot: 4.956
 Nb/Nf: 8.55058e+06 Eb/Ef: 7.92313e+06
mass_bos= 0.244924 mass_fer= 3.09125e-08
compactness= 0.0745687
compactness_boson= 0.0496602
E_binding= 0.212088
