mass= 0.39774numbos: 0.173035 numfer: 0.00900919 omega: 0.787286 r99bos: 4.068 r99fer: 1.068 r99tot: 4.116
 Nb/Nf: 19.2065 Eb/Ef: 22.8515
mass_bos= 0.257086 mass_fer= 0.0112503
compactness= 0.0966327
compactness_boson= 0.0631971
E_binding= 0.215696
