mass= 0.376348numbos: 0.161538 numfer: 5.97581e-06 omega: 0.849418 r99bos: 5.22 r99fer: 0.078 r99tot: 5.232
 Nb/Nf: 27032 Eb/Ef: 31768.8
mass_bos= 0.245851 mass_fer= 7.73875e-06
compactness= 0.0719319
compactness_boson= 0.0470979
E_binding= 0.214804
