mass= 0.439209numbos: 0.195552 numfer: 0.0187172 omega: 0.773259 r99bos: 4.11 r99fer: 1.44 r99tot: 4.176
 Nb/Nf: 10.4478 Eb/Ef: 12.0945
mass_bos= 0.274064 mass_fer= 0.0226602
compactness= 0.105174
compactness_boson= 0.0666821
E_binding= 0.224939
