mass= 0.465252numbos: 0.219593 numfer: 1.99804e-05 omega: 0.768393 r99bos: 4.158 r99fer: 0.294 r99tot: 4.272
 Nb/Nf: 10990.4 Eb/Ef: 14649
mass_bos= 0.299262 mass_fer= 2.04289e-05
compactness= 0.108907
compactness_boson= 0.0719727
E_binding= 0.245639
