mass= 0.372302numbos: 0.159102 numfer: 9.35532e-08 omega: 0.841436 r99bos: 4.932 r99fer: 0.006 r99tot: 4.956
 Nb/Nf: 1.70066e+06 Eb/Ef: 1.71459e+06
mass_bos= 0.246203 mass_fer= 1.43593e-07
compactness= 0.0751216
compactness_boson= 0.0499196
E_binding= 0.2132
