mass= 0.349374numbos: 0.145885 numfer: 5.80082e-05 omega: 0.82378 r99bos: 4.35 r99fer: 0.24 r99tot: 4.368
 Nb/Nf: 2514.9 Eb/Ef: 3598.73
mass_bos= 0.233685 mass_fer= 6.49354e-05
compactness= 0.0799848
compactness_boson= 0.0537207
E_binding= 0.203431
