mass= 0.364278numbos: 0.154368 numfer: 1.67665e-08 omega: 0.847177 r99bos: 4.998 r99fer: 0.006 r99tot: 5.01
 Nb/Nf: 9.20694e+06 Eb/Ef: 8.94282e+06
mass_bos= 0.242557 mass_fer= 2.71231e-08
compactness= 0.0727102
compactness_boson= 0.0485308
E_binding= 0.20991
