mass= 1.16006numbos: 0.135126 numfer: 0.982403 omega: 0.588098 r99bos: 4.326 r99fer: 6.078 r99tot: 6.012
 Nb/Nf: 0.137547 Eb/Ef: 0.143816
mass_bos= 0.163411 mass_fer= 1.13625
compactness= 0.192957
compactness_boson= 0.0377742
E_binding= 0.0425294
