mass= 0.378195numbos: 0.162607 numfer: 1.24924e-07 omega: 0.839519 r99bos: 4.95 r99fer: 0.012 r99tot: 4.974
 Nb/Nf: 1.30165e+06 Eb/Ef: 1.49604e+06
mass_bos= 0.249067 mass_fer= 1.66484e-07
compactness= 0.0760343
compactness_boson= 0.0503165
E_binding= 0.215587
