mass= 0.376832numbos: 0.161796 numfer: 2.82461e-08 omega: 0.839643 r99bos: 4.938 r99fer: 0.006 r99tot: 4.962
 Nb/Nf: 5.7281e+06 Eb/Ef: 7.22763e+06
mass_bos= 0.248428 mass_fer= 3.4372e-08
compactness= 0.0759436
compactness_boson= 0.0503094
E_binding= 0.215036
