mass= 0.364283numbos: 0.154401 numfer: 7.42099e-09 omega: 0.848267 r99bos: 5.07 r99fer: 0.006 r99tot: 5.076
 Nb/Nf: 2.08059e+07 Eb/Ef: 2.56807e+07
mass_bos= 0.242679 mass_fer= 9.44989e-09
compactness= 0.0717657
compactness_boson= 0.0478658
E_binding= 0.209882
