mass= 0.692481numbos: 0.1842 numfer: 0.344028 omega: 0.684246 r99bos: 3.954 r99fer: 4.704 r99tot: 4.602
 Nb/Nf: 0.535421 Eb/Ef: 0.604895
mass_bos= 0.239962 mass_fer= 0.3967
compactness= 0.150474
compactness_boson= 0.0606884
E_binding= 0.164253
