mass= 0.455505numbos: 0.209243 numfer: 0.0113156 omega: 0.771828 r99bos: 4.182 r99fer: 1.254 r99tot: 4.272
 Nb/Nf: 18.4916 Eb/Ef: 21.4728
mass_bos= 0.286929 mass_fer= 0.0133625
compactness= 0.106626
compactness_boson= 0.0686106
E_binding= 0.234947
