mass= 0.378245numbos: 0.162638 numfer: 1.147e-08 omega: 0.839499 r99bos: 4.956 r99fer: 0.006 r99tot: 4.98
 Nb/Nf: 1.41795e+07 Eb/Ef: 1.95871e+07
mass_bos= 0.249095 mass_fer= 1.27173e-08
compactness= 0.0759528
compactness_boson= 0.0502614
E_binding= 0.215607
