mass= 0.36722numbos: 0.156092 numfer: 9.07131e-09 omega: 0.844865 r99bos: 4.986 r99fer: 0.006 r99tot: 5.004
 Nb/Nf: 1.72072e+07 Eb/Ef: 2.0152e+07
mass_bos= 0.243898 mass_fer= 1.21029e-08
compactness= 0.0733853
compactness_boson= 0.0489166
E_binding= 0.211128
