mass= 0.369881numbos: 0.15767 numfer: 3.02377e-09 omega: 0.843242 r99bos: 4.98 r99fer: 0.006 r99tot: 4.992
 Nb/Nf: 5.21435e+07 Eb/Ef: 7.29339e+07
mass_bos= 0.245103 mass_fer= 3.36062e-09
compactness= 0.0740947
compactness_boson= 0.0492175
E_binding= 0.212211
