mass= 0.367167numbos: 0.156151 numfer: 1.05528e-07 omega: 0.85405 r99bos: 5.268 r99fer: 0.03 r99tot: 5.274
 Nb/Nf: 1.47971e+06 Eb/Ef: 2.16428e+06
mass_bos= 0.240183 mass_fer= 1.10976e-07
compactness= 0.0696183
compactness_boson= 0.0455928
E_binding= 0.211016
