mass= 0.367299numbos: 0.15614 numfer: 4.67409e-09 omega: 0.844833 r99bos: 4.998 r99fer: 0.006 r99tot: 5.01
 Nb/Nf: 3.34055e+07 Eb/Ef: 4.45234e+07
mass_bos= 0.243942 mass_fer= 5.47896e-09
compactness= 0.0733131
compactness_boson= 0.048808
E_binding= 0.211159
