mass= 0.342059numbos: 0.141473 numfer: 5.47084e-06 omega: 0.85197 r99bos: 4.98 r99fer: 0.114 r99tot: 4.962
 Nb/Nf: 25859.5 Eb/Ef: 37793.8
mass_bos= 0.226872 mass_fer= 6.0029e-06
compactness= 0.0689358
compactness_boson= 0.0455567
E_binding= 0.200581
