mass= 0.351454numbos: 0.146969 numfer: 2.75032e-05 omega: 0.856319 r99bos: 5.202 r99fer: 0.15 r99tot: 5.19
 Nb/Nf: 5343.71 Eb/Ef: 6822.49
mass_bos= 0.231391 mass_fer= 3.3916e-05
compactness= 0.0677176
compactness_boson= 0.0444812
E_binding= 0.204458
