mass= 0.378415numbos: 0.162756 numfer: 1.26236e-06 omega: 0.847799 r99bos: 5.19 r99fer: 0.054 r99tot: 5.202
 Nb/Nf: 128929 Eb/Ef: 167963
mass_bos= 0.247247 mass_fer= 1.47203e-06
compactness= 0.0727442
compactness_boson= 0.0476391
E_binding= 0.215659
