mass= 0.406109numbos: 0.181352 numfer: 0.000137518 omega: 0.782686 r99bos: 4.008 r99fer: 0.372 r99tot: 4.086
 Nb/Nf: 1318.75 Eb/Ef: 1805.69
mass_bos= 0.267692 mass_fer= 0.000148249
compactness= 0.0993904
compactness_boson= 0.0667894
E_binding= 0.22462
