mass= 0.354677numbos: 0.149124 numfer: 9.0527e-07 omega: 0.81737 r99bos: 4.26 r99fer: 0.102 r99tot: 4.284
 Nb/Nf: 164728 Eb/Ef: 256328
mass_bos= 0.237193 mass_fer= 9.25352e-07
compactness= 0.082791
compactness_boson= 0.0556792
E_binding= 0.205552
