mass= 0.376823numbos: 0.16179 numfer: 1.23274e-07 omega: 0.839647 r99bos: 4.938 r99fer: 0.012 r99tot: 4.962
 Nb/Nf: 1.31244e+06 Eb/Ef: 1.57333e+06
mass_bos= 0.248422 mass_fer= 1.57896e-07
compactness= 0.0759417
compactness_boson= 0.0503083
E_binding= 0.215032
