mass= 1.20457numbos: 0.109827 numfer: 1.07403 omega: 0.517952 r99bos: 3.744 r99fer: 5.766 r99tot: 5.7
 Nb/Nf: 0.102257 Eb/Ef: 0.107727
mass_bos= 0.139256 mass_fer= 1.29268
compactness= 0.211328
compactness_boson= 0.0371945
E_binding= 0.0207172
