mass= 0.351563numbos: 0.14703 numfer: 5.76329e-05 omega: 0.856297 r99bos: 5.208 r99fer: 0.18 r99tot: 5.19
 Nb/Nf: 2551.14 Eb/Ef: 3121.79
mass_bos= 0.231429 mass_fer= 7.41334e-05
compactness= 0.0677385
compactness_boson= 0.0444372
E_binding= 0.204476
