mass= 0.524039numbos: 0.240973 numfer: 0.0394933 omega: 0.774041 r99bos: 4.656 r99fer: 2.094 r99tot: 4.722
 Nb/Nf: 6.10162 Eb/Ef: 6.7303
mass_bos= 0.303428 mass_fer= 0.0450839
compactness= 0.110978
compactness_boson= 0.0651693
E_binding= 0.243573
