mass= 0.406219numbos: 0.181448 numfer: 8.73215e-06 omega: 0.782527 r99bos: 4.002 r99fer: 0.21 r99tot: 4.086
 Nb/Nf: 20779.3 Eb/Ef: 29851.2
mass_bos= 0.267849 mass_fer= 8.97278e-06
compactness= 0.0994172
compactness_boson= 0.0669287
E_binding= 0.224762
