mass= 1.35912numbos: 0.0632225 numfer: 1.34596 omega: 0.704801 r99bos: 6.828 r99fer: 8.016 r99tot: 7.986
 Nb/Nf: 0.0469719 Eb/Ef: 0.0471344
mass_bos= 0.0686122 mass_fer= 1.45567
compactness= 0.170187
compactness_boson= 0.0100486
E_binding= -0.0500719
