mass= 0.385852numbos: 0.168506 numfer: 5.40292e-05 omega: 0.792748 r99bos: 4.032 r99fer: 0.288 r99tot: 4.098
 Nb/Nf: 3118.79 Eb/Ef: 4437.15
mass_bos= 0.256138 mass_fer= 5.77258e-05
compactness= 0.0941561
compactness_boson= 0.0635263
E_binding= 0.217292
