mass= 0.365317numbos: 0.15496 numfer: 1.89651e-08 omega: 0.845991 r99bos: 4.944 r99fer: 0.006 r99tot: 4.968
 Nb/Nf: 8.17081e+06 Eb/Ef: 7.54229e+06
mass_bos= 0.242982 mass_fer= 3.2216e-08
compactness= 0.073534
compactness_boson= 0.0491468
E_binding= 0.210357
