mass= 0.37839numbos: 0.16274 numfer: 2.3683e-07 omega: 0.84781 r99bos: 5.184 r99fer: 0.03 r99tot: 5.202
 Nb/Nf: 687160 Eb/Ef: 937032
mass_bos= 0.247233 mass_fer= 2.63847e-07
compactness= 0.0727394
compactness_boson= 0.0476916
E_binding= 0.21565
