mass= 0.446504numbos: 0.205298 numfer: 0.0064939 omega: 0.772854 r99bos: 4.134 r99fer: 1.044 r99tot: 4.23
 Nb/Nf: 31.614 Eb/Ef: 37.4174
mass_bos= 0.28529 mass_fer= 0.00762453
compactness= 0.105557
compactness_boson= 0.0690106
E_binding= 0.234712
