mass= 0.376934numbos: 0.161859 numfer: 1.14042e-06 omega: 0.839601 r99bos: 4.95 r99fer: 0.048 r99tot: 4.974
 Nb/Nf: 141929 Eb/Ef: 189113
mass_bos= 0.248485 mass_fer= 1.31395e-06
compactness= 0.0757808
compactness_boson= 0.050199
E_binding= 0.215074
