mass= 0.493516numbos: 0.233565 numfer: 0.0121165 omega: 0.771354 r99bos: 4.41 r99fer: 1.368 r99tot: 4.512
 Nb/Nf: 19.2766 Eb/Ef: 22.0133
mass_bos= 0.305092 mass_fer= 0.0138594
compactness= 0.109379
compactness_boson= 0.0691818
E_binding= 0.247834
