mass= 0.445399numbos: 0.204069 numfer: 0.00785517 omega: 0.773134 r99bos: 4.134 r99fer: 1.104 r99tot: 4.224
 Nb/Nf: 25.9789 Eb/Ef: 30.581
mass_bos= 0.283849 mass_fer= 0.00928189
compactness= 0.105445
compactness_boson= 0.0686622
E_binding= 0.233475
