mass= 0.381772numbos: 0.164737 numfer: 1.09211e-07 omega: 0.84126 r99bos: 5.028 r99fer: 0.018 r99tot: 5.052
 Nb/Nf: 1.50842e+06 Eb/Ef: 2.01896e+06
mass_bos= 0.250358 mass_fer= 1.24003e-07
compactness= 0.0755686
compactness_boson= 0.0497927
E_binding= 0.217036
