mass= 0.342265numbos: 0.141603 numfer: 4.26556e-05 omega: 0.835554 r99bos: 4.554 r99fer: 0.204 r99tot: 4.554
 Nb/Nf: 3319.67 Eb/Ef: 4731.13
mass_bos= 0.2287 mass_fer= 4.83395e-05
compactness= 0.075157
compactness_boson= 0.0502197
E_binding= 0.20062
