mass= 0.347981numbos: 0.144932 numfer: 9.3431e-05 omega: 0.855568 r99bos: 5.16 r99fer: 0.21 r99tot: 5.136
 Nb/Nf: 1551.22 Eb/Ef: 1891.88
mass_bos= 0.229568 mass_fer= 0.000121344
compactness= 0.0677532
compactness_boson= 0.0444899
E_binding= 0.202955
