mass= 0.57101numbos: 0.285457 numfer: 0.00690299 omega: 0.790224 r99bos: 5.262 r99fer: 1.434 r99tot: 5.382
 Nb/Nf: 41.3527 Eb/Ef: 46.1377
mass_bos= 0.340568 mass_fer= 0.00738154
compactness= 0.106096
compactness_boson= 0.0647221
E_binding= 0.27865
