mass= 0.364185numbos: 0.154341 numfer: 1.34685e-08 omega: 0.848307 r99bos: 5.052 r99fer: 0.006 r99tot: 5.064
 Nb/Nf: 1.14594e+07 Eb/Ef: 1.204e+07
mass_bos= 0.242625 mass_fer= 2.01516e-08
compactness= 0.0719165
compactness_boson= 0.0480255
E_binding= 0.209844
