mass= 0.37817numbos: 0.162592 numfer: 3.06976e-08 omega: 0.839529 r99bos: 4.944 r99fer: 0.006 r99tot: 4.968
 Nb/Nf: 5.29656e+06 Eb/Ef: 6.63682e+06
mass_bos= 0.249053 mass_fer= 3.75259e-08
compactness= 0.0761212
compactness_boson= 0.0503748
E_binding= 0.215578
