mass= 0.37228numbos: 0.159089 numfer: 9.8778e-08 omega: 0.841445 r99bos: 4.926 r99fer: 0.006 r99tot: 4.95
 Nb/Nf: 1.61057e+06 Eb/Ef: 1.59304e+06
mass_bos= 0.246191 mass_fer= 1.54542e-07
compactness= 0.0752081
compactness_boson= 0.0499778
E_binding= 0.213191
