mass= 0.372386numbos: 0.159154 numfer: 4.67409e-09 omega: 0.841401 r99bos: 4.944 r99fer: 0.006 r99tot: 4.962
 Nb/Nf: 3.40504e+07 Eb/Ef: 4.49447e+07
mass_bos= 0.246251 mass_fer= 5.47896e-09
compactness= 0.0750476
compactness_boson= 0.049808
E_binding= 0.213232
