mass= 0.381967numbos: 0.164853 numfer: 9.2348e-07 omega: 0.842227 r99bos: 5.058 r99fer: 0.036 r99tot: 5.082
 Nb/Nf: 178513 Eb/Ef: 209368
mass_bos= 0.250237 mass_fer= 1.1952e-06
compactness= 0.0751608
compactness_boson= 0.0494735
E_binding= 0.217113
