mass= 0.385888numbos: 0.168537 numfer: 7.77464e-06 omega: 0.792683 r99bos: 4.032 r99fer: 0.192 r99tot: 4.098
 Nb/Nf: 21677.8 Eb/Ef: 31895.6
mass_bos= 0.256193 mass_fer= 8.03225e-06
compactness= 0.0941649
compactness_boson= 0.0635399
E_binding= 0.217343
