mass= 0.367188numbos: 0.156163 numfer: 3.96464e-06 omega: 0.854038 r99bos: 5.274 r99fer: 0.078 r99tot: 5.274
 Nb/Nf: 39389 Eb/Ef: 50906
mass_bos= 0.240193 mass_fer= 4.71836e-06
compactness= 0.0696223
compactness_boson= 0.0455428
E_binding= 0.211021
