mass= 0.37388numbos: 0.160041 numfer: 3.01607e-08 omega: 0.840572 r99bos: 4.938 r99fer: 0.006 r99tot: 4.956
 Nb/Nf: 5.30629e+06 Eb/Ef: 6.91689e+06
mass_bos= 0.246982 mass_fer= 3.57072e-08
compactness= 0.0754399
compactness_boson= 0.0500167
E_binding= 0.213839
