mass= 0.381301numbos: 0.164457 numfer: 6.64274e-07 omega: 0.840476 r99bos: 5.01 r99fer: 0.036 r99tot: 5.034
 Nb/Nf: 247574 Eb/Ef: 316866
mass_bos= 0.250305 mass_fer= 7.89939e-07
compactness= 0.0757451
compactness_boson= 0.0499611
E_binding= 0.216843
