mass= 0.449619numbos: 0.199135 numfer: 0.0257078 omega: 0.770474 r99bos: 4.128 r99fer: 1.632 r99tot: 4.194
 Nb/Nf: 7.74606 Eb/Ef: 8.89733
mass_bos= 0.275521 mass_fer= 0.0309667
compactness= 0.107205
compactness_boson= 0.0667444
E_binding= 0.224776
