mass= 0.425782numbos: 0.185204 numfer: 0.022449 omega: 0.775158 r99bos: 4.056 r99fer: 1.524 r99tot: 4.104
 Nb/Nf: 8.25003 Eb/Ef: 9.60425
mass_bos= 0.264729 mass_fer= 0.0275637
compactness= 0.103748
compactness_boson= 0.0652684
E_binding= 0.218128
