mass= 0.382684numbos: 0.165642 numfer: 0.00319828 omega: 0.795664 r99bos: 4.092 r99fer: 0.744 r99tot: 4.14
 Nb/Nf: 51.7908 Eb/Ef: 63.5644
mass_bos= 0.252076 mass_fer= 0.00396568
compactness= 0.0924358
compactness_boson= 0.0616021
E_binding= 0.213844
