mass= 0.364266numbos: 0.15436 numfer: 1.70406e-08 omega: 0.847182 r99bos: 4.992 r99fer: 0.006 r99tot: 5.01
 Nb/Nf: 9.05838e+06 Eb/Ef: 8.74411e+06
mass_bos= 0.24255 mass_fer= 2.77387e-08
compactness= 0.0727078
compactness_boson= 0.0485878
E_binding= 0.209906
