mass= 0.579258numbos: 0.246963 numfer: 0.0984723 omega: 0.779667 r99bos: 5.1 r99fer: 3.084 r99tot: 5.082
 Nb/Nf: 2.50794 Eb/Ef: 2.69508
mass_bos= 0.296433 mass_fer= 0.109991
compactness= 0.113982
compactness_boson= 0.0581242
E_binding= 0.233823
