mass= 0.373837numbos: 0.160014 numfer: 5.22238e-09 omega: 0.84059 r99bos: 4.932 r99fer: 0.006 r99tot: 4.95
 Nb/Nf: 3.06401e+07 Eb/Ef: 3.96582e+07
mass_bos= 0.246958 mass_fer= 6.22717e-09
compactness= 0.0755226
compactness_boson= 0.0500726
E_binding= 0.213822
