mass= 0.355312numbos: 0.149223 numfer: 4.18487e-06 omega: 0.856468 r99bos: 5.238 r99fer: 0.09 r99tot: 5.226
 Nb/Nf: 35657.7 Eb/Ef: 48954.3
mass_bos= 0.233463 mass_fer= 4.769e-06
compactness= 0.0679893
compactness_boson= 0.044571
E_binding= 0.206085
