mass= 0.380052numbos: 0.163722 numfer: 4.0274e-06 omega: 0.846197 r99bos: 5.16 r99fer: 0.072 r99tot: 5.178
 Nb/Nf: 40652 Eb/Ef: 47877.2
mass_bos= 0.248412 mass_fer= 5.18852e-06
compactness= 0.0733975
compactness_boson= 0.0481418
E_binding= 0.216326
