mass= 0.596497numbos: 0.195691 numfer: 0.212154 omega: 0.719557 r99bos: 4.074 r99fer: 3.936 r99tot: 4.026
 Nb/Nf: 0.922402 Eb/Ef: 1.04034
mass_bos= 0.255253 mass_fer= 0.245356
compactness= 0.148161
compactness_boson= 0.0626541
E_binding= 0.188652
