mass= 0.40978numbos: 0.181212 numfer: 0.00770534 omega: 0.782494 r99bos: 4.062 r99fer: 1.032 r99tot: 4.128
 Nb/Nf: 23.5177 Eb/Ef: 27.9973
mass_bos= 0.264702 mass_fer= 0.00945454
compactness= 0.0992685
compactness_boson= 0.0651654
E_binding= 0.220864
