mass= 0.381958numbos: 0.164847 numfer: 1.65581e-07 omega: 0.842232 r99bos: 5.058 r99fer: 0.024 r99tot: 5.082
 Nb/Nf: 995568 Eb/Ef: 1.34319e+06
mass_bos= 0.250232 mass_fer= 1.86297e-07
compactness= 0.0751589
compactness_boson= 0.0494725
E_binding= 0.21711
