mass= 0.378396numbos: 0.162744 numfer: 4.34452e-07 omega: 0.847808 r99bos: 5.184 r99fer: 0.036 r99tot: 5.202
 Nb/Nf: 374595 Eb/Ef: 499045
mass_bos= 0.247236 mass_fer= 4.95419e-07
compactness= 0.0727405
compactness_boson= 0.0476922
E_binding= 0.215652
