mass= 0.574905numbos: 0.289771 numfer: 0.00214555 omega: 0.789454 r99bos: 5.262 r99fer: 1.104 r99tot: 5.388
 Nb/Nf: 135.056 Eb/Ef: 153.68
mass_bos= 0.345316 mass_fer= 0.00224699
compactness= 0.106701
compactness_boson= 0.0656246
E_binding= 0.282989
