mass= 0.370948numbos: 0.1583 numfer: 8.79716e-09 omega: 0.842421 r99bos: 4.95 r99fer: 0.006 r99tot: 4.968
 Nb/Nf: 1.79944e+07 Eb/Ef: 2.1082e+07
mass_bos= 0.24557 mass_fer= 1.16483e-08
compactness= 0.0746675
compactness_boson= 0.04961
E_binding= 0.212648
