mass= 0.381271numbos: 0.164439 numfer: 2.84316e-07 omega: 0.840488 r99bos: 5.004 r99fer: 0.024 r99tot: 5.028
 Nb/Nf: 578366 Eb/Ef: 728690
mass_bos= 0.250288 mass_fer= 3.43477e-07
compactness= 0.0758296
compactness_boson= 0.0500177
E_binding= 0.216832
