mass= 0.381276numbos: 0.164442 numfer: 2.65514e-07 omega: 0.840486 r99bos: 5.004 r99fer: 0.024 r99tot: 5.028
 Nb/Nf: 619333 Eb/Ef: 787664
mass_bos= 0.250291 mass_fer= 3.17764e-07
compactness= 0.0758305
compactness_boson= 0.0500182
E_binding= 0.216834
