mass= 0.37113numbos: 0.158412 numfer: 5.5101e-10 omega: 0.842347 r99bos: 4.974 r99fer: 0.006 r99tot: 4.992
 Nb/Nf: 2.87495e+08 Eb/Ef: 4.36987e+08
mass_bos= 0.245672 mass_fer= 5.62196e-10
compactness= 0.074345
compactness_boson= 0.0493913
E_binding= 0.212718
