mass= 0.371091numbos: 0.158388 numfer: 1.37345e-09 omega: 0.842362 r99bos: 4.968 r99fer: 0.006 r99tot: 4.986
 Nb/Nf: 1.15321e+08 Eb/Ef: 1.70241e+08
mass_bos= 0.24565 mass_fer= 1.44295e-09
compactness= 0.0744266
compactness_boson= 0.0494465
E_binding= 0.212703
