mass= 0.373699numbos: 0.15998 numfer: 7.40174e-07 omega: 0.851078 r99bos: 5.238 r99fer: 0.048 r99tot: 5.25
 Nb/Nf: 216139 Eb/Ef: 293940
mass_bos= 0.244158 mass_fer= 8.30639e-07
compactness= 0.0711807
compactness_boson= 0.0466128
E_binding= 0.213718
