mass= 0.381265numbos: 0.164435 numfer: 1.78942e-07 omega: 0.840491 r99bos: 5.004 r99fer: 0.018 r99tot: 5.028
 Nb/Nf: 918928 Eb/Ef: 1.13188e+06
mass_bos= 0.250285 mass_fer= 2.21122e-07
compactness= 0.0758283
compactness_boson= 0.0500169
E_binding= 0.21683
