mass= 0.380476numbos: 0.163965 numfer: 3.13453e-07 omega: 0.839937 r99bos: 4.98 r99fer: 0.024 r99tot: 5.004
 Nb/Nf: 523094 Eb/Ef: 664838
mass_bos= 0.250033 mass_fer= 3.76081e-07
compactness= 0.0760343
compactness_boson= 0.0502074
E_binding= 0.21651
