mass= 0.372349numbos: 0.159131 numfer: 7.59446e-08 omega: 0.841416 r99bos: 4.938 r99fer: 0.006 r99tot: 4.956
 Nb/Nf: 2.09536e+06 Eb/Ef: 2.26082e+06
mass_bos= 0.24623 mass_fer= 1.08912e-07
compactness= 0.075131
compactness_boson= 0.0498642
E_binding= 0.213218
