mass= 0.373905numbos: 0.160057 numfer: 3.02377e-09 omega: 0.840562 r99bos: 4.938 r99fer: 0.006 r99tot: 4.962
 Nb/Nf: 5.29328e+07 Eb/Ef: 7.34973e+07
mass_bos= 0.246996 mass_fer= 3.36062e-09
compactness= 0.0753537
compactness_boson= 0.0500195
E_binding= 0.213848
