mass= 0.381744numbos: 0.164721 numfer: 1.48993e-07 omega: 0.843402 r99bos: 5.088 r99fer: 0.024 r99tot: 5.112
 Nb/Nf: 1.10556e+06 Eb/Ef: 1.50796e+06
mass_bos= 0.249869 mass_fer= 1.65699e-07
compactness= 0.0746761
compactness_boson= 0.0491094
E_binding= 0.217023
