mass= 0.38046numbos: 0.163956 numfer: 1.9474e-07 omega: 0.839943 r99bos: 4.98 r99fer: 0.018 r99tot: 5.004
 Nb/Nf: 841921 Eb/Ef: 1.01612e+06
mass_bos= 0.250024 mass_fer= 2.46058e-07
compactness= 0.0760313
compactness_boson= 0.0502056
E_binding= 0.216504
