mass= 0.371074numbos: 0.158378 numfer: 2.19861e-09 omega: 0.84237 r99bos: 4.968 r99fer: 0.006 r99tot: 4.98
 Nb/Nf: 7.20352e+07 Eb/Ef: 1.03354e+08
mass_bos= 0.24564 mass_fer= 2.3767e-09
compactness= 0.0745128
compactness_boson= 0.0494445
E_binding= 0.212696
