mass= 0.370641numbos: 0.158186 numfer: 4.63245e-07 omega: 0.852637 r99bos: 5.262 r99fer: 0.048 r99tot: 5.262
 Nb/Nf: 341474 Eb/Ef: 484670
mass_bos= 0.242266 mass_fer= 4.99858e-07
compactness= 0.0704374
compactness_boson= 0.0460407
E_binding= 0.212455
