mass= 0.36426numbos: 0.154386 numfer: 8.5203e-09 omega: 0.848277 r99bos: 5.064 r99fer: 0.006 r99tot: 5.07
 Nb/Nf: 1.81198e+07 Eb/Ef: 2.16767e+07
mass_bos= 0.242667 mass_fer= 1.11948e-08
compactness= 0.0718461
compactness_boson= 0.0479199
E_binding= 0.209873
