mass= 0.367925numbos: 0.156507 numfer: 1.37427e-08 omega: 0.844439 r99bos: 4.968 r99fer: 0.006 r99tot: 4.986
 Nb/Nf: 1.13884e+07 Eb/Ef: 1.17973e+07
mass_bos= 0.244211 mass_fer= 2.07006e-08
compactness= 0.0737916
compactness_boson= 0.0491569
E_binding= 0.211418
