mass= 0.520081numbos: 0.251357 numfer: 0.0106407 omega: 0.774767 r99bos: 4.632 r99fer: 1.398 r99tot: 4.746
 Nb/Nf: 23.6222 Eb/Ef: 26.7639
mass_bos= 0.318027 mass_fer= 0.0118827
compactness= 0.109583
compactness_boson= 0.0686587
E_binding= 0.258084
