mass= 0.365174numbos: 0.154893 numfer: 3.29792e-09 omega: 0.846327 r99bos: 5.022 r99fer: 0.006 r99tot: 5.034
 Nb/Nf: 4.69669e+07 Eb/Ef: 6.56942e+07
mass_bos= 0.242977 mass_fer= 3.69862e-09
compactness= 0.0725415
compactness_boson= 0.0483826
E_binding= 0.210281
