mass= 0.340536numbos: 0.140579 numfer: 1.36196e-07 omega: 0.840656 r99bos: 4.674 r99fer: 0.054 r99tot: 4.662
 Nb/Nf: 1.03218e+06 Eb/Ef: 1.64047e+06
mass_bos= 0.227273 mass_fer= 1.38542e-07
compactness= 0.0730451
compactness_boson= 0.048625
E_binding= 0.199957
