mass= 0.363423numbos: 0.153961 numfer: 9.3776e-06 omega: 0.855198 r99bos: 5.274 r99fer: 0.102 r99tot: 5.274
 Nb/Nf: 16418 Eb/Ef: 20709.4
mass_bos= 0.237995 mass_fer= 1.14921e-05
compactness= 0.0689085
compactness_boson= 0.045126
E_binding= 0.209453
