mass= 0.381143numbos: 0.164366 numfer: 1.50729e-08 omega: 0.844727 r99bos: 5.124 r99fer: 0.012 r99tot: 5.148
 Nb/Nf: 1.09048e+07 Eb/Ef: 1.57876e+07
mass_bos= 0.249279 mass_fer= 1.57896e-08
compactness= 0.0740371
compactness_boson= 0.0486493
E_binding= 0.216777
