mass= 0.35547numbos: 0.149313 numfer: 3.9295e-05 omega: 0.856417 r99bos: 5.25 r99fer: 0.162 r99tot: 5.232
 Nb/Nf: 3799.8 Eb/Ef: 4637.03
mass_bos= 0.233527 mass_fer= 5.03614e-05
compactness= 0.0679416
compactness_boson= 0.0444814
E_binding= 0.206118
