mass= 0.366443numbos: 0.155632 numfer: 1.18182e-08 omega: 0.845332 r99bos: 4.992 r99fer: 0.006 r99tot: 5.004
 Nb/Nf: 1.31689e+07 Eb/Ef: 1.43563e+07
mass_bos= 0.243539 mass_fer= 1.69639e-08
compactness= 0.07323
compactness_boson= 0.0487859
E_binding= 0.21081
