mass= 0.414919numbos: 0.179685 numfer: 0.0191967 omega: 0.778831 r99bos: 4.044 r99fer: 1.422 r99tot: 4.092
 Nb/Nf: 9.3602 Eb/Ef: 10.9646
mass_bos= 0.260652 mass_fer= 0.0237722
compactness= 0.101398
compactness_boson= 0.0644541
E_binding= 0.216038
