mass= 0.381779numbos: 0.164741 numfer: 1.13726e-07 omega: 0.841257 r99bos: 5.028 r99fer: 0.018 r99tot: 5.052
 Nb/Nf: 1.44857e+06 Eb/Ef: 1.89632e+06
mass_bos= 0.250362 mass_fer= 1.32025e-07
compactness= 0.07557
compactness_boson= 0.0497935
E_binding= 0.217038
