mass= 1.38681numbos: 0.0549212 numfer: 1.38488 omega: 0.472096 r99bos: 3.876 r99fer: 5.796 r99tot: 5.742
 Nb/Nf: 0.0396577 Eb/Ef: 0.0398529
mass_bos= 0.0678502 mass_fer= 1.70252
compactness= 0.24152
compactness_boson= 0.0175052
E_binding= -0.0529966
