mass= 0.372497numbos: 0.159223 numfer: 8.25158e-10 omega: 0.841355 r99bos: 4.956 r99fer: 0.006 r99tot: 4.974
 Nb/Nf: 1.9296e+08 Eb/Ef: 2.89697e+08
mass_bos= 0.246313 mass_fer= 8.50243e-10
compactness= 0.0748889
compactness_boson= 0.0496999
E_binding= 0.213275
