mass= 0.592355numbos: 0.179203 numfer: 0.234852 omega: 0.703534 r99bos: 3.798 r99fer: 4.122 r99tot: 4.068
 Nb/Nf: 0.763047 Eb/Ef: 0.887608
mass_bos= 0.243199 mass_fer= 0.273994
compactness= 0.145613
compactness_boson= 0.0640335
E_binding= 0.1783
