mass= 0.373779numbos: 0.160029 numfer: 1.8456e-09 omega: 0.851048 r99bos: 5.25 r99fer: 0.006 r99tot: 5.256
 Nb/Nf: 8.67082e+07 Eb/Ef: 1.30446e+08
mass_bos= 0.244203 mass_fer= 1.87206e-09
compactness= 0.0711147
compactness_boson= 0.0465148
E_binding= 0.21375
