mass= 0.430711numbos: 0.193245 numfer: 0.0112508 omega: 0.775963 r99bos: 4.092 r99fer: 1.2 r99tot: 4.17
 Nb/Nf: 17.176 Eb/Ef: 20.1294
mass_bos= 0.273972 mass_fer= 0.0136105
compactness= 0.103288
compactness_boson= 0.0669531
E_binding= 0.226216
