mass= 0.342217numbos: 0.141578 numfer: 9.82852e-06 omega: 0.835533 r99bos: 4.554 r99fer: 0.15 r99tot: 4.548
 Nb/Nf: 14404.8 Eb/Ef: 21557.9
mass_bos= 0.228699 mass_fer= 1.06086e-05
compactness= 0.0752457
compactness_boson= 0.0502193
E_binding= 0.20063
