mass= 0.376817numbos: 0.161787 numfer: 1.28775e-07 omega: 0.839649 r99bos: 4.938 r99fer: 0.012 r99tot: 4.962
 Nb/Nf: 1.25635e+06 Eb/Ef: 1.49176e+06
mass_bos= 0.248419 mass_fer= 1.66528e-07
compactness= 0.0759406
compactness_boson= 0.0503077
E_binding= 0.21503
