mass= 0.376572numbos: 0.162619 numfer: 0.000334729 omega: 0.798887 r99bos: 4.08 r99fer: 0.408 r99tot: 4.134
 Nb/Nf: 485.824 Eb/Ef: 654.649
mass_bos= 0.250445 mass_fer= 0.000382564
compactness= 0.0910915
compactness_boson= 0.0613836
E_binding= 0.213618
