mass= 0.342359numbos: 0.141634 numfer: 0.000130304 omega: 0.851986 r99bos: 4.998 r99fer: 0.24 r99tot: 4.98
 Nb/Nf: 1086.95 Eb/Ef: 1365.32
mass_bos= 0.226941 mass_fer= 0.000166218
compactness= 0.0687468
compactness_boson= 0.0454063
E_binding= 0.200595
