mass= 0.511806numbos: 0.22733 numfer: 0.0512333 omega: 0.767958 r99bos: 4.47 r99fer: 2.238 r99tot: 4.518
 Nb/Nf: 4.43715 Eb/Ef: 4.92291
mass_bos= 0.29202 mass_fer= 0.0593187
compactness= 0.113282
compactness_boson= 0.0653289
E_binding= 0.233243
