mass= 0.367296numbos: 0.156139 numfer: 4.39722e-09 omega: 0.844834 r99bos: 4.998 r99fer: 0.006 r99tot: 5.01
 Nb/Nf: 3.55084e+07 Eb/Ef: 4.77419e+07
mass_bos= 0.243941 mass_fer= 5.10957e-09
compactness= 0.0733126
compactness_boson= 0.0488077
E_binding= 0.211158
