mass= 0.375405numbos: 0.160948 numfer: 2.47276e-09 omega: 0.839981 r99bos: 4.938 r99fer: 0.006 r99tot: 4.962
 Nb/Nf: 6.50884e+07 Eb/Ef: 9.18213e+07
mass_bos= 0.247737 mass_fer= 2.69803e-09
compactness= 0.0756559
compactness_boson= 0.0501694
E_binding= 0.214457
