mass= 1.58134numbos: 0.0214686 numfer: 1.69238 omega: 0.579851 r99bos: 5.49 r99fer: 7.17 r99tot: 7.134
 Nb/Nf: 0.0126855 Eb/Ef: 0.0125406
mass_bos= 0.0241092 mass_fer= 1.92249
compactness= 0.221663
compactness_boson= 0.00439147
E_binding= -0.132501
