mass= 0.425309numbos: 0.183981 numfer: 0.0244445 omega: 0.77478 r99bos: 4.044 r99fer: 1.572 r99tot: 4.092
 Nb/Nf: 7.52649 Eb/Ef: 8.76503
mass_bos= 0.263336 mass_fer= 0.030044
compactness= 0.103937
compactness_boson= 0.0651178
E_binding= 0.216883
