mass= 0.47747numbos: 0.22744 numfer: 0.000430064 omega: 0.768049 r99bos: 4.23 r99fer: 0.582 r99tot: 4.35
 Nb/Nf: 528.852 Eb/Ef: 667.194
mass_bos= 0.30502 mass_fer= 0.000457169
compactness= 0.109763
compactness_boson= 0.0721088
E_binding= 0.2496
