mass= 0.365126numbos: 0.154864 numfer: 8.24615e-09 omega: 0.846346 r99bos: 5.016 r99fer: 0.006 r99tot: 5.028
 Nb/Nf: 1.87801e+07 Eb/Ef: 2.25973e+07
mass_bos= 0.242951 mass_fer= 1.07513e-08
compactness= 0.0726186
compactness_boson= 0.0484352
E_binding= 0.210262
