mass= 0.38001numbos: 0.163696 numfer: 1.43938e-06 omega: 0.846216 r99bos: 5.154 r99fer: 0.048 r99tot: 5.172
 Nb/Nf: 113727 Eb/Ef: 139557
mass_bos= 0.248389 mass_fer= 1.77984e-06
compactness= 0.0734745
compactness_boson= 0.0481935
E_binding= 0.216313
