mass= 0.380461numbos: 0.163956 numfer: 2.06515e-07 omega: 0.839943 r99bos: 4.98 r99fer: 0.018 r99tot: 5.004
 Nb/Nf: 793919 Eb/Ef: 949047
mass_bos= 0.250024 mass_fer= 2.63448e-07
compactness= 0.0760314
compactness_boson= 0.0502057
E_binding= 0.216505
