mass= 0.381124numbos: 0.164355 numfer: 1.70738e-06 omega: 0.844732 r99bos: 5.124 r99fer: 0.048 r99tot: 5.142
 Nb/Nf: 96261.5 Eb/Ef: 114051
mass_bos= 0.249268 mass_fer= 2.18558e-06
compactness= 0.0741199
compactness_boson= 0.0486472
E_binding= 0.216768
