mass= 0.372387numbos: 0.159155 numfer: 5.49653e-09 omega: 0.841401 r99bos: 4.944 r99fer: 0.006 r99tot: 4.962
 Nb/Nf: 2.89555e+07 Eb/Ef: 3.72567e+07
mass_bos= 0.246251 mass_fer= 6.60958e-09
compactness= 0.0750478
compactness_boson= 0.0498081
E_binding= 0.213233
