mass= 0.547291numbos: 0.270216 numfer: 0.00724514 omega: 0.780951 r99bos: 4.914 r99fer: 1.356 r99tot: 5.034
 Nb/Nf: 37.2962 Eb/Ef: 42.1122
mass_bos= 0.331519 mass_fer= 0.00787228
compactness= 0.108719
compactness_boson= 0.0674641
E_binding= 0.26983
