mass= 0.380021numbos: 0.163703 numfer: 1.77352e-06 omega: 0.846212 r99bos: 5.154 r99fer: 0.054 r99tot: 5.172
 Nb/Nf: 92304.2 Eb/Ef: 113571
mass_bos= 0.248395 mass_fer= 2.18714e-06
compactness= 0.0734767
compactness_boson= 0.0481947
E_binding= 0.216316
