mass= 0.37944numbos: 0.163349 numfer: 4.22452e-07 omega: 0.839611 r99bos: 4.962 r99fer: 0.024 r99tot: 4.986
 Nb/Nf: 386668 Eb/Ef: 451425
mass_bos= 0.24962 mass_fer= 5.52959e-07
compactness= 0.0761011
compactness_boson= 0.0503063
E_binding= 0.216091
