mass= 0.364279numbos: 0.154368 numfer: 2.17147e-08 omega: 0.847177 r99bos: 4.998 r99fer: 0.006 r99tot: 5.01
 Nb/Nf: 7.10892e+06 Eb/Ef: 6.20566e+06
mass_bos= 0.242557 mass_fer= 3.90864e-08
compactness= 0.0727103
compactness_boson= 0.0485309
E_binding= 0.209911
