mass= 0.367326numbos: 0.156157 numfer: 1.92446e-09 omega: 0.844822 r99bos: 5.004 r99fer: 0.006 r99tot: 5.016
 Nb/Nf: 8.11431e+07 Eb/Ef: 1.18374e+08
mass_bos= 0.243958 mass_fer= 2.06091e-09
compactness= 0.0732309
compactness_boson= 0.0487525
E_binding= 0.211169
