mass= 0.368027numbos: 0.15657 numfer: 7.972e-09 omega: 0.844397 r99bos: 4.986 r99fer: 0.006 r99tot: 4.998
 Nb/Nf: 1.964e+07 Eb/Ef: 2.36846e+07
mass_bos= 0.244269 mass_fer= 1.03134e-08
compactness= 0.0736348
compactness_boson= 0.0489909
E_binding= 0.211457
