mass= 0.449908numbos: 0.199897 numfer: 0.0244582 omega: 0.770714 r99bos: 4.134 r99fer: 1.608 r99tot: 4.2
 Nb/Nf: 8.17303 Eb/Ef: 9.38883
mass_bos= 0.276374 mass_fer= 0.0294365
compactness= 0.107121
compactness_boson= 0.0668539
E_binding= 0.225553
