mass= 0.365699numbos: 0.155195 numfer: 1.20951e-08 omega: 0.845829 r99bos: 4.992 r99fer: 0.006 r99tot: 5.004
 Nb/Nf: 1.28312e+07 Eb/Ef: 1.39092e+07
mass_bos= 0.243197 mass_fer= 1.74846e-08
compactness= 0.0730814
compactness_boson= 0.0487173
E_binding= 0.210504
