mass= 0.552701numbos: 0.26858 numfer: 0.0193643 omega: 0.785222 r99bos: 5.052 r99fer: 1.794 r99tot: 5.148
 Nb/Nf: 13.8698 Eb/Ef: 15.2727
mass_bos= 0.326082 mass_fer= 0.0213506
compactness= 0.107362
compactness_boson= 0.064545
E_binding= 0.264757
