mass= 0.396411numbos: 0.171414 numfer: 0.010944 omega: 0.787554 r99bos: 4.062 r99fer: 1.14 r99tot: 4.11
 Nb/Nf: 15.6629 Eb/Ef: 18.5823
mass_bos= 0.255137 mass_fer= 0.0137301
compactness= 0.0964505
compactness_boson= 0.0628107
E_binding= 0.214053
