mass= 1.3639numbos: 0.0769908 numfer: 1.32854 omega: 0.676128 r99bos: 6.27 r99fer: 7.608 r99tot: 7.572
 Nb/Nf: 0.0579513 Eb/Ef: 0.0582442
mass_bos= 0.0847042 mass_fer= 1.45429
compactness= 0.180124
compactness_boson= 0.0135094
E_binding= -0.0416352
