mass= 0.381273numbos: 0.16444 numfer: 3.22227e-08 omega: 0.840487 r99bos: 5.004 r99fer: 0.012 r99tot: 5.028
 Nb/Nf: 5.10324e+06 Eb/Ef: 7.16899e+06
mass_bos= 0.25029 mass_fer= 3.49128e-08
compactness= 0.07583
compactness_boson= 0.0500179
E_binding= 0.216833
