mass= 0.381741numbos: 0.164719 numfer: 1.61012e-07 omega: 0.843403 r99bos: 5.088 r99fer: 0.024 r99tot: 5.112
 Nb/Nf: 1.02302e+06 Eb/Ef: 1.38714e+06
mass_bos= 0.249867 mass_fer= 1.80131e-07
compactness= 0.0746755
compactness_boson= 0.0491091
E_binding= 0.217022
