mass= 0.366495numbos: 0.155664 numfer: 9.89647e-09 omega: 0.845311 r99bos: 4.998 r99fer: 0.006 r99tot: 5.01
 Nb/Nf: 1.57293e+07 Eb/Ef: 1.80358e+07
mass_bos= 0.243568 mass_fer= 1.35047e-08
compactness= 0.0731527
compactness_boson= 0.0487331
E_binding= 0.210831
