mass= 0.364308numbos: 0.154386 numfer: 1.62182e-08 omega: 0.847165 r99bos: 4.998 r99fer: 0.006 r99tot: 5.016
 Nb/Nf: 9.51933e+06 Eb/Ef: 9.3627e+06
mass_bos= 0.242574 mass_fer= 2.59085e-08
compactness= 0.0726292
compactness_boson= 0.0485342
E_binding= 0.209922
