mass= 0.381946numbos: 0.16484 numfer: 9.08963e-08 omega: 0.842237 r99bos: 5.058 r99fer: 0.018 r99tot: 5.082
 Nb/Nf: 1.81349e+06 Eb/Ef: 2.4724e+06
mass_bos= 0.250225 mass_fer= 1.01208e-07
compactness= 0.0751566
compactness_boson= 0.0494712
E_binding= 0.217106
