mass= 0.437131numbos: 0.190906 numfer: 0.0259939 omega: 0.772058 r99bos: 4.08 r99fer: 1.62 r99tot: 4.128
 Nb/Nf: 7.34423 Eb/Ef: 8.49423
mass_bos= 0.26881 mass_fer= 0.0316462
compactness= 0.105894
compactness_boson= 0.0658847
E_binding= 0.220232
