mass= 0.472839numbos: 0.222862 numfer: 0.00516262 omega: 0.770049 r99bos: 4.254 r99fer: 1.038 r99tot: 4.356
 Nb/Nf: 43.1683 Eb/Ef: 50.9559
mass_bos= 0.29951 mass_fer= 0.00587782
compactness= 0.108549
compactness_boson= 0.0704066
E_binding= 0.244815
