mass= 0.344546numbos: 0.142932 numfer: 6.37647e-07 omega: 0.854161 r99bos: 5.07 r99fer: 0.066 r99tot: 5.052
 Nb/Nf: 224156 Eb/Ef: 340693
mass_bos= 0.227958 mass_fer= 6.69103e-07
compactness= 0.0681999
compactness_boson= 0.0449622
E_binding= 0.201613
