mass= 1.40724numbos: 0.0224382 numfer: 1.47487 omega: 0.729742 r99bos: 7.62 r99fer: 8.676 r99tot: 8.652
 Nb/Nf: 0.0152136 Eb/Ef: 0.0152071
mass_bos= 0.0239771 mass_fer= 1.5767
compactness= 0.162649
compactness_boson= 0.0031466
E_binding= -0.0900724
