mass= 0.381799numbos: 0.164753 numfer: 7.71937e-07 omega: 0.841248 r99bos: 5.028 r99fer: 0.036 r99tot: 5.052
 Nb/Nf: 213428 Eb/Ef: 256721
mass_bos= 0.250373 mass_fer= 9.75273e-07
compactness= 0.0755739
compactness_boson= 0.0497957
E_binding= 0.217045
