mass= 0.379409numbos: 0.16333 numfer: 9.97892e-08 omega: 0.839624 r99bos: 4.962 r99fer: 0.012 r99tot: 4.986
 Nb/Nf: 1.63675e+06 Eb/Ef: 1.97286e+06
mass_bos= 0.249602 mass_fer= 1.26518e-07
compactness= 0.0760948
compactness_boson= 0.0503028
E_binding= 0.216079
