mass= 0.369709numbos: 0.157564 numfer: 1.20951e-08 omega: 0.843313 r99bos: 4.956 r99fer: 0.006 r99tot: 4.974
 Nb/Nf: 1.30271e+07 Eb/Ef: 1.40127e+07
mass_bos= 0.245006 mass_fer= 1.74846e-08
compactness= 0.0743282
compactness_boson= 0.0494363
E_binding= 0.212144
