mass= 0.364522numbos: 0.154517 numfer: 8.5203e-09 omega: 0.847076 r99bos: 5.028 r99fer: 0.006 r99tot: 5.04
 Nb/Nf: 1.81352e+07 Eb/Ef: 2.16791e+07
mass_bos= 0.242694 mass_fer= 1.11948e-08
compactness= 0.0723258
compactness_boson= 0.0482685
E_binding= 0.210005
