mass= 0.627319numbos: 0.321798 numfer: 0.00327565 omega: 0.865986 r99bos: 8.304 r99fer: 1.818 r99tot: 8.412
 Nb/Nf: 98.2393 Eb/Ef: 103.824
mass_bos= 0.345667 mass_fer= 0.00332935
compactness= 0.0745743
compactness_boson= 0.0416265
E_binding= 0.302246
