mass= 0.486677numbos: 0.220019 numfer: 0.0325796 omega: 0.768772 r99bos: 4.332 r99fer: 1.854 r99tot: 4.398
 Nb/Nf: 6.75326 Eb/Ef: 7.59872
mass_bos= 0.290185 mass_fer= 0.0381887
compactness= 0.110659
compactness_boson= 0.0669865
E_binding= 0.234079
