mass= 1.56554numbos: 0.00559385 numfer: 1.69313 omega: 0.485221 r99bos: 4.464 r99fer: 6.252 r99tot: 6.21
 Nb/Nf: 0.00330386 Eb/Ef: 0.00322996
mass_bos= 0.00658467 mass_fer= 2.03863
compactness= 0.252099
compactness_boson= 0.00147506
E_binding= -0.133184
