mass= 0.512909numbos: 0.238863 numfer: 0.0286509 omega: 0.773224 r99bos: 4.572 r99fer: 1.848 r99tot: 4.656
 Nb/Nf: 8.33701 Eb/Ef: 9.27699
mass_bos= 0.30441 mass_fer= 0.0328134
compactness= 0.110161
compactness_boson= 0.0665813
E_binding= 0.245395
