mass= 0.364626numbos: 0.154581 numfer: 5.5101e-10 omega: 0.847034 r99bos: 5.046 r99fer: 0.006 r99tot: 5.052
 Nb/Nf: 2.80541e+08 Eb/Ef: 4.31793e+08
mass_bos= 0.242752 mass_fer= 5.62196e-10
compactness= 0.0721746
compactness_boson= 0.0481078
E_binding= 0.210045
