mass= 0.381115numbos: 0.164349 numfer: 8.57718e-07 omega: 0.844737 r99bos: 5.124 r99fer: 0.042 r99tot: 5.142
 Nb/Nf: 191612 Eb/Ef: 242198
mass_bos= 0.249263 mass_fer= 1.02917e-06
compactness= 0.0741181
compactness_boson= 0.0486463
E_binding= 0.216765
