mass= 0.370843numbos: 0.158236 numfer: 1.59413e-08 omega: 0.842465 r99bos: 4.932 r99fer: 0.006 r99tot: 4.956
 Nb/Nf: 9.92615e+06 Eb/Ef: 9.7026e+06
mass_bos= 0.245511 mass_fer= 2.53036e-08
compactness= 0.0748272
compactness_boson= 0.0497792
E_binding= 0.212608
