mass= 0.365177numbos: 0.154895 numfer: 3.02377e-09 omega: 0.846326 r99bos: 5.028 r99fer: 0.006 r99tot: 5.034
 Nb/Nf: 5.12257e+07 Eb/Ef: 7.23018e+07
mass_bos= 0.242979 mass_fer= 3.36062e-09
compactness= 0.072542
compactness_boson= 0.0483252
E_binding= 0.210282
