mass= 0.36734numbos: 0.156166 numfer: 1.09931e-09 omega: 0.844816 r99bos: 5.004 r99fer: 0.006 r99tot: 5.016
 Nb/Nf: 1.42058e+08 Eb/Ef: 2.13289e+08
mass_bos= 0.243966 mass_fer= 1.14383e-09
compactness= 0.0732336
compactness_boson= 0.0487541
E_binding= 0.211174
