mass= 0.345289numbos: 0.143389 numfer: 0.000222902 omega: 0.830061 r99bos: 4.464 r99fer: 0.318 r99tot: 4.47
 Nb/Nf: 643.281 Eb/Ef: 860.431
mass_bos= 0.230755 mass_fer= 0.000268185
compactness= 0.0772458
compactness_boson= 0.0516924
E_binding= 0.201677
