mass= 0.36558numbos: 0.155121 numfer: 1.4842e-08 omega: 0.845879 r99bos: 4.974 r99fer: 0.006 r99tot: 4.992
 Nb/Nf: 1.04515e+07 Eb/Ef: 1.05904e+07
mass_bos= 0.24313 mass_fer= 2.29576e-08
compactness= 0.0732331
compactness_boson= 0.0488801
E_binding= 0.210458
