mass= 0.616634numbos: 0.305741 numfer: 0.0250509 omega: 0.844438 r99bos: 7.242 r99fer: 2.58 r99tot: 7.314
 Nb/Nf: 12.2048 Eb/Ef: 12.8438
mass_bos= 0.336028 mass_fer= 0.0261627
compactness= 0.0843087
compactness_boson= 0.0463999
E_binding= 0.285841
