mass= 0.359357numbos: 0.151585 numfer: 6.67182e-07 omega: 0.856068 r99bos: 5.262 r99fer: 0.054 r99tot: 5.25
 Nb/Nf: 227201 Eb/Ef: 326752
mass_bos= 0.235694 mass_fer= 7.21322e-07
compactness= 0.0684489
compactness_boson= 0.0447917
E_binding= 0.207771
