mass= 0.364597numbos: 0.154563 numfer: 3.02377e-09 omega: 0.847045 r99bos: 5.04 r99fer: 0.006 r99tot: 5.046
 Nb/Nf: 5.1116e+07 Eb/Ef: 7.22295e+07
mass_bos= 0.242736 mass_fer= 3.36062e-09
compactness= 0.0722547
compactness_boson= 0.0481619
E_binding= 0.210034
