mass= 0.36577numbos: 0.155238 numfer: 9.89647e-09 omega: 0.8458 r99bos: 5.004 r99fer: 0.006 r99tot: 5.016
 Nb/Nf: 1.56862e+07 Eb/Ef: 1.80112e+07
mass_bos= 0.243236 mass_fer= 1.35047e-08
compactness= 0.0729206
compactness_boson= 0.0486084
E_binding= 0.210532
