mass= 0.368774numbos: 0.15701 numfer: 1.37427e-08 omega: 0.843931 r99bos: 4.968 r99fer: 0.006 r99tot: 4.986
 Nb/Nf: 1.1425e+07 Eb/Ef: 1.18158e+07
mass_bos= 0.244594 mass_fer= 2.07006e-08
compactness= 0.0739619
compactness_boson= 0.0492339
E_binding= 0.211763
