mass= 0.37538numbos: 0.160932 numfer: 3.31278e-08 omega: 0.839991 r99bos: 4.932 r99fer: 0.006 r99tot: 4.956
 Nb/Nf: 4.85793e+06 Eb/Ef: 5.90063e+06
mass_bos= 0.247722 mass_fer= 4.19824e-08
compactness= 0.0757425
compactness_boson= 0.0502276
E_binding= 0.214447
