mass= 0.364335numbos: 0.154432 numfer: 8.25158e-10 omega: 0.848246 r99bos: 5.076 r99fer: 0.006 r99tot: 5.082
 Nb/Nf: 1.87155e+08 Eb/Ef: 2.85458e+08
mass_bos= 0.242709 mass_fer= 8.50243e-10
compactness= 0.0716912
compactness_boson= 0.0478149
E_binding= 0.209902
