mass= 0.347693numbos: 0.144773 numfer: 3.79491e-06 omega: 0.85561 r99bos: 5.142 r99fer: 0.096 r99tot: 5.124
 Nb/Nf: 38149.2 Eb/Ef: 54580.2
mass_bos= 0.229475 mass_fer= 4.20437e-06
compactness= 0.0678557
compactness_boson= 0.0446276
E_binding= 0.202916
