mass= 0.372361numbos: 0.159139 numfer: 5.9847e-08 omega: 0.841411 r99bos: 4.938 r99fer: 0.006 r99tot: 4.962
 Nb/Nf: 2.65909e+06 Eb/Ef: 3.07345e+06
mass_bos= 0.246236 mass_fer= 8.01173e-08
compactness= 0.0750425
compactness_boson= 0.0498656
E_binding= 0.213222
