mass= 0.452763numbos: 0.211467 numfer: 4.21681e-05 omega: 0.769828 r99bos: 4.098 r99fer: 0.33 r99tot: 4.212
 Nb/Nf: 5014.85 Eb/Ef: 6723.05
mass_bos= 0.292889 mass_fer= 4.35649e-05
compactness= 0.107494
compactness_boson= 0.0714712
E_binding= 0.241254
