mass= 0.372342numbos: 0.159127 numfer: 8.24615e-09 omega: 0.841419 r99bos: 4.938 r99fer: 0.006 r99tot: 4.956
 Nb/Nf: 1.92971e+07 Eb/Ef: 2.29019e+07
mass_bos= 0.246226 mass_fer= 1.07513e-08
compactness= 0.0751296
compactness_boson= 0.0498634
E_binding= 0.213215
