mass= 0.468851numbos: 0.218274 numfer: 0.0103753 omega: 0.770848 r99bos: 4.248 r99fer: 1.248 r99tot: 4.344
 Nb/Nf: 21.0379 Eb/Ef: 24.3606
mass_bos= 0.294235 mass_fer= 0.0120783
compactness= 0.107931
compactness_boson= 0.0692643
E_binding= 0.240202
