mass= 0.361042numbos: 0.15303 numfer: 1.47347e-05 omega: 0.810979 r99bos: 4.182 r99fer: 0.192 r99tot: 4.218
 Nb/Nf: 10385.7 Eb/Ef: 15453.1
mass_bos= 0.241213 mass_fer= 1.56093e-05
compactness= 0.0855956
compactness_boson= 0.0576789
E_binding= 0.207998
