mass= 0.367217numbos: 0.156181 numfer: 7.7227e-06 omega: 0.854025 r99bos: 5.274 r99fer: 0.096 r99tot: 5.274
 Nb/Nf: 20223.6 Eb/Ef: 25315.3
mass_bos= 0.240207 mass_fer= 9.48862e-06
compactness= 0.0696278
compactness_boson= 0.0455455
E_binding= 0.211029
