mass= 0.379458numbos: 0.16336 numfer: 5.1707e-07 omega: 0.839604 r99bos: 4.968 r99fer: 0.03 r99tot: 4.992
 Nb/Nf: 315934 Eb/Ef: 403120
mass_bos= 0.24963 mass_fer= 6.19245e-07
compactness= 0.0760133
compactness_boson= 0.0502476
E_binding= 0.216098
