mass= 0.464865numbos: 0.219245 numfer: 0.000396697 omega: 0.768713 r99bos: 4.158 r99fer: 0.552 r99tot: 4.278
 Nb/Nf: 552.676 Eb/Ef: 705.259
mass_bos= 0.298789 mass_fer= 0.000423659
compactness= 0.108664
compactness_boson= 0.0718588
E_binding= 0.245223
