mass= 1.58599numbos: 0 numfer: 1.72883 omega: 0.364157 r99bos: 5.052 r99fer: 6.324 r99tot: 6.288
 Nb/Nf: 0 Eb/Ef: 0
mass_bos= 0 mass_fer= 2.07349
compactness= 0.252225
compactness_boson= 0
E_binding= -0.142838
