mass= 0.650111numbos: 0.216074 numfer: 0.240527 omega: 0.738798 r99bos: 4.65 r99fer: 4.224 r99tot: 4.464
 Nb/Nf: 0.898335 Eb/Ef: 0.973962
mass_bos= 0.264252 mass_fer= 0.271317
compactness= 0.145634
compactness_boson= 0.0568285
E_binding= 0.19351
