mass= 0.380491numbos: 0.163975 numfer: 5.46848e-07 omega: 0.839931 r99bos: 4.986 r99fer: 0.03 r99tot: 5.01
 Nb/Nf: 299855 Eb/Ef: 368841
mass_bos= 0.250041 mass_fer= 6.77911e-07
compactness= 0.0759464
compactness_boson= 0.0501487
E_binding= 0.216516
