mass= 0.38numbos: 0.16369 numfer: 3.74847e-07 omega: 0.846222 r99bos: 5.154 r99fer: 0.036 r99tot: 5.172
 Nb/Nf: 436684 Eb/Ef: 588364
mass_bos= 0.248384 mass_fer= 4.2216e-07
compactness= 0.0734725
compactness_boson= 0.0481925
E_binding= 0.21631
