mass= 0.366433numbos: 0.155626 numfer: 1.20951e-08 omega: 0.845336 r99bos: 4.986 r99fer: 0.006 r99tot: 5.004
 Nb/Nf: 1.28669e+07 Eb/Ef: 1.39284e+07
mass_bos= 0.243534 mass_fer= 1.74846e-08
compactness= 0.073228
compactness_boson= 0.0488435
E_binding= 0.210807
