mass= 0.450558numbos: 0.201395 numfer: 0.022091 omega: 0.771118 r99bos: 4.146 r99fer: 1.548 r99tot: 4.212
 Nb/Nf: 9.11661 Eb/Ef: 10.4779
mass_bos= 0.278053 mass_fer= 0.026537
compactness= 0.10697
compactness_boson= 0.0670653
E_binding= 0.227071
