mass= 0.436917numbos: 0.190206 numfer: 0.0271936 omega: 0.771797 r99bos: 4.074 r99fer: 1.65 r99tot: 4.122
 Nb/Nf: 6.99452 Eb/Ef: 8.0913
mass_bos= 0.268022 mass_fer= 0.0331248
compactness= 0.105996
compactness_boson= 0.0657885
E_binding= 0.219517
