mass= 0.365841numbos: 0.155282 numfer: 4.94823e-09 omega: 0.845771 r99bos: 5.016 r99fer: 0.006 r99tot: 5.022
 Nb/Nf: 3.13813e+07 Eb/Ef: 4.15836e+07
mass_bos= 0.243276 mass_fer= 5.8503e-09
compactness= 0.0728477
compactness_boson= 0.0485001
E_binding= 0.210559
