mass= 0.340475numbos: 0.140541 numfer: 2.32153e-06 omega: 0.848975 r99bos: 4.884 r99fer: 0.096 r99tot: 4.866
 Nb/Nf: 60538 Eb/Ef: 91565.3
mass_bos= 0.226356 mass_fer= 2.47207e-06
compactness= 0.0699702
compactness_boson= 0.0463464
E_binding= 0.199932
