mass= 0.38001numbos: 0.163696 numfer: 1.22283e-06 omega: 0.846217 r99bos: 5.154 r99fer: 0.048 r99tot: 5.172
 Nb/Nf: 133867 Eb/Ef: 168524
mass_bos= 0.248389 mass_fer= 1.47391e-06
compactness= 0.0734744
compactness_boson= 0.0481935
E_binding= 0.216313
