mass= 0.65425numbos: 0.242151 numfer: 0.198391 omega: 0.840383 r99bos: 7.374 r99fer: 4.878 r99tot: 7.134
 Nb/Nf: 1.22057 Eb/Ef: 1.25896
mass_bos= 0.264268 mass_fer= 0.20991
compactness= 0.0917087
compactness_boson= 0.0358378
E_binding= 0.213708
