mass= 0.373859numbos: 0.160028 numfer: 4.63831e-08 omega: 0.840581 r99bos: 4.932 r99fer: 0.006 r99tot: 4.956
 Nb/Nf: 3.45014e+06 Eb/Ef: 3.85248e+06
mass_bos= 0.246971 mass_fer= 6.4107e-08
compactness= 0.0754357
compactness_boson= 0.0500752
E_binding= 0.213831
