mass= 0.370735numbos: 0.158169 numfer: 1.89651e-08 omega: 0.842511 r99bos: 4.92 r99fer: 0.006 r99tot: 4.944
 Nb/Nf: 8.34e+06 Eb/Ef: 7.61889e+06
mass_bos= 0.24545 mass_fer= 3.2216e-08
compactness= 0.0749869
compactness_boson= 0.0498882
E_binding= 0.212566
