mass= 0.502942numbos: 0.244007 numfer: 0.000476729 omega: 0.768943 r99bos: 4.398 r99fer: 0.636 r99tot: 4.524
 Nb/Nf: 511.836 Eb/Ef: 631.556
mass_bos= 0.317097 mass_fer= 0.000502088
compactness= 0.111172
compactness_boson= 0.0721002
E_binding= 0.258459
