mass= 0.379415numbos: 0.163334 numfer: 1.97815e-08 omega: 0.839621 r99bos: 4.962 r99fer: 0.006 r99tot: 4.986
 Nb/Nf: 8.25688e+06 Eb/Ef: 1.09945e+07
mass_bos= 0.249606 mass_fer= 2.27028e-08
compactness= 0.0760962
compactness_boson= 0.0503035
E_binding= 0.216082
