mass= 0.37538numbos: 0.160932 numfer: 2.36511e-08 omega: 0.839991 r99bos: 4.932 r99fer: 0.006 r99tot: 4.956
 Nb/Nf: 6.80444e+06 Eb/Ef: 9.06989e+06
mass_bos= 0.247722 mass_fer= 2.73126e-08
compactness= 0.0757425
compactness_boson= 0.0502276
E_binding= 0.214447
