mass= 0.378201numbos: 0.162611 numfer: 2.48073e-07 omega: 0.839516 r99bos: 4.95 r99fer: 0.018 r99tot: 4.974
 Nb/Nf: 655499 Eb/Ef: 776128
mass_bos= 0.249071 mass_fer= 3.20914e-07
compactness= 0.0760357
compactness_boson= 0.0503173
E_binding= 0.21559
