mass= 0.345279numbos: 0.143393 numfer: 0.000166196 omega: 0.829992 r99bos: 4.464 r99fer: 0.294 r99tot: 4.464
 Nb/Nf: 862.791 Eb/Ef: 1170.83
mass_bos= 0.230796 mass_fer= 0.000197122
compactness= 0.0773475
compactness_boson= 0.0517016
E_binding= 0.20172
