mass= 0.364312numbos: 0.154418 numfer: 4.39722e-09 omega: 0.848255 r99bos: 5.07 r99fer: 0.006 r99tot: 5.076
 Nb/Nf: 3.51172e+07 Eb/Ef: 4.74982e+07
mass_bos= 0.242696 mass_fer= 5.10957e-09
compactness= 0.0717714
compactness_boson= 0.047869
E_binding= 0.209893
