mass= 0.361033numbos: 0.152996 numfer: 0.000184599 omega: 0.811183 r99bos: 4.194 r99fer: 0.33 r99tot: 4.224
 Nb/Nf: 828.801 Eb/Ef: 1141.67
mass_bos= 0.241076 mass_fer= 0.00021116
compactness= 0.0854718
compactness_boson= 0.0574812
E_binding= 0.207852
