mass= 0.364478numbos: 0.15449 numfer: 9.89647e-09 omega: 0.847094 r99bos: 5.022 r99fer: 0.006 r99tot: 5.034
 Nb/Nf: 1.56106e+07 Eb/Ef: 1.79692e+07
mass_bos= 0.242669 mass_fer= 1.35047e-08
compactness= 0.0724033
compactness_boson= 0.0483212
E_binding= 0.209988
