mass= 0.428483numbos: 0.195687 numfer: 0.000287073 omega: 0.775064 r99bos: 4.032 r99fer: 0.462 r99tot: 4.128
 Nb/Nf: 681.663 Eb/Ef: 900.793
mass_bos= 0.279907 mass_fer= 0.000310734
compactness= 0.103799
compactness_boson= 0.0694213
E_binding= 0.232509
