mass= 0.359429numbos: 0.151627 numfer: 1.27893e-05 omega: 0.856037 r99bos: 5.268 r99fer: 0.114 r99tot: 5.256
 Nb/Nf: 11855.8 Eb/Ef: 15046.6
mass_bos= 0.235727 mass_fer= 1.56664e-05
compactness= 0.0683845
compactness_boson= 0.044747
E_binding= 0.207789
