mass= 0.368793numbos: 0.157022 numfer: 1.07189e-08 omega: 0.843923 r99bos: 4.968 r99fer: 0.006 r99tot: 4.986
 Nb/Nf: 1.46491e+07 Eb/Ef: 1.63595e+07
mass_bos= 0.244605 mass_fer= 1.49518e-08
compactness= 0.0739656
compactness_boson= 0.049236
E_binding= 0.21177
