mass= 0.37819numbos: 0.162604 numfer: 8.59133e-08 omega: 0.839521 r99bos: 4.944 r99fer: 0.012 r99tot: 4.974
 Nb/Nf: 1.89266e+06 Eb/Ef: 2.40899e+06
mass_bos= 0.249064 mass_fer= 1.0339e-07
compactness= 0.0760334
compactness_boson= 0.0503771
E_binding= 0.215586
