mass= 0.379437numbos: 0.163347 numfer: 1.16386e-08 omega: 0.839613 r99bos: 4.962 r99fer: 0.006 r99tot: 4.986
 Nb/Nf: 1.40349e+07 Eb/Ef: 1.98192e+07
mass_bos= 0.249618 mass_fer= 1.25948e-08
compactness= 0.0761005
compactness_boson= 0.050306
E_binding= 0.21609
