mass= 0.376826numbos: 0.161792 numfer: 1.1829e-07 omega: 0.839646 r99bos: 4.938 r99fer: 0.012 r99tot: 4.962
 Nb/Nf: 1.36775e+06 Eb/Ef: 1.65463e+06
mass_bos= 0.248424 mass_fer= 1.50139e-07
compactness= 0.0759423
compactness_boson= 0.0503087
E_binding= 0.215033
