mass= 0.365188numbos: 0.154902 numfer: 1.92446e-09 omega: 0.846321 r99bos: 5.028 r99fer: 0.006 r99tot: 5.034
 Nb/Nf: 8.04909e+07 Eb/Ef: 1.17902e+08
mass_bos= 0.242985 mass_fer= 2.06091e-09
compactness= 0.0725443
compactness_boson= 0.0483264
E_binding= 0.210286
