mass= 0.367171numbos: 0.156153 numfer: 6.0526e-07 omega: 0.854048 r99bos: 5.274 r99fer: 0.054 r99tot: 5.274
 Nb/Nf: 257994 Eb/Ef: 367547
mass_bos= 0.240185 mass_fer= 6.53481e-07
compactness= 0.0696191
compactness_boson= 0.0455414
E_binding= 0.211017
