mass= 0.347951numbos: 0.144917 numfer: 8.14636e-05 omega: 0.855567 r99bos: 5.154 r99fer: 0.204 r99tot: 5.136
 Nb/Nf: 1778.91 Eb/Ef: 2188.02
mass_bos= 0.229561 mass_fer= 0.000104917
compactness= 0.0677475
compactness_boson= 0.0445404
E_binding= 0.202953
