mass= 0.495256numbos: 0.235796 numfer: 0.00939077 omega: 0.771227 r99bos: 4.416 r99fer: 1.278 r99tot: 4.524
 Nb/Nf: 25.1094 Eb/Ef: 28.8503
mass_bos= 0.307589 mass_fer= 0.0106616
compactness= 0.109473
compactness_boson= 0.0696533
E_binding= 0.250069
