mass= 0.546488numbos: 0.26925 numfer: 0.00837949 omega: 0.781053 r99bos: 4.914 r99fer: 1.404 r99tot: 5.034
 Nb/Nf: 32.132 Eb/Ef: 36.1705
mass_bos= 0.330457 mass_fer= 0.0091361
compactness= 0.108559
compactness_boson= 0.0672481
E_binding= 0.268859
