mass= 0.364691numbos: 0.154597 numfer: 2.11637e-08 omega: 0.846528 r99bos: 4.956 r99fer: 0.006 r99tot: 4.98
 Nb/Nf: 7.30482e+06 Eb/Ef: 6.44382e+06
mass_bos= 0.242706 mass_fer= 3.7665e-08
compactness= 0.0732311
compactness_boson= 0.0489722
E_binding= 0.210094
