mass= 0.393794numbos: 0.173036 numfer: 0.0019631 omega: 0.789261 r99bos: 4.05 r99fer: 0.666 r99tot: 4.116
 Nb/Nf: 88.1442 Eb/Ef: 110.309
mass_bos= 0.259391 mass_fer= 0.00235148
compactness= 0.095674
compactness_boson= 0.0640471
E_binding= 0.218795
