mass= 0.366509numbos: 0.155673 numfer: 7.69514e-09 omega: 0.845305 r99bos: 4.998 r99fer: 0.006 r99tot: 5.01
 Nb/Nf: 2.02301e+07 Eb/Ef: 2.46617e+07
mass_bos= 0.243577 mass_fer= 9.87672e-09
compactness= 0.0731556
compactness_boson= 0.0487348
E_binding= 0.210836
