mass= 0.364604numbos: 0.154567 numfer: 1.92446e-09 omega: 0.847043 r99bos: 5.04 r99fer: 0.006 r99tot: 5.046
 Nb/Nf: 8.03171e+07 Eb/Ef: 1.17783e+08
mass_bos= 0.24274 mass_fer= 2.06091e-09
compactness= 0.0722561
compactness_boson= 0.0481626
E_binding= 0.210037
