mass= 0.461662numbos: 0.205511 numfer: 0.0288212 omega: 0.76896 r99bos: 4.182 r99fer: 1.722 r99tot: 4.242
 Nb/Nf: 7.13054 Eb/Ef: 8.13376
mass_bos= 0.279948 mass_fer= 0.0344181
compactness= 0.108831
compactness_boson= 0.0669412
E_binding= 0.22733
