mass= 0.367638numbos: 0.15633 numfer: 2.00644e-08 omega: 0.844561 r99bos: 4.932 r99fer: 0.006 r99tot: 4.956
 Nb/Nf: 7.79144e+06 Eb/Ef: 6.99364e+06
mass_bos= 0.24405 mass_fer= 3.4896e-08
compactness= 0.0741803
compactness_boson= 0.0494829
E_binding= 0.211307
