mass= 0.373719numbos: 0.159993 numfer: 2.49592e-06 omega: 0.851068 r99bos: 5.244 r99fer: 0.066 r99tot: 5.25
 Nb/Nf: 64101.7 Eb/Ef: 82082.9
mass_bos= 0.244169 mass_fer= 2.97466e-06
compactness= 0.0711846
compactness_boson= 0.0465615
E_binding= 0.213724
