mass= 0.364218numbos: 0.154361 numfer: 1.23692e-08 omega: 0.848293 r99bos: 5.058 r99fer: 0.006 r99tot: 5.064
 Nb/Nf: 1.24794e+07 Eb/Ef: 1.34758e+07
mass_bos= 0.242643 mass_fer= 1.80059e-08
compactness= 0.071923
compactness_boson= 0.0479722
E_binding= 0.209857
