mass= 0.385956numbos: 0.168583 numfer: 5.12473e-07 omega: 0.792643 r99bos: 4.044 r99fer: 0.108 r99tot: 4.104
 Nb/Nf: 328960 Eb/Ef: 494459
mass_bos= 0.256238 mass_fer= 5.18218e-07
compactness= 0.0940439
compactness_boson= 0.0633625
E_binding= 0.217373
