mass= 0.381982numbos: 0.164862 numfer: 1.09253e-06 omega: 0.842221 r99bos: 5.058 r99fer: 0.042 r99tot: 5.082
 Nb/Nf: 150899 Eb/Ef: 180591
mass_bos= 0.250245 mass_fer= 1.3857e-06
compactness= 0.0751637
compactness_boson= 0.0494751
E_binding= 0.217119
