mass= 0.373839numbos: 0.160016 numfer: 6.11736e-08 omega: 0.840589 r99bos: 4.932 r99fer: 0.006 r99tot: 4.95
 Nb/Nf: 2.61577e+06 Eb/Ef: 2.76016e+06
mass_bos= 0.246959 mass_fer= 8.9473e-08
compactness= 0.0755231
compactness_boson= 0.0500729
E_binding= 0.213823
