mass= 0.366948numbos: 0.155925 numfer: 1.78658e-08 omega: 0.844979 r99bos: 4.95 r99fer: 0.006 r99tot: 4.974
 Nb/Nf: 8.72758e+06 Eb/Ef: 8.2277e+06
mass_bos= 0.243746 mass_fer= 2.9625e-08
compactness= 0.0737733
compactness_boson= 0.0492415
E_binding= 0.211024
