mass= 0.420866numbos: 0.188096 numfer: 0.00826955 omega: 0.778764 r99bos: 4.074 r99fer: 1.074 r99tot: 4.146
 Nb/Nf: 22.7456 Eb/Ef: 26.9462
mass_bos= 0.270476 mass_fer= 0.0100376
compactness= 0.101511
compactness_boson= 0.0663908
E_binding= 0.2245
