mass= 0.340559numbos: 0.140587 numfer: 3.57749e-05 omega: 0.848973 r99bos: 4.89 r99fer: 0.18 r99tot: 4.866
 Nb/Nf: 3929.77 Eb/Ef: 5412.23
mass_bos= 0.226378 mass_fer= 4.18272e-05
compactness= 0.0699874
compactness_boson= 0.0462942
E_binding= 0.199936
