mass= 0.381095numbos: 0.164337 numfer: 5.64818e-08 omega: 0.844746 r99bos: 5.118 r99fer: 0.018 r99tot: 5.142
 Nb/Nf: 2.90955e+06 Eb/Ef: 4.11498e+06
mass_bos= 0.249252 mass_fer= 6.05719e-08
compactness= 0.0741141
compactness_boson= 0.0487011
E_binding= 0.216758
