mass= 0.36855numbos: 0.157682 numfer: 2.82637e-07 omega: 0.804558 r99bos: 4.134 r99fer: 0.084 r99tot: 4.176
 Nb/Nf: 557897 Eb/Ef: 859970
mass_bos= 0.24585 mass_fer= 2.85882e-07
compactness= 0.0882544
compactness_boson= 0.0594703
E_binding= 0.210868
