mass= 0.344513numbos: 0.142912 numfer: 2.6002e-06 omega: 0.854176 r99bos: 5.064 r99fer: 0.09 r99tot: 5.046
 Nb/Nf: 54961.9 Eb/Ef: 80803
mass_bos= 0.227939 mass_fer= 2.82092e-06
compactness= 0.0682745
compactness_boson= 0.0450117
E_binding= 0.201598
