mass= 0.625955numbos: 0.321487 numfer: 0.00199441 omega: 0.834214 r99bos: 6.888 r99fer: 1.398 r99tot: 7.008
 Nb/Nf: 161.194 Eb/Ef: 174.76
mass_bos= 0.356147 mass_fer= 0.00203792
compactness= 0.0893201
compactness_boson= 0.0517055
E_binding= 0.302474
