mass= 0.342267numbos: 0.141605 numfer: 3.18035e-05 omega: 0.835538 r99bos: 4.56 r99fer: 0.192 r99tot: 4.554
 Nb/Nf: 4452.51 Eb/Ef: 6419.27
mass_bos= 0.22871 mass_fer= 3.56287e-05
compactness= 0.0751574
compactness_boson= 0.0501557
E_binding= 0.20063
