mass= 0.432146numbos: 0.195009 numfer: 0.00915193 omega: 0.775753 r99bos: 4.098 r99fer: 1.128 r99tot: 4.176
 Nb/Nf: 21.3079 Eb/Ef: 25.0857
mass_bos= 0.276031 mass_fer= 0.0110035
compactness= 0.103483
compactness_boson= 0.0673576
E_binding= 0.227986
