mass= 0.344787numbos: 0.143064 numfer: 9.24324e-05 omega: 0.854148 r99bos: 5.082 r99fer: 0.216 r99tot: 5.064
 Nb/Nf: 1547.77 Eb/Ef: 1937.77
mass_bos= 0.228024 mass_fer= 0.000117673
compactness= 0.068086
compactness_boson= 0.0448689
E_binding= 0.201631
