mass= 0.378389numbos: 0.162739 numfer: 9.49278e-08 omega: 0.847811 r99bos: 5.184 r99fer: 0.024 r99tot: 5.202
 Nb/Nf: 1.71435e+06 Eb/Ef: 2.43454e+06
mass_bos= 0.247232 mass_fer= 1.01552e-07
compactness= 0.0727391
compactness_boson= 0.0476914
E_binding= 0.215649
