mass= 1.09806numbos: 0.140453 numfer: 0.897412 omega: 0.577276 r99bos: 4.008 r99fer: 5.862 r99tot: 5.784
 Nb/Nf: 0.156509 Eb/Ef: 0.166835
mass_bos= 0.174978 mass_fer= 1.04881
compactness= 0.189844
compactness_boson= 0.0436571
E_binding= 0.0601935
