mass= 0.368959numbos: 0.157125 numfer: 1.37345e-09 omega: 0.843855 r99bos: 4.992 r99fer: 0.006 r99tot: 5.004
 Nb/Nf: 1.14401e+08 Eb/Ef: 1.69582e+08
mass_bos= 0.244698 mass_fer= 1.44295e-09
compactness= 0.0737329
compactness_boson= 0.0490181
E_binding= 0.211835
