mass= 0.369674numbos: 0.157543 numfer: 1.29175e-08 omega: 0.843327 r99bos: 4.95 r99fer: 0.006 r99tot: 4.968
 Nb/Nf: 1.21961e+07 Eb/Ef: 1.28501e+07
mass_bos= 0.244987 mass_fer= 1.9065e-08
compactness= 0.0744111
compactness_boson= 0.0494924
E_binding= 0.212131
