mass= 0.364467numbos: 0.154483 numfer: 1.23692e-08 omega: 0.847099 r99bos: 5.022 r99fer: 0.006 r99tot: 5.034
 Nb/Nf: 1.24893e+07 Eb/Ef: 1.34769e+07
mass_bos= 0.242663 mass_fer= 1.80059e-08
compactness= 0.072401
compactness_boson= 0.0483199
E_binding= 0.209983
