mass= 0.491597numbos: 0.203104 numfer: 0.0726839 omega: 0.75672 r99bos: 4.152 r99fer: 2.508 r99tot: 4.158
 Nb/Nf: 2.79435 Eb/Ef: 3.16442
mass_bos= 0.27184 mass_fer= 0.0859053
compactness= 0.118229
compactness_boson= 0.0654721
E_binding= 0.215808
