mass= 0.367229numbos: 0.156097 numfer: 8.79716e-09 omega: 0.844861 r99bos: 4.992 r99fer: 0.006 r99tot: 5.004
 Nb/Nf: 1.7744e+07 Eb/Ef: 2.09389e+07
mass_bos= 0.243903 mass_fer= 1.16483e-08
compactness= 0.0733871
compactness_boson= 0.0488588
E_binding= 0.211132
