mass= 0.366493numbos: 0.155663 numfer: 8.24615e-09 omega: 0.845312 r99bos: 4.998 r99fer: 0.006 r99tot: 5.01
 Nb/Nf: 1.88771e+07 Eb/Ef: 2.26546e+07
mass_bos= 0.243567 mass_fer= 1.07513e-08
compactness= 0.0731524
compactness_boson= 0.048733
E_binding= 0.21083
