mass= 0.703463numbos: 0.206837 numfer: 0.322756 omega: 0.848197 r99bos: 8.064 r99fer: 6.066 r99tot: 7.53
 Nb/Nf: 0.640845 Eb/Ef: 0.655739
mass_bos= 0.222164 mass_fer= 0.3388
compactness= 0.0934214
compactness_boson= 0.0275501
E_binding= 0.17387
