mass= 0.339949numbos: 0.140227 numfer: 2.36048e-05 omega: 0.845205 r99bos: 4.776 r99fer: 0.174 r99tot: 4.764
 Nb/Nf: 5940.62 Eb/Ef: 8470.13
mass_bos= 0.226466 mass_fer= 2.6737e-05
compactness= 0.0713579
compactness_boson= 0.0474176
E_binding= 0.199698
