mass= 0.3739numbos: 0.160053 numfer: 3.52826e-08 omega: 0.840564 r99bos: 4.938 r99fer: 0.006 r99tot: 4.962
 Nb/Nf: 4.53632e+06 Eb/Ef: 5.30514e+06
mass_bos= 0.246994 mass_fer= 4.65574e-08
compactness= 0.0753526
compactness_boson= 0.0500189
E_binding= 0.213846
