mass= 0.467406numbos: 0.216391 numfer: 0.0126967 omega: 0.770936 r99bos: 4.242 r99fer: 1.326 r99tot: 4.338
 Nb/Nf: 17.0431 Eb/Ef: 19.6436
mass_bos= 0.292101 mass_fer= 0.01487
compactness= 0.107747
compactness_boson= 0.0688593
E_binding= 0.238318
