mass= 0.373862numbos: 0.16003 numfer: 4.30797e-08 omega: 0.840579 r99bos: 4.932 r99fer: 0.006 r99tot: 4.956
 Nb/Nf: 3.71474e+06 Eb/Ef: 4.20118e+06
mass_bos= 0.246972 mass_fer= 5.87864e-08
compactness= 0.0754363
compactness_boson= 0.0500755
E_binding= 0.213832
