mass= 0.381763numbos: 0.164733 numfer: 7.82553e-07 omega: 0.843394 r99bos: 5.088 r99fer: 0.042 r99tot: 5.112
 Nb/Nf: 210507 Eb/Ef: 270137
mass_bos= 0.249879 mass_fer= 9.25008e-07
compactness= 0.0746798
compactness_boson= 0.0491114
E_binding= 0.21703
