mass= 0.457654numbos: 0.211866 numfer: 0.00821109 omega: 0.771534 r99bos: 4.188 r99fer: 1.14 r99tot: 4.284
 Nb/Nf: 25.8025 Eb/Ef: 30.2023
mass_bos= 0.289945 mass_fer= 0.00960011
compactness= 0.106829
compactness_boson= 0.0692323
E_binding= 0.237576
