mass= 0.369804numbos: 0.157623 numfer: 8.5203e-09 omega: 0.843273 r99bos: 4.968 r99fer: 0.006 r99tot: 4.986
 Nb/Nf: 1.84997e+07 Eb/Ef: 2.18905e+07
mass_bos= 0.24506 mass_fer= 1.11948e-08
compactness= 0.0741686
compactness_boson= 0.0493278
E_binding= 0.212181
