mass= 0.561305numbos: 0.217672 numfer: 0.131452 omega: 0.751037 r99bos: 4.434 r99fer: 3.27 r99tot: 4.374
 Nb/Nf: 1.65591 Eb/Ef: 1.82602
mass_bos= 0.275556 mass_fer= 0.150905
compactness= 0.128328
compactness_boson= 0.0621462
E_binding= 0.21218
