mass= 0.497926numbos: 0.238906 numfer: 0.00582286 omega: 0.770761 r99bos: 4.416 r99fer: 1.134 r99tot: 4.53
 Nb/Nf: 41.029 Eb/Ef: 47.7307
mass_bos= 0.311109 mass_fer= 0.00651802
compactness= 0.109917
compactness_boson= 0.0704505
E_binding= 0.253197
