mass= 0.380028numbos: 0.163707 numfer: 2.17448e-06 omega: 0.846209 r99bos: 5.16 r99fer: 0.06 r99tot: 5.172
 Nb/Nf: 75285.6 Eb/Ef: 92910.6
mass_bos= 0.248399 mass_fer= 2.67353e-06
compactness= 0.0734779
compactness_boson= 0.0481394
E_binding= 0.216319
