mass= 0.379417numbos: 0.163335 numfer: 8.14058e-08 omega: 0.839621 r99bos: 4.962 r99fer: 0.012 r99tot: 4.986
 Nb/Nf: 2.00642e+06 Eb/Ef: 2.49807e+06
mass_bos= 0.249607 mass_fer= 9.99199e-08
compactness= 0.0760964
compactness_boson= 0.0503037
E_binding= 0.216082
