mass= 0.385888numbos: 0.168537 numfer: 2.78876e-06 omega: 0.792678 r99bos: 4.032 r99fer: 0.15 r99tot: 4.098
 Nb/Nf: 60434.5 Eb/Ef: 89839.5
mass_bos= 0.256197 mass_fer= 2.85172e-06
compactness= 0.0941649
compactness_boson= 0.0635408
E_binding= 0.217347
