mass= 0.340561numbos: 0.140585 numfer: 6.06081e-05 omega: 0.840719 r99bos: 4.674 r99fer: 0.216 r99tot: 4.662
 Nb/Nf: 2319.57 Eb/Ef: 3216.85
mass_bos= 0.227241 mass_fer= 7.0641e-05
compactness= 0.0730504
compactness_boson= 0.0486182
E_binding= 0.199915
