mass= 0.376862numbos: 0.161814 numfer: 1.81521e-08 omega: 0.839631 r99bos: 4.944 r99fer: 0.006 r99tot: 4.968
 Nb/Nf: 8.91437e+06 Eb/Ef: 1.17843e+07
mass_bos= 0.248444 mass_fer= 2.10827e-08
compactness= 0.0758578
compactness_boson= 0.0502517
E_binding= 0.215047
