mass= 0.349388numbos: 0.14589 numfer: 8.54836e-05 omega: 0.823809 r99bos: 4.356 r99fer: 0.264 r99tot: 4.368
 Nb/Nf: 1706.64 Eb/Ef: 2405.88
mass_bos= 0.233671 mass_fer= 9.71253e-05
compactness= 0.0799882
compactness_boson= 0.0536436
E_binding= 0.203413
