mass= 0.380474numbos: 0.163964 numfer: 3.38736e-07 omega: 0.839938 r99bos: 4.98 r99fer: 0.024 r99tot: 5.004
 Nb/Nf: 484047 Eb/Ef: 591205
mass_bos= 0.250032 mass_fer= 4.22919e-07
compactness= 0.076034
compactness_boson= 0.0502072
E_binding= 0.216509
