mass= 0.364249numbos: 0.15435 numfer: 1.73175e-08 omega: 0.847189 r99bos: 4.992 r99fer: 0.006 r99tot: 5.01
 Nb/Nf: 8.91296e+06 Eb/Ef: 8.5504e+06
mass_bos= 0.242541 mass_fer= 2.8366e-08
compactness= 0.0727044
compactness_boson= 0.0485859
E_binding= 0.209899
