mass= 0.524281numbos: 0.242574 numfer: 0.0364503 omega: 0.774695 r99bos: 4.668 r99fer: 2.04 r99tot: 4.74
 Nb/Nf: 6.65491 Eb/Ef: 7.34502
mass_bos= 0.305139 mass_fer= 0.0415436
compactness= 0.110608
compactness_boson= 0.0653682
E_binding= 0.245257
