mass= 0.37949numbos: 0.16338 numfer: 7.29505e-09 omega: 0.839591 r99bos: 4.968 r99fer: 0.006 r99tot: 4.992
 Nb/Nf: 2.2396e+07 Eb/Ef: 3.18874e+07
mass_bos= 0.249648 mass_fer= 7.82907e-09
compactness= 0.0760197
compactness_boson= 0.0502512
E_binding= 0.21611
