mass= 0.368011numbos: 0.15656 numfer: 1.07189e-08 omega: 0.844403 r99bos: 4.98 r99fer: 0.006 r99tot: 4.998
 Nb/Nf: 1.4606e+07 Eb/Ef: 1.63365e+07
mass_bos= 0.24426 mass_fer= 1.49518e-08
compactness= 0.0736316
compactness_boson= 0.0490481
E_binding= 0.211451
