mass= 0.368067numbos: 0.156594 numfer: 4.94823e-09 omega: 0.84438 r99bos: 4.992 r99fer: 0.006 r99tot: 5.004
 Nb/Nf: 3.16465e+07 Eb/Ef: 4.1757e+07
mass_bos= 0.244291 mass_fer= 5.8503e-09
compactness= 0.0735545
compactness_boson= 0.0489365
E_binding= 0.211472
