mass= 0.376822numbos: 0.16179 numfer: 3.07877e-08 omega: 0.839647 r99bos: 4.938 r99fer: 0.006 r99tot: 4.962
 Nb/Nf: 5.25501e+06 Eb/Ef: 6.55e+06
mass_bos= 0.248422 mass_fer= 3.79271e-08
compactness= 0.0759416
compactness_boson= 0.0503083
E_binding= 0.215032
