mass= 0.368813numbos: 0.157035 numfer: 1.01706e-08 omega: 0.843915 r99bos: 4.968 r99fer: 0.006 r99tot: 4.986
 Nb/Nf: 1.544e+07 Eb/Ef: 1.74956e+07
mass_bos= 0.244616 mass_fer= 1.39815e-08
compactness= 0.0739698
compactness_boson= 0.0492384
E_binding= 0.211778
