mass= 0.367321numbos: 0.156154 numfer: 2.47276e-09 omega: 0.844824 r99bos: 5.004 r99fer: 0.006 r99tot: 5.01
 Nb/Nf: 6.31495e+07 Eb/Ef: 9.04196e+07
mass_bos= 0.243955 mass_fer= 2.69803e-09
compactness= 0.0733175
compactness_boson= 0.0487519
E_binding= 0.211167
