mass= 0.380503numbos: 0.163982 numfer: 7.48111e-07 omega: 0.839926 r99bos: 4.986 r99fer: 0.036 r99tot: 5.01
 Nb/Nf: 219195 Eb/Ef: 274356
mass_bos= 0.250048 mass_fer= 9.11401e-07
compactness= 0.0759488
compactness_boson= 0.05015
E_binding= 0.21652
