mass= 0.376918numbos: 0.16185 numfer: 8.25158e-10 omega: 0.839608 r99bos: 4.95 r99fer: 0.006 r99tot: 4.974
 Nb/Nf: 1.96144e+08 Eb/Ef: 2.92242e+08
mass_bos= 0.248476 mass_fer= 8.50243e-10
compactness= 0.0757777
compactness_boson= 0.0501973
E_binding= 0.215069
