mass= 0.452015numbos: 0.210786 numfer: 0.000793463 omega: 0.770437 r99bos: 4.11 r99fer: 0.624 r99tot: 4.218
 Nb/Nf: 265.654 Eb/Ef: 336.02
mass_bos= 0.29196 mass_fer= 0.000868878
compactness= 0.107163
compactness_boson= 0.0710366
E_binding= 0.240436
