mass= 0.359359numbos: 0.151586 numfer: 3.43779e-07 omega: 0.856067 r99bos: 5.262 r99fer: 0.048 r99tot: 5.25
 Nb/Nf: 440940 Eb/Ef: 648307
mass_bos= 0.235695 mass_fer= 3.63555e-07
compactness= 0.0684493
compactness_boson= 0.0447919
E_binding= 0.207772
