mass= 0.458877numbos: 0.213249 numfer: 0.00666526 omega: 0.771258 r99bos: 4.188 r99fer: 1.08 r99tot: 4.284
 Nb/Nf: 31.994 Eb/Ef: 37.6721
mass_bos= 0.291548 mass_fer= 0.0077391
compactness= 0.107114
compactness_boson= 0.0696151
E_binding= 0.238964
