mass= 0.373863numbos: 0.16003 numfer: 4.67409e-09 omega: 0.840579 r99bos: 4.932 r99fer: 0.006 r99tot: 4.956
 Nb/Nf: 3.42378e+07 Eb/Ef: 4.50765e+07
mass_bos= 0.246973 mass_fer= 5.47896e-09
compactness= 0.0754364
compactness_boson= 0.0500756
E_binding= 0.213832
