mass= 0.369915numbos: 0.157691 numfer: 1.37345e-09 omega: 0.843228 r99bos: 4.986 r99fer: 0.006 r99tot: 4.998
 Nb/Nf: 1.14814e+08 Eb/Ef: 1.69876e+08
mass_bos= 0.245123 mass_fer= 1.44295e-09
compactness= 0.0740127
compactness_boson= 0.0491622
E_binding= 0.212224
