mass= 0.344564numbos: 0.142942 numfer: 1.2343e-05 omega: 0.85416 r99bos: 5.07 r99fer: 0.132 r99tot: 5.052
 Nb/Nf: 11580.7 Eb/Ef: 16104.1
mass_bos= 0.227961 mass_fer= 1.41555e-05
compactness= 0.0682035
compactness_boson= 0.0449627
E_binding= 0.20161
