mass= 0.36655numbos: 0.155698 numfer: 4.67409e-09 omega: 0.845288 r99bos: 5.004 r99fer: 0.006 r99tot: 5.016
 Nb/Nf: 3.33109e+07 Eb/Ef: 4.44608e+07
mass_bos= 0.243599 mass_fer= 5.47896e-09
compactness= 0.0730762
compactness_boson= 0.0486809
E_binding= 0.210852
