mass= 0.372327numbos: 0.159118 numfer: 7.23862e-08 omega: 0.841425 r99bos: 4.932 r99fer: 0.006 r99tot: 4.956
 Nb/Nf: 2.19818e+06 Eb/Ef: 2.40649e+06
mass_bos= 0.246217 mass_fer= 1.02314e-07
compactness= 0.0751266
compactness_boson= 0.0499224
E_binding= 0.213209
