mass= 0.369891numbos: 0.157676 numfer: 2.47276e-09 omega: 0.843238 r99bos: 4.98 r99fer: 0.006 r99tot: 4.992
 Nb/Nf: 6.37653e+07 Eb/Ef: 9.08474e+07
mass_bos= 0.245109 mass_fer= 2.69803e-09
compactness= 0.0740967
compactness_boson= 0.0492186
E_binding= 0.212214
