mass= 0.359443numbos: 0.151635 numfer: 1.54764e-05 omega: 0.856031 r99bos: 5.268 r99fer: 0.12 r99tot: 5.256
 Nb/Nf: 9797.8 Eb/Ef: 12298.9
mass_bos= 0.235733 mass_fer= 1.9167e-05
compactness= 0.0683872
compactness_boson= 0.0447482
E_binding= 0.207793
