mass= 1.16553numbos: 0.139599 numfer: 0.982473 omega: 0.6364 r99bos: 4.956 r99fer: 6.45 r99tot: 6.384
 Nb/Nf: 0.142089 Eb/Ef: 0.146575
mass_bos= 0.16225 mass_fer= 1.10695
compactness= 0.182571
compactness_boson= 0.0327381
E_binding= 0.0434626
