mass= 0.376301numbos: 0.16151 numfer: 2.64407e-07 omega: 0.849443 r99bos: 5.214 r99fer: 0.036 r99tot: 5.226
 Nb/Nf: 610837 Eb/Ef: 854017
mass_bos= 0.245827 mass_fer= 2.87848e-07
compactness= 0.0720055
compactness_boson= 0.0471476
E_binding= 0.214791
