mass= 0.363373numbos: 0.153932 numfer: 7.90937e-07 omega: 0.855221 r99bos: 5.274 r99fer: 0.06 r99tot: 5.268
 Nb/Nf: 194620 Eb/Ef: 278346
mass_bos= 0.237972 mass_fer= 8.5495e-07
compactness= 0.0689775
compactness_boson= 0.0451216
E_binding= 0.209441
