mass= 1.45859numbos: 0.0633184 numfer: 1.46914 omega: 0.572568 r99bos: 5.04 r99fer: 6.762 r99tot: 6.72
 Nb/Nf: 0.0430989 Eb/Ef: 0.0430996
mass_bos= 0.0726247 mass_fer= 1.68504
compactness= 0.217052
compactness_boson= 0.0144097
E_binding= -0.0738675
