mass= 0.381288numbos: 0.164449 numfer: 6.88197e-07 omega: 0.840481 r99bos: 5.004 r99fer: 0.03 r99tot: 5.028
 Nb/Nf: 238956 Eb/Ef: 271879
mass_bos= 0.250297 mass_fer= 9.20621e-07
compactness= 0.0758329
compactness_boson= 0.0500195
E_binding= 0.216838
