mass= 0.373705numbos: 0.159984 numfer: 8.22307e-07 omega: 0.851075 r99bos: 5.238 r99fer: 0.048 r99tot: 5.25
 Nb/Nf: 194555 Eb/Ef: 261031
mass_bos= 0.244161 mass_fer= 9.35375e-07
compactness= 0.071182
compactness_boson= 0.0466135
E_binding= 0.21372
