mass= 0.416056numbos: 0.181697 numfer: 0.0162897 omega: 0.779125 r99bos: 4.056 r99fer: 1.344 r99tot: 4.11
 Nb/Nf: 11.1541 Eb/Ef: 13.0708
mass_bos= 0.262979 mass_fer= 0.0201196
compactness= 0.10123
compactness_boson= 0.0648372
E_binding= 0.218069
