mass= 0.378205numbos: 0.162613 numfer: 2.03646e-08 omega: 0.839515 r99bos: 4.95 r99fer: 0.006 r99tot: 4.974
 Nb/Nf: 7.98509e+06 Eb/Ef: 1.05618e+07
mass_bos= 0.249073 mass_fer= 2.35825e-08
compactness= 0.0760364
compactness_boson= 0.0503177
E_binding= 0.215592
