mass= 0.367362numbos: 0.156179 numfer: 5.5101e-10 omega: 0.844807 r99bos: 5.01 r99fer: 0.006 r99tot: 5.016
 Nb/Nf: 2.83442e+08 Eb/Ef: 4.33974e+08
mass_bos= 0.243978 mass_fer= 5.62196e-10
compactness= 0.0732381
compactness_boson= 0.0486982
E_binding= 0.211183
