mass= 0.52616numbos: 0.248651 numfer: 0.0259412 omega: 0.776571 r99bos: 4.716 r99fer: 1.836 r99tot: 4.8
 Nb/Nf: 9.58519 Eb/Ef: 10.6198
mass_bos= 0.311655 mass_fer= 0.0293465
compactness= 0.109617
compactness_boson= 0.0660846
E_binding= 0.251568
