mass= 0.365645numbos: 0.155161 numfer: 1.34685e-08 omega: 0.845852 r99bos: 4.986 r99fer: 0.006 r99tot: 4.998
 Nb/Nf: 1.15203e+07 Eb/Ef: 1.20668e+07
mass_bos= 0.243166 mass_fer= 2.01516e-08
compactness= 0.0731582
compactness_boson= 0.0487698
E_binding= 0.210483
