mass= 0.381226numbos: 0.164417 numfer: 2.02277e-09 omega: 0.844696 r99bos: 5.136 r99fer: 0.006 r99tot: 5.154
 Nb/Nf: 8.12832e+07 Eb/Ef: 1.20988e+08
mass_bos= 0.249326 mass_fer= 2.06074e-09
compactness= 0.073967
compactness_boson= 0.0485447
E_binding= 0.216809
