mass= 0.365202numbos: 0.154911 numfer: 8.25158e-10 omega: 0.846315 r99bos: 5.028 r99fer: 0.006 r99tot: 5.034
 Nb/Nf: 1.87734e+08 Eb/Ef: 2.85793e+08
mass_bos= 0.242993 mass_fer= 8.50243e-10
compactness= 0.0725471
compactness_boson= 0.048328
E_binding= 0.210292
