mass= 1.52991numbos: 0 numfer: 1.65096 omega: 0.3203 r99bos: 5.034 r99fer: 5.916 r99tot: 5.88
 Nb/Nf: 0 Eb/Ef: 0
mass_bos= 0 mass_fer= 2.04148
compactness= 0.260188
compactness_boson= 0
E_binding= -0.12105
