mass= 0.367867numbos: 0.156472 numfer: 1.5393e-08 omega: 0.844463 r99bos: 4.962 r99fer: 0.006 r99tot: 4.98
 Nb/Nf: 1.01651e+07 Eb/Ef: 1.01225e+07
mass_bos= 0.244179 mass_fer= 2.41224e-08
compactness= 0.0738689
compactness_boson= 0.0492098
E_binding= 0.211395
