mass= 0.370712numbos: 0.158228 numfer: 9.25888e-06 omega: 0.852604 r99bos: 5.268 r99fer: 0.102 r99tot: 5.268
 Nb/Nf: 17089.4 Eb/Ef: 20792.5
mass_bos= 0.242301 mass_fer= 1.16533e-05
compactness= 0.0703705
compactness_boson= 0.0459949
E_binding= 0.212474
