mass= 0.375288numbos: 0.160875 numfer: 6.86358e-08 omega: 0.840029 r99bos: 4.92 r99fer: 0.006 r99tot: 4.95
 Nb/Nf: 2.3439e+06 Eb/Ef: 2.445e+06
mass_bos= 0.247671 mass_fer= 1.01297e-07
compactness= 0.0758157
compactness_boson= 0.0503395
E_binding= 0.214412
