mass= 0.484631numbos: 0.230075 numfer: 0.00636282 omega: 0.770213 r99bos: 4.326 r99fer: 1.122 r99tot: 4.44
 Nb/Nf: 36.1593 Eb/Ef: 42.2015
mass_bos= 0.304474 mass_fer= 0.00721475
compactness= 0.109151
compactness_boson= 0.0703823
E_binding= 0.248193
