mass= 0.364587numbos: 0.154557 numfer: 4.39722e-09 omega: 0.84705 r99bos: 5.04 r99fer: 0.006 r99tot: 5.046
 Nb/Nf: 3.51487e+07 Eb/Ef: 4.7505e+07
mass_bos= 0.24273 mass_fer= 5.10957e-09
compactness= 0.0722527
compactness_boson= 0.0481607
E_binding= 0.21003
