mass= 0.378237numbos: 0.162633 numfer: 1.26775e-08 omega: 0.839502 r99bos: 4.95 r99fer: 0.006 r99tot: 4.974
 Nb/Nf: 1.28285e+07 Eb/Ef: 1.76242e+07
mass_bos= 0.249091 mass_fer= 1.41335e-08
compactness= 0.0760429
compactness_boson= 0.0503214
E_binding= 0.215604
