mass= 0.367083numbos: 0.156008 numfer: 1.51189e-08 omega: 0.844922 r99bos: 4.968 r99fer: 0.006 r99tot: 4.986
 Nb/Nf: 1.03187e+07 Eb/Ef: 1.03577e+07
mass_bos= 0.243821 mass_fer= 2.35401e-08
compactness= 0.0736227
compactness_boson= 0.0490783
E_binding= 0.211075
