mass= 0.364887numbos: 0.154717 numfer: 1.75916e-08 omega: 0.846445 r99bos: 4.986 r99fer: 0.006 r99tot: 4.998
 Nb/Nf: 8.79495e+06 Eb/Ef: 8.37509e+06
mass_bos= 0.242817 mass_fer= 2.89927e-08
compactness= 0.0730067
compactness_boson= 0.0486997
E_binding= 0.21017
