mass= 0.365864numbos: 0.155296 numfer: 1.65032e-09 omega: 0.845762 r99bos: 5.016 r99fer: 0.006 r99tot: 5.028
 Nb/Nf: 9.41007e+07 Eb/Ef: 1.3897e+08
mass_bos= 0.243289 mass_fer= 1.75066e-09
compactness= 0.0727653
compactness_boson= 0.0485026
E_binding= 0.210568
