mass= 0.381777numbos: 0.164739 numfer: 3.29854e-07 omega: 0.841258 r99bos: 5.028 r99fer: 0.024 r99tot: 5.052
 Nb/Nf: 499430 Eb/Ef: 608673
mass_bos= 0.25036 mass_fer= 4.11321e-07
compactness= 0.0755694
compactness_boson= 0.0497932
E_binding= 0.217037
