mass= 1.56311numbos: 0 numfer: 1.69718 omega: 0.344302 r99bos: 5.046 r99fer: 6.132 r99tot: 6.108
 Nb/Nf: 0 Eb/Ef: 0
mass_bos= 0 mass_fer= 2.06256
compactness= 0.255911
compactness_boson= 0
E_binding= -0.134072
