mass= 0.373707numbos: 0.159986 numfer: 1.05207e-06 omega: 0.851074 r99bos: 5.238 r99fer: 0.054 r99tot: 5.25
 Nb/Nf: 152067 Eb/Ef: 203919
mass_bos= 0.244163 mass_fer= 1.19735e-06
compactness= 0.0711824
compactness_boson= 0.0466137
E_binding= 0.213721
