mass= 0.615204numbos: 0.315566 numfer: 0.000464232 omega: 0.81619 r99bos: 6.21 r99fer: 0.936 r99tot: 6.336
 Nb/Nf: 679.759 Eb/Ef: 757.522
mass_bos= 0.357546 mass_fer= 0.000471995
compactness= 0.0970965
compactness_boson= 0.0575759
E_binding= 0.299173
