mass= 0.381273numbos: 0.16444 numfer: 3.05531e-07 omega: 0.840487 r99bos: 5.004 r99fer: 0.024 r99tot: 5.028
 Nb/Nf: 538210 Eb/Ef: 671747
mass_bos= 0.25029 mass_fer= 3.72595e-07
compactness= 0.07583
compactness_boson= 0.0500179
E_binding= 0.216833
