mass= 0.379451numbos: 0.163356 numfer: 1.19356e-08 omega: 0.839607 r99bos: 4.968 r99fer: 0.006 r99tot: 4.992
 Nb/Nf: 1.36865e+07 Eb/Ef: 1.90233e+07
mass_bos= 0.249626 mass_fer= 1.31221e-08
compactness= 0.0760119
compactness_boson= 0.0502468
E_binding= 0.216095
