mass= 0.932044numbos: 0.166606 numfer: 0.655913 omega: 0.62798 r99bos: 4.074 r99fer: 5.61 r99tot: 5.514
 Nb/Nf: 0.254006 Eb/Ef: 0.276521
mass_bos= 0.208921 mass_fer= 0.755533
compactness= 0.169032
compactness_boson= 0.0512815
E_binding= 0.109525
