mass= 0.378208numbos: 0.162615 numfer: 1.61467e-08 omega: 0.839514 r99bos: 4.95 r99fer: 0.006 r99tot: 4.974
 Nb/Nf: 1.00711e+07 Eb/Ef: 1.38787e+07
mass_bos= 0.249074 mass_fer= 1.79465e-08
compactness= 0.076037
compactness_boson= 0.0503181
E_binding= 0.215593
