mass= 0.36424numbos: 0.154375 numfer: 1.15441e-08 omega: 0.848284 r99bos: 5.064 r99fer: 0.006 r99tot: 5.07
 Nb/Nf: 1.33727e+07 Eb/Ef: 1.47477e+07
mass_bos= 0.242656 mass_fer= 1.64538e-08
compactness= 0.0718423
compactness_boson= 0.0479178
E_binding= 0.209866
