mass= 0.380041numbos: 0.163715 numfer: 3.584e-06 omega: 0.846202 r99bos: 5.16 r99fer: 0.066 r99tot: 5.178
 Nb/Nf: 45679.4 Eb/Ef: 53499.7
mass_bos= 0.248406 mass_fer= 4.64312e-06
compactness= 0.0733953
compactness_boson= 0.0481406
E_binding= 0.216322
