mass= 0.482668numbos: 0.227804 numfer: 0.0089513 omega: 0.770578 r99bos: 4.326 r99fer: 1.23 r99tot: 4.434
 Nb/Nf: 25.4493 Eb/Ef: 29.4301
mass_bos= 0.301885 mass_fer= 0.0102577
compactness= 0.108856
compactness_boson= 0.0697838
E_binding= 0.245913
