mass= 0.363992numbos: 0.154223 numfer: 1.78658e-08 omega: 0.848387 r99bos: 5.028 r99fer: 0.006 r99tot: 5.04
 Nb/Nf: 8.63232e+06 Eb/Ef: 8.18622e+06
mass_bos= 0.242517 mass_fer= 2.9625e-08
compactness= 0.0722207
compactness_boson= 0.0482332
E_binding= 0.209769
