mass= 0.381762numbos: 0.164732 numfer: 1.26394e-06 omega: 0.843393 r99bos: 5.088 r99fer: 0.042 r99tot: 5.112
 Nb/Nf: 130332 Eb/Ef: 153742
mass_bos= 0.249878 mass_fer= 1.62531e-06
compactness= 0.0746796
compactness_boson= 0.0491113
E_binding= 0.217029
