mass= 0.345213numbos: 0.143273 numfer: 0.000569288 omega: 0.830512 r99bos: 4.488 r99fer: 0.402 r99tot: 4.488
 Nb/Nf: 251.671 Eb/Ef: 320.903
mass_bos= 0.230425 mass_fer= 0.000718051
compactness= 0.0769192
compactness_boson= 0.0513424
E_binding= 0.201371
