mass= 1.27321numbos: 0.115221 numfer: 1.15412 omega: 0.604405 r99bos: 4.872 r99fer: 6.528 r99tot: 6.468
 Nb/Nf: 0.0998343 Eb/Ef: 0.102005
mass_bos= 0.134019 mass_fer= 1.31385
compactness= 0.196848
compactness_boson= 0.0275079
E_binding= 0.00387154
