mass= 1.34498numbos: 0.0893008 numfer: 1.28368 omega: 0.539746 r99bos: 4.356 r99fer: 6.198 r99tot: 6.144
 Nb/Nf: 0.0695661 Eb/Ef: 0.0707079
mass_bos= 0.106783 mass_fer= 1.51019
compactness= 0.218909
compactness_boson= 0.0245139
E_binding= -0.0280047
