mass= 0.381103numbos: 0.164342 numfer: 2.75181e-07 omega: 0.844742 r99bos: 5.118 r99fer: 0.03 r99tot: 5.142
 Nb/Nf: 597213 Eb/Ef: 801655
mass_bos= 0.249257 mass_fer= 3.10928e-07
compactness= 0.0741158
compactness_boson= 0.048702
E_binding= 0.216761
