mass= 0.452842numbos: 0.211528 numfer: 7.35554e-06 omega: 0.769772 r99bos: 4.104 r99fer: 0.228 r99tot: 4.212
 Nb/Nf: 28757.6 Eb/Ef: 39162.9
mass_bos= 0.292959 mass_fer= 7.48054e-06
compactness= 0.107512
compactness_boson= 0.0713839
E_binding= 0.241307
