mass= 0.364438numbos: 0.154466 numfer: 1.31944e-08 omega: 0.84711 r99bos: 5.016 r99fer: 0.006 r99tot: 5.028
 Nb/Nf: 1.17069e+07 Eb/Ef: 1.23748e+07
mass_bos= 0.242647 mass_fer= 1.96082e-08
compactness= 0.0724818
compactness_boson= 0.0483746
E_binding= 0.209972
