mass= 0.376849numbos: 0.161807 numfer: 2.19141e-08 omega: 0.839636 r99bos: 4.938 r99fer: 0.006 r99tot: 4.962
 Nb/Nf: 7.38368e+06 Eb/Ef: 9.59881e+06
mass_bos= 0.248437 mass_fer= 2.58821e-08
compactness= 0.075947
compactness_boson= 0.0503113
E_binding= 0.215042
