mass= 0.381982numbos: 0.164862 numfer: 1.40145e-06 omega: 0.84222 r99bos: 5.058 r99fer: 0.042 r99tot: 5.082
 Nb/Nf: 117637 Eb/Ef: 134545
mass_bos= 0.250245 mass_fer= 1.85993e-06
compactness= 0.0751638
compactness_boson= 0.0494752
E_binding= 0.217119
