mass= 0.380028numbos: 0.163707 numfer: 2.62928e-06 omega: 0.846208 r99bos: 5.16 r99fer: 0.06 r99tot: 5.172
 Nb/Nf: 62262.9 Eb/Ef: 74532.4
mass_bos= 0.248399 mass_fer= 3.33276e-06
compactness= 0.0734779
compactness_boson= 0.0481393
E_binding= 0.216318
