mass= 0.378553numbos: 0.16284 numfer: 1.39848e-09 omega: 0.847748 r99bos: 5.208 r99fer: 0.006 r99tot: 5.22
 Nb/Nf: 1.1644e+08 Eb/Ef: 1.74642e+08
mass_bos= 0.247324 mass_fer= 1.41618e-09
compactness= 0.0725197
compactness_boson= 0.0474893
E_binding= 0.215713
