mass= 0.726755numbos: 0.205141 numfer: 0.349929 omega: 0.717187 r99bos: 4.608 r99fer: 4.836 r99tot: 4.806
 Nb/Nf: 0.586237 Eb/Ef: 0.633342
mass_bos= 0.249549 mass_fer= 0.394019
compactness= 0.151218
compactness_boson= 0.0541556
E_binding= 0.171685
