mass= 1.21807numbos: 0.125737 numfer: 1.06919 omega: 0.661939 r99bos: 5.514 r99fer: 6.882 r99tot: 6.828
 Nb/Nf: 0.1176 Eb/Ef: 0.119924
mass_bos= 0.14223 mass_fer= 1.186
compactness= 0.178393
compactness_boson= 0.0257943
E_binding= 0.0231386
