mass= 0.364912numbos: 0.154733 numfer: 1.40195e-08 omega: 0.846435 r99bos: 4.986 r99fer: 0.006 r99tot: 5.004
 Nb/Nf: 1.10369e+07 Eb/Ef: 1.14216e+07
mass_bos= 0.242831 mass_fer= 2.12606e-08
compactness= 0.0729241
compactness_boson= 0.0487025
E_binding= 0.21018
