mass= 0.373841numbos: 0.160017 numfer: 5.42873e-08 omega: 0.840588 r99bos: 4.932 r99fer: 0.006 r99tot: 4.956
 Nb/Nf: 2.9476e+06 Eb/Ef: 3.19323e+06
mass_bos= 0.246961 mass_fer= 7.73389e-08
compactness= 0.0754321
compactness_boson= 0.0500731
E_binding= 0.213824
