mass= 0.366466numbos: 0.155647 numfer: 1.09958e-08 omega: 0.845323 r99bos: 4.992 r99fer: 0.006 r99tot: 5.004
 Nb/Nf: 1.41551e+07 Eb/Ef: 1.57637e+07
mass_bos= 0.243552 mass_fer= 1.54502e-08
compactness= 0.0732346
compactness_boson= 0.0487885
E_binding= 0.210819
