mass= 0.369888numbos: 0.157675 numfer: 2.74962e-09 omega: 0.843239 r99bos: 4.98 r99fer: 0.006 r99tot: 4.992
 Nb/Nf: 5.73442e+07 Eb/Ef: 8.09427e+07
mass_bos= 0.245107 mass_fer= 3.02816e-09
compactness= 0.0740962
compactness_boson= 0.0492184
E_binding= 0.212213
