mass= 0.373706numbos: 0.159985 numfer: 1.32828e-06 omega: 0.851074 r99bos: 5.238 r99fer: 0.054 r99tot: 5.25
 Nb/Nf: 120445 Eb/Ef: 157979
mass_bos= 0.244162 mass_fer= 1.54554e-06
compactness= 0.0711822
compactness_boson= 0.0466136
E_binding= 0.21372
