mass= 0.372369numbos: 0.159144 numfer: 5.75883e-08 omega: 0.841408 r99bos: 4.938 r99fer: 0.006 r99tot: 4.962
 Nb/Nf: 2.76347e+06 Eb/Ef: 3.2289e+06
mass_bos= 0.246241 mass_fer= 7.62615e-08
compactness= 0.0750441
compactness_boson= 0.0498665
E_binding= 0.213225
