mass= 0.35155numbos: 0.147022 numfer: 5.52684e-05 omega: 0.856301 r99bos: 5.208 r99fer: 0.174 r99tot: 5.19
 Nb/Nf: 2660.15 Eb/Ef: 3258.08
mass_bos= 0.231424 mass_fer= 7.10306e-05
compactness= 0.067736
compactness_boson= 0.0444362
E_binding= 0.204473
