mass= 0.381764numbos: 0.164733 numfer: 5.46361e-09 omega: 0.843395 r99bos: 5.088 r99fer: 0.006 r99tot: 5.112
 Nb/Nf: 3.0151e+07 Eb/Ef: 4.38863e+07
mass_bos= 0.24988 mass_fer= 5.6938e-09
compactness= 0.07468
compactness_boson= 0.0491116
E_binding= 0.217031
