mass= 0.637625numbos: 0.250798 numfer: 0.162207 omega: 0.847148 r99bos: 7.536 r99fer: 4.608 r99tot: 7.356
 Nb/Nf: 1.54617 Eb/Ef: 1.59512
mass_bos= 0.273049 mass_fer= 0.171178
compactness= 0.086681
compactness_boson= 0.0362327
E_binding= 0.22462
