mass= 0.501824numbos: 0.195512 numfer: 0.0994215 omega: 0.747306 r99bos: 4.05 r99fer: 2.862 r99tot: 4.014
 Nb/Nf: 1.9665 Eb/Ef: 2.24514
mass_bos= 0.263623 mass_fer= 0.11742
compactness= 0.125019
compactness_boson= 0.0650921
E_binding= 0.206891
