mass= 0.361058numbos: 0.153039 numfer: 1.85981e-05 omega: 0.810976 r99bos: 4.182 r99fer: 0.204 r99tot: 4.218
 Nb/Nf: 8228.76 Eb/Ef: 12196.6
mass_bos= 0.24122 mass_fer= 1.97776e-05
compactness= 0.0855993
compactness_boson= 0.0576804
E_binding= 0.208
