mass= 0.365552numbos: 0.155104 numfer: 1.5393e-08 omega: 0.845891 r99bos: 4.974 r99fer: 0.006 r99tot: 4.992
 Nb/Nf: 1.00763e+07 Eb/Ef: 1.00784e+07
mass_bos= 0.243114 mass_fer= 2.41224e-08
compactness= 0.0732276
compactness_boson= 0.048877
E_binding= 0.210448
