mass= 1.46366numbos: 0.00349762 numfer: 1.55386 omega: 0.425566 r99bos: 3.762 r99fer: 5.592 r99tot: 5.55
 Nb/Nf: 0.00225092 Eb/Ef: 0.00219749
mass_bos= 0.00434065 mass_fer= 1.97527
compactness= 0.263722
compactness_boson= 0.00115381
E_binding= -0.0937032
