mass= 0.373879numbos: 0.160041 numfer: 3.98969e-08 omega: 0.840572 r99bos: 4.938 r99fer: 0.006 r99tot: 4.956
 Nb/Nf: 4.01135e+06 Eb/Ef: 4.59397e+06
mass_bos= 0.246982 mass_fer= 5.37622e-08
compactness= 0.0754397
compactness_boson= 0.0500166
E_binding= 0.213838
