mass= 0.365153numbos: 0.15488 numfer: 5.49653e-09 omega: 0.846335 r99bos: 5.022 r99fer: 0.006 r99tot: 5.028
 Nb/Nf: 2.81778e+07 Eb/Ef: 3.67596e+07
mass_bos= 0.242966 mass_fer= 6.60958e-09
compactness= 0.0726239
compactness_boson= 0.0483802
E_binding= 0.210273
