mass= 0.367171numbos: 0.156154 numfer: 7.08613e-07 omega: 0.854047 r99bos: 5.274 r99fer: 0.054 r99tot: 5.274
 Nb/Nf: 220365 Eb/Ef: 309774
mass_bos= 0.240185 mass_fer= 7.75357e-07
compactness= 0.0696191
compactness_boson= 0.0455414
E_binding= 0.211017
