mass= 0.364458numbos: 0.154478 numfer: 1.26434e-08 omega: 0.847102 r99bos: 5.022 r99fer: 0.006 r99tot: 5.034
 Nb/Nf: 1.22181e+07 Eb/Ef: 1.30935e+07
mass_bos= 0.242658 mass_fer= 1.85327e-08
compactness= 0.0723993
compactness_boson= 0.048319
E_binding= 0.20998
