mass= 0.364245numbos: 0.154377 numfer: 1.12699e-08 omega: 0.848283 r99bos: 5.064 r99fer: 0.006 r99tot: 5.07
 Nb/Nf: 1.36982e+07 Eb/Ef: 1.52145e+07
mass_bos= 0.242658 mass_fer= 1.59492e-08
compactness= 0.0718431
compactness_boson= 0.0479183
E_binding= 0.209867
