mass= 0.379434numbos: 0.163345 numfer: 1.45465e-08 omega: 0.839614 r99bos: 4.962 r99fer: 0.006 r99tot: 4.986
 Nb/Nf: 1.12291e+07 Eb/Ef: 1.53919e+07
mass_bos= 0.249617 mass_fer= 1.62174e-08
compactness= 0.0760999
compactness_boson= 0.0503056
E_binding= 0.216089
