mass= 1.18928numbos: 0.131816 numfer: 1.02383 omega: 0.597195 r99bos: 4.518 r99fer: 6.222 r99tot: 6.156
 Nb/Nf: 0.128748 Eb/Ef: 0.133517
mass_bos= 0.157011 mass_fer= 1.17597
compactness= 0.193191
compactness_boson= 0.0347523
E_binding= 0.0336369
