mass= 0.381269numbos: 0.164437 numfer: 1.46787e-07 omega: 0.840489 r99bos: 5.004 r99fer: 0.018 r99tot: 5.028
 Nb/Nf: 1.12024e+06 Eb/Ef: 1.41664e+06
mass_bos= 0.250287 mass_fer= 1.76677e-07
compactness= 0.0758292
compactness_boson= 0.0500174
E_binding= 0.216832
