mass= 0.340482numbos: 0.140545 numfer: 4.77324e-07 omega: 0.840681 r99bos: 4.668 r99fer: 0.072 r99tot: 4.656
 Nb/Nf: 294445 Eb/Ef: 462984
mass_bos= 0.227243 mass_fer= 4.90822e-07
compactness= 0.0731276
compactness_boson= 0.048681
E_binding= 0.199936
