mass= 0.368104numbos: 0.156617 numfer: 2.47276e-09 omega: 0.844365 r99bos: 4.998 r99fer: 0.006 r99tot: 5.01
 Nb/Nf: 6.33371e+07 Eb/Ef: 9.0552e+07
mass_bos= 0.244312 mass_fer= 2.69803e-09
compactness= 0.0734738
compactness_boson= 0.0488819
E_binding= 0.211487
