mass= 0.376932numbos: 0.161858 numfer: 1.10798e-06 omega: 0.839602 r99bos: 4.95 r99fer: 0.048 r99tot: 4.974
 Nb/Nf: 146085 Eb/Ef: 196173
mass_bos= 0.248484 mass_fer= 1.26665e-06
compactness= 0.0757805
compactness_boson= 0.0501988
E_binding= 0.215073
