mass= 0.44071numbos: 0.20366 numfer: 3.60849e-07 omega: 0.771875 r99bos: 4.068 r99fer: 0.12 r99tot: 4.17
 Nb/Nf: 564392 Eb/Ef: 789890
mass_bos= 0.286644 mass_fer= 3.62891e-07
compactness= 0.105686
compactness_boson= 0.0704631
E_binding= 0.237049
