mass= 1.47245numbos: 0.000895245 numfer: 1.56933 omega: 0.426017 r99bos: 3.78 r99fer: 5.604 r99tot: 5.568
 Nb/Nf: 0.000570463 Eb/Ef: 0.000556054
mass_bos= 0.00110812 mass_fer= 1.99282
compactness= 0.264449
compactness_boson= 0.000293153
E_binding= -0.0977754
