mass= 0.359486numbos: 0.15166 numfer: 2.38826e-05 omega: 0.856016 r99bos: 5.268 r99fer: 0.138 r99tot: 5.262
 Nb/Nf: 6350.22 Eb/Ef: 7788.61
mass_bos= 0.235752 mass_fer= 3.02688e-05
compactness= 0.0683173
compactness_boson= 0.0447517
E_binding= 0.207802
