mass= 0.371101numbos: 0.158394 numfer: 1.09931e-09 omega: 0.842359 r99bos: 4.968 r99fer: 0.006 r99tot: 4.986
 Nb/Nf: 1.44086e+08 Eb/Ef: 2.14766e+08
mass_bos= 0.245655 mass_fer= 1.14383e-09
compactness= 0.0744285
compactness_boson= 0.0494476
E_binding= 0.212706
