mass= 0.370642numbos: 0.158187 numfer: 1.83244e-07 omega: 0.852638 r99bos: 5.262 r99fer: 0.036 r99tot: 5.262
 Nb/Nf: 863256 Eb/Ef: 1.2458e+06
mass_bos= 0.242266 mass_fer= 1.94466e-07
compactness= 0.0704374
compactness_boson= 0.0460408
E_binding= 0.212455
