mass= 0.380488numbos: 0.163973 numfer: 1.02618e-08 omega: 0.839933 r99bos: 4.986 r99fer: 0.006 r99tot: 5.01
 Nb/Nf: 1.59789e+07 Eb/Ef: 2.24991e+07
mass_bos= 0.250039 mass_fer= 1.11133e-08
compactness= 0.0759456
compactness_boson= 0.0501483
E_binding= 0.216515
