mass= 0.395666numbos: 0.174711 numfer: 8.64119e-05 omega: 0.787445 r99bos: 4.008 r99fer: 0.324 r99tot: 4.086
 Nb/Nf: 2021.84 Eb/Ef: 2821.86
mass_bos= 0.261799 mass_fer= 9.27753e-05
compactness= 0.0968346
compactness_boson= 0.0653191
E_binding= 0.220869
