mass= 0.372311numbos: 0.159108 numfer: 9.61961e-09 omega: 0.841432 r99bos: 4.932 r99fer: 0.006 r99tot: 4.956
 Nb/Nf: 1.65399e+07 Eb/Ef: 1.88972e+07
mass_bos= 0.246208 mass_fer= 1.30288e-08
compactness= 0.0751233
compactness_boson= 0.0499205
E_binding= 0.213203
