mass= 0.42118numbos: 0.188451 numfer: 0.00786878 omega: 0.778684 r99bos: 4.074 r99fer: 1.056 r99tot: 4.146
 Nb/Nf: 23.9493 Eb/Ef: 28.4081
mass_bos= 0.270899 mass_fer= 0.009536
compactness= 0.101587
compactness_boson= 0.0664947
E_binding= 0.224859
