mass= 0.370927numbos: 0.158287 numfer: 1.09958e-08 omega: 0.84243 r99bos: 4.944 r99fer: 0.006 r99tot: 4.968
 Nb/Nf: 1.43952e+07 Eb/Ef: 1.58935e+07
mass_bos= 0.245558 mass_fer= 1.54502e-08
compactness= 0.0746632
compactness_boson= 0.0496678
E_binding= 0.21264
