mass= 0.381975numbos: 0.164858 numfer: 2.47102e-08 omega: 0.842225 r99bos: 5.058 r99fer: 0.012 r99tot: 5.082
 Nb/Nf: 6.67164e+06 Eb/Ef: 9.41045e+06
mass_bos= 0.250242 mass_fer= 2.65919e-08
compactness= 0.0751623
compactness_boson= 0.0494744
E_binding= 0.217117
