mass= 0.378605numbos: 0.162871 numfer: 8.84505e-10 omega: 0.847729 r99bos: 5.214 r99fer: 0.006 r99tot: 5.226
 Nb/Nf: 1.84138e+08 Eb/Ef: 2.77722e+08
mass_bos= 0.247353 mass_fer= 8.90651e-10
compactness= 0.0724464
compactness_boson= 0.0474402
E_binding= 0.215733
