mass= 0.378424numbos: 0.162761 numfer: 1.81753e-06 omega: 0.847795 r99bos: 5.19 r99fer: 0.06 r99tot: 5.202
 Nb/Nf: 89550.4 Eb/Ef: 114110
mass_bos= 0.247251 mass_fer= 2.16677e-06
compactness= 0.0727459
compactness_boson= 0.04764
E_binding= 0.215661
