mass= 0.370986numbos: 0.158324 numfer: 6.59584e-09 omega: 0.842405 r99bos: 4.956 r99fer: 0.006 r99tot: 4.974
 Nb/Nf: 2.40036e+07 Eb/Ef: 2.99552e+07
mass_bos= 0.245591 mass_fer= 8.19862e-09
compactness= 0.0745851
compactness_boson= 0.0495544
E_binding= 0.212663
