mass= 0.770569numbos: 0.184162 numfer: 0.436112 omega: 0.672416 r99bos: 4.092 r99fer: 5.076 r99tot: 4.968
 Nb/Nf: 0.422281 Eb/Ef: 0.467791
mass_bos= 0.233811 mass_fer= 0.499818
compactness= 0.155106
compactness_boson= 0.0571385
E_binding= 0.150295
