mass= 0.378427numbos: 0.162763 numfer: 3.41364e-08 omega: 0.847796 r99bos: 5.19 r99fer: 0.018 r99tot: 5.202
 Nb/Nf: 4.76802e+06 Eb/Ef: 6.88692e+06
mass_bos= 0.247254 mass_fer= 3.5902e-08
compactness= 0.0727465
compactness_boson= 0.0476404
E_binding= 0.215664
