mass= 0.363398numbos: 0.153946 numfer: 5.235e-06 omega: 0.855209 r99bos: 5.274 r99fer: 0.09 r99tot: 5.268
 Nb/Nf: 29407.2 Eb/Ef: 38491.3
mass_bos= 0.237983 mass_fer= 6.18278e-06
compactness= 0.0689822
compactness_boson= 0.0451238
E_binding= 0.209447
