mass= 0.379478numbos: 0.163373 numfer: 5.99148e-09 omega: 0.839596 r99bos: 4.968 r99fer: 0.006 r99tot: 4.992
 Nb/Nf: 2.72675e+07 Eb/Ef: 4.00135e+07
mass_bos= 0.249641 mass_fer= 6.23893e-09
compactness= 0.0760173
compactness_boson= 0.0502499
E_binding= 0.216106
