mass= 0.368675numbos: 0.15695 numfer: 1.64923e-08 omega: 0.843972 r99bos: 4.95 r99fer: 0.006 r99tot: 4.974
 Nb/Nf: 9.51654e+06 Eb/Ef: 9.22333e+06
mass_bos= 0.244539 mass_fer= 2.6513e-08
compactness= 0.0741205
compactness_boson= 0.0494017
E_binding= 0.211725
