mass= 0.381118numbos: 0.164351 numfer: 1.07978e-06 omega: 0.844736 r99bos: 5.124 r99fer: 0.042 r99tot: 5.142
 Nb/Nf: 152208 Eb/Ef: 185778
mass_bos= 0.249265 mass_fer= 1.34174e-06
compactness= 0.0741185
compactness_boson= 0.0486465
E_binding= 0.216766
