mass= 0.381953numbos: 0.164844 numfer: 2.08145e-07 omega: 0.842234 r99bos: 5.058 r99fer: 0.024 r99tot: 5.082
 Nb/Nf: 791968 Eb/Ef: 1.04504e+06
mass_bos= 0.250229 mass_fer= 2.39445e-07
compactness= 0.0751579
compactness_boson= 0.049472
E_binding= 0.217108
