mass= 0.364397numbos: 0.154441 numfer: 1.42937e-08 omega: 0.847127 r99bos: 5.01 r99fer: 0.006 r99tot: 5.022
 Nb/Nf: 1.08048e+07 Eb/Ef: 1.11189e+07
mass_bos= 0.242624 mass_fer= 2.18208e-08
compactness= 0.0725602
compactness_boson= 0.0484279
E_binding= 0.209956
