mass= 0.378247numbos: 0.162639 numfer: 1.37345e-09 omega: 0.839498 r99bos: 4.956 r99fer: 0.006 r99tot: 4.98
 Nb/Nf: 1.18416e+08 Eb/Ef: 1.7263e+08
mass_bos= 0.249096 mass_fer= 1.44295e-09
compactness= 0.0759531
compactness_boson= 0.0502615
E_binding= 0.215607
