mass= 0.370645numbos: 0.158189 numfer: 7.39053e-07 omega: 0.852636 r99bos: 5.262 r99fer: 0.054 r99tot: 5.268
 Nb/Nf: 214043 Eb/Ef: 298882
mass_bos= 0.242268 mass_fer= 8.10581e-07
compactness= 0.0703579
compactness_boson= 0.0460411
E_binding= 0.212456
