mass= 0.479503numbos: 0.223667 numfer: 0.0140708 omega: 0.770755 r99bos: 4.314 r99fer: 1.398 r99tot: 4.41
 Nb/Nf: 15.8958 Eb/Ef: 18.1887
mass_bos= 0.297227 mass_fer= 0.0163413
compactness= 0.108731
compactness_boson= 0.0688982
E_binding= 0.241765
