mass= 0.36512numbos: 0.15486 numfer: 8.5203e-09 omega: 0.846349 r99bos: 5.016 r99fer: 0.006 r99tot: 5.028
 Nb/Nf: 1.81754e+07 Eb/Ef: 2.17017e+07
mass_bos= 0.242947 mass_fer= 1.11948e-08
compactness= 0.0726173
compactness_boson= 0.0484344
E_binding= 0.21026
