mass= 0.373705numbos: 0.159984 numfer: 5.64914e-07 omega: 0.851076 r99bos: 5.238 r99fer: 0.048 r99tot: 5.25
 Nb/Nf: 283201 Eb/Ef: 394416
mass_bos= 0.244161 mass_fer= 6.19044e-07
compactness= 0.0711819
compactness_boson= 0.0466135
E_binding= 0.21372
