mass= 0.378274numbos: 0.162656 numfer: 9.56544e-07 omega: 0.839486 r99bos: 4.956 r99fer: 0.042 r99tot: 4.98
 Nb/Nf: 170046 Eb/Ef: 220106
mass_bos= 0.249111 mass_fer= 1.13178e-06
compactness= 0.0759587
compactness_boson= 0.0502646
E_binding= 0.215617
