mass= 0.373913numbos: 0.160061 numfer: 2.47276e-09 omega: 0.840559 r99bos: 4.938 r99fer: 0.006 r99tot: 4.962
 Nb/Nf: 6.47299e+07 Eb/Ef: 9.15486e+07
mass_bos= 0.247001 mass_fer= 2.69803e-09
compactness= 0.0753552
compactness_boson= 0.0500204
E_binding= 0.213851
