mass= 0.398781numbos: 0.174221 numfer: 0.0076595 omega: 0.786991 r99bos: 4.068 r99fer: 1.008 r99tot: 4.122
 Nb/Nf: 22.7457 Eb/Ef: 27.152
mass_bos= 0.258523 mass_fer= 0.00952131
compactness= 0.0967446
compactness_boson= 0.0635503
E_binding= 0.216901
