mass= 0.365879numbos: 0.155305 numfer: 8.25158e-10 omega: 0.845756 r99bos: 5.022 r99fer: 0.006 r99tot: 5.028
 Nb/Nf: 1.88212e+08 Eb/Ef: 2.86151e+08
mass_bos= 0.243297 mass_fer= 8.50243e-10
compactness= 0.0727683
compactness_boson= 0.0484463
E_binding= 0.210574
