mass= 0.369622numbos: 0.157511 numfer: 1.67665e-08 omega: 0.843349 r99bos: 4.944 r99fer: 0.006 r99tot: 4.962
 Nb/Nf: 9.39441e+06 Eb/Ef: 9.03134e+06
mass_bos= 0.244958 mass_fer= 2.71231e-08
compactness= 0.0744906
compactness_boson= 0.0495465
E_binding= 0.212111
