mass= 1.43485numbos: 0.0553305 numfer: 1.44893 omega: 0.503943 r99bos: 4.272 r99fer: 6.126 r99tot: 6.078
 Nb/Nf: 0.0381873 Eb/Ef: 0.0381752
mass_bos= 0.0662506 mass_fer= 1.73544
compactness= 0.236073
compactness_boson= 0.0155081
E_binding= -0.0694069
