mass= 0.376368numbos: 0.16155 numfer: 7.52804e-06 omega: 0.849409 r99bos: 5.22 r99fer: 0.09 r99tot: 5.232
 Nb/Nf: 21459.8 Eb/Ef: 25252.9
mass_bos= 0.245862 mass_fer= 9.73596e-06
compactness= 0.0719357
compactness_boson= 0.0470999
E_binding= 0.21481
