mass= 0.342213numbos: 0.141558 numfer: 5.67372e-05 omega: 0.851957 r99bos: 4.992 r99fer: 0.192 r99tot: 4.968
 Nb/Nf: 2494.98 Eb/Ef: 3284.57
mass_bos= 0.22692 mass_fer= 6.90866e-05
compactness= 0.0688834
compactness_boson= 0.0454567
E_binding= 0.200598
