mass= 0.378202numbos: 0.162612 numfer: 2.26711e-07 omega: 0.839516 r99bos: 4.95 r99fer: 0.018 r99tot: 4.974
 Nb/Nf: 717263 Eb/Ef: 888991
mass_bos= 0.249071 mass_fer= 2.80173e-07
compactness= 0.0760358
compactness_boson= 0.0503174
E_binding= 0.21559
