mass= 0.351576numbos: 0.147037 numfer: 6.35795e-05 omega: 0.856297 r99bos: 5.208 r99fer: 0.18 r99tot: 5.19
 Nb/Nf: 2312.64 Eb/Ef: 2807.83
mass_bos= 0.231432 mass_fer= 8.24237e-05
compactness= 0.0677411
compactness_boson= 0.0444377
E_binding= 0.204476
