mass= 0.373782numbos: 0.16003 numfer: 1.05006e-05 omega: 0.851037 r99bos: 5.25 r99fer: 0.096 r99tot: 5.256
 Nb/Nf: 15240.1 Eb/Ef: 17720.5
mass_bos= 0.244199 mass_fer= 1.37806e-05
compactness= 0.0711152
compactness_boson= 0.0465141
E_binding= 0.213741
