mass= 0.363382numbos: 0.153937 numfer: 1.25026e-07 omega: 0.855218 r99bos: 5.274 r99fer: 0.036 r99tot: 5.268
 Nb/Nf: 1.23124e+06 Eb/Ef: 1.827e+06
mass_bos= 0.237977 mass_fer= 1.30255e-07
compactness= 0.0689792
compactness_boson= 0.0451226
E_binding= 0.209445
