mass= 0.347809numbos: 0.144838 numfer: 3.5935e-05 omega: 0.855582 r99bos: 5.148 r99fer: 0.168 r99tot: 5.13
 Nb/Nf: 4030.56 Eb/Ef: 5202.73
mass_bos= 0.229518 mass_fer= 4.41149e-05
compactness= 0.067799
compactness_boson= 0.0445838
E_binding= 0.202935
