mass= 0.367348numbos: 0.15617 numfer: 8.25158e-10 omega: 0.844813 r99bos: 5.004 r99fer: 0.006 r99tot: 5.016
 Nb/Nf: 1.89261e+08 Eb/Ef: 2.86941e+08
mass_bos= 0.24397 mass_fer= 8.50243e-10
compactness= 0.0732352
compactness_boson= 0.048755
E_binding= 0.211178
