mass= 0.381309numbos: 0.164462 numfer: 6.63231e-09 omega: 0.840473 r99bos: 5.01 r99fer: 0.006 r99tot: 5.034
 Nb/Nf: 2.47971e+07 Eb/Ef: 3.57204e+07
mass_bos= 0.25031 mass_fer= 7.00746e-09
compactness= 0.0757467
compactness_boson= 0.049962
E_binding= 0.216847
