mass= 0.473529numbos: 0.209017 numfer: 0.0376835 omega: 0.766764 r99bos: 4.218 r99fer: 1.92 r99tot: 4.272
 Nb/Nf: 5.54665 Eb/Ef: 6.28388
mass_bos= 0.28105 mass_fer= 0.0447255
compactness= 0.110845
compactness_boson= 0.0666311
E_binding= 0.226829
