mass= 0.373731numbos: 0.16 numfer: 3.82207e-06 omega: 0.851062 r99bos: 5.244 r99fer: 0.072 r99tot: 5.25
 Nb/Nf: 41862.1 Eb/Ef: 51874
mass_bos= 0.244175 mass_fer= 4.70707e-06
compactness= 0.0711869
compactness_boson= 0.0465627
E_binding= 0.213728
