mass= 0.381748numbos: 0.164723 numfer: 3.21244e-07 omega: 0.843401 r99bos: 5.088 r99fer: 0.03 r99tot: 5.112
 Nb/Nf: 512766 Eb/Ef: 674442
mass_bos= 0.24987 mass_fer= 3.70485e-07
compactness= 0.0746768
compactness_boson= 0.0491098
E_binding= 0.217024
