mass= 0.370759numbos: 0.158183 numfer: 1.84168e-08 omega: 0.842501 r99bos: 4.926 r99fer: 0.006 r99tot: 4.95
 Nb/Nf: 8.58909e+06 Eb/Ef: 7.94057e+06
mass_bos= 0.245463 mass_fer= 3.09125e-08
compactness= 0.0749007
compactness_boson= 0.0498301
E_binding= 0.212575
