mass= 0.370935numbos: 0.158292 numfer: 1.01706e-08 omega: 0.842427 r99bos: 4.95 r99fer: 0.006 r99tot: 4.968
 Nb/Nf: 1.55637e+07 Eb/Ef: 1.75633e+07
mass_bos= 0.245562 mass_fer= 1.39815e-08
compactness= 0.0746648
compactness_boson= 0.0496085
E_binding= 0.212643
