mass= 0.380464numbos: 0.163958 numfer: 1.44145e-07 omega: 0.839942 r99bos: 4.98 r99fer: 0.018 r99tot: 5.004
 Nb/Nf: 1.13745e+06 Eb/Ef: 1.4726e+06
mass_bos= 0.250026 mass_fer= 1.69785e-07
compactness= 0.076032
compactness_boson= 0.0502061
E_binding= 0.216506
