mass= 1.32516numbos: 0.0988291 numfer: 1.24447 omega: 0.563833 r99bos: 4.548 r99fer: 6.336 r99tot: 6.282
 Nb/Nf: 0.0794146 Eb/Ef: 0.0808715
mass_bos= 0.116836 mass_fer= 1.44472
compactness= 0.210945
compactness_boson= 0.0256896
E_binding= -0.0181427
