mass= 0.367239numbos: 0.156103 numfer: 8.5203e-09 omega: 0.844857 r99bos: 4.992 r99fer: 0.006 r99tot: 5.004
 Nb/Nf: 1.83213e+07 Eb/Ef: 2.17876e+07
mass_bos= 0.243909 mass_fer= 1.11948e-08
compactness= 0.073389
compactness_boson= 0.0488599
E_binding= 0.211135
