mass= 0.348452numbos: 0.145231 numfer: 0 omega: 0.85533 r99bos: 5.292 r99fer: 0 r99tot: 5.238
 Nb/Nf: inf Eb/Ef: inf
mass_bos= 0.229896 mass_fer= 0
compactness= 0.0665238
compactness_boson= 0.0434422
E_binding= 0.203221
