mass= 0.378401numbos: 0.162747 numfer: 4.03006e-07 omega: 0.847806 r99bos: 5.184 r99fer: 0.036 r99tot: 5.202
 Nb/Nf: 403833 Eb/Ef: 540857
mass_bos= 0.247239 mass_fer= 4.57125e-07
compactness= 0.0727414
compactness_boson= 0.0476927
E_binding= 0.215654
