mass= 0.349351numbos: 0.14581 numfer: 0.000395138 omega: 0.824204 r99bos: 4.374 r99fer: 0.378 r99tot: 4.386
 Nb/Nf: 369.011 Eb/Ef: 485.038
mass_bos= 0.2334 mass_fer= 0.000481198
compactness= 0.0796514
compactness_boson= 0.0533607
E_binding= 0.203146
