mass= 0.3677numbos: 0.156369 numfer: 1.89651e-08 omega: 0.844534 r99bos: 4.938 r99fer: 0.006 r99tot: 4.962
 Nb/Nf: 8.2451e+06 Eb/Ef: 7.57652e+06
mass_bos= 0.244085 mass_fer= 3.2216e-08
compactness= 0.0741032
compactness_boson= 0.0494299
E_binding= 0.211331
