mass= 0.367168numbos: 0.156152 numfer: 1.5848e-07 omega: 0.854049 r99bos: 5.268 r99fer: 0.036 r99tot: 5.274
 Nb/Nf: 985306 Eb/Ef: 1.44053e+06
mass_bos= 0.240184 mass_fer= 1.66732e-07
compactness= 0.0696185
compactness_boson= 0.0455929
E_binding= 0.211016
