mass= 0.369397numbos: 0.157372 numfer: 2.17147e-08 omega: 0.843446 r99bos: 4.914 r99fer: 0.006 r99tot: 4.944
 Nb/Nf: 7.24727e+06 Eb/Ef: 6.26384e+06
mass_bos= 0.244831 mass_fer= 3.90864e-08
compactness= 0.0747163
compactness_boson= 0.0498232
E_binding= 0.212025
