mass= 0.367221numbos: 0.156092 numfer: 1.07189e-08 omega: 0.844864 r99bos: 4.986 r99fer: 0.006 r99tot: 5.004
 Nb/Nf: 1.45623e+07 Eb/Ef: 1.63123e+07
mass_bos= 0.243899 mass_fer= 1.49518e-08
compactness= 0.0733855
compactness_boson= 0.0489167
E_binding= 0.211129
