mass= 0.37949numbos: 0.16338 numfer: 9.60798e-07 omega: 0.83959 r99bos: 4.968 r99fer: 0.042 r99tot: 4.992
 Nb/Nf: 170046 Eb/Ef: 220330
mass_bos= 0.249648 mass_fer= 1.13307e-06
compactness= 0.0760197
compactness_boson= 0.0502512
E_binding= 0.216109
