mass= 0.515359numbos: 0.251972 numfer: 0.000812056 omega: 0.770657 r99bos: 4.506 r99fer: 0.744 r99tot: 4.638
 Nb/Nf: 310.288 Eb/Ef: 375.411
mass_bos= 0.32248 mass_fer= 0.000859004
compactness= 0.111117
compactness_boson= 0.0715667
E_binding= 0.262576
