mass= 1.28485numbos: 0.0897507 numfer: 1.20452 omega: 0.499401 r99bos: 3.816 r99fer: 5.796 r99tot: 5.736
 Nb/Nf: 0.0745118 Eb/Ef: 0.0768739
mass_bos= 0.112301 mass_fer= 1.46085
compactness= 0.223998
compactness_boson= 0.029429
E_binding= -0.00941721
