mass= 0.369826numbos: 0.157637 numfer: 6.04754e-09 omega: 0.843264 r99bos: 4.968 r99fer: 0.006 r99tot: 4.986
 Nb/Nf: 2.60662e+07 Eb/Ef: 3.31406e+07
mass_bos= 0.245073 mass_fer= 7.39493e-09
compactness= 0.0741729
compactness_boson= 0.0493302
E_binding= 0.21219
