mass= 0.36799numbos: 0.156547 numfer: 9.61961e-09 omega: 0.844412 r99bos: 4.98 r99fer: 0.006 r99tot: 4.998
 Nb/Nf: 1.62738e+07 Eb/Ef: 1.87468e+07
mass_bos= 0.244248 mass_fer= 1.30288e-08
compactness= 0.0736275
compactness_boson= 0.0490458
E_binding= 0.211443
