mass= 0.34502numbos: 0.143076 numfer: 0.000916445 omega: 0.830965 r99bos: 4.506 r99fer: 0.462 r99tot: 4.5
 Nb/Nf: 156.12 Eb/Ef: 194.269
mass_bos= 0.230027 mass_fer= 0.00118407
compactness= 0.0766712
compactness_boson= 0.0510491
E_binding= 0.201028
