mass= 1.63722numbos: 0 numfer: 1.79855 omega: 0.464952 r99bos: 5.064 r99fer: 7.26 r99tot: 7.236
 Nb/Nf: 0 Eb/Ef: 0
mass_bos= 0 mass_fer= 2.04335
compactness= 0.226261
compactness_boson= 0
E_binding= -0.161327
