mass= 0.364304numbos: 0.154414 numfer: 4.94823e-09 omega: 0.848258 r99bos: 5.07 r99fer: 0.006 r99tot: 5.076
 Nb/Nf: 3.12058e+07 Eb/Ef: 4.14836e+07
mass_bos= 0.242692 mass_fer= 5.8503e-09
compactness= 0.0717699
compactness_boson= 0.0478681
E_binding= 0.20989
