mass= 0.373833numbos: 0.160012 numfer: 5.28643e-08 omega: 0.840591 r99bos: 4.932 r99fer: 0.006 r99tot: 4.95
 Nb/Nf: 3.02685e+06 Eb/Ef: 3.52743e+06
mass_bos= 0.246956 mass_fer= 7.00101e-08
compactness= 0.0755219
compactness_boson= 0.0500722
E_binding= 0.213821
