mass= 0.613625numbos: 0.209305 numfer: 0.209035 omega: 0.732636 r99bos: 4.368 r99fer: 3.942 r99tot: 4.218
 Nb/Nf: 1.00129 Eb/Ef: 1.10374
mass_bos= 0.263579 mass_fer= 0.238805
compactness= 0.145478
compactness_boson= 0.0603431
E_binding= 0.195286
