mass= 0.509782numbos: 0.246118 numfer: 0.00706585 omega: 0.772355 r99bos: 4.524 r99fer: 1.224 r99tot: 4.638
 Nb/Nf: 34.8321 Eb/Ef: 40.0829
mass_bos= 0.31573 mass_fer= 0.00787694
compactness= 0.109914
compactness_boson= 0.0697901
E_binding= 0.256598
