mass= 0.340463numbos: 0.140534 numfer: 4.02373e-06 omega: 0.848981 r99bos: 4.878 r99fer: 0.108 r99tot: 4.86
 Nb/Nf: 34926.2 Eb/Ef: 52095
mass_bos= 0.226348 mass_fer= 4.34491e-06
compactness= 0.0700542
compactness_boson= 0.0464019
E_binding= 0.199926
