mass= 0.503446numbos: 0.244464 numfer: 2.25123e-05 omega: 0.768622 r99bos: 4.398 r99fer: 0.336 r99tot: 4.524
 Nb/Nf: 10859.2 Eb/Ef: 13876.5
mass_bos= 0.317674 mass_fer= 2.28929e-05
compactness= 0.111283
compactness_boson= 0.0722315
E_binding= 0.258959
