mass= 0.381961numbos: 0.164849 numfer: 4.19848e-07 omega: 0.84223 r99bos: 5.058 r99fer: 0.03 r99tot: 5.082
 Nb/Nf: 392640 Eb/Ef: 498830
mass_bos= 0.250234 mass_fer= 5.01642e-07
compactness= 0.0751596
compactness_boson= 0.0494729
E_binding= 0.217111
