mass= 0.625291numbos: 0.255109 numfer: 0.139001 omega: 0.804432 r99bos: 5.976 r99fer: 3.81 r99tot: 5.892
 Nb/Nf: 1.83531 Eb/Ef: 1.92852
mass_bos= 0.291061 mass_fer= 0.150924
compactness= 0.106125
compactness_boson= 0.0487049
E_binding= 0.231182
