mass= 0.489029numbos: 0.2264 numfer: 0.0220135 omega: 0.770696 r99bos: 4.38 r99fer: 1.632 r99tot: 4.464
 Nb/Nf: 10.2846 Eb/Ef: 11.614
mass_bos= 0.297166 mass_fer= 0.0255868
compactness= 0.109549
compactness_boson= 0.0678462
E_binding= 0.240615
