mass= 1.44605numbos: 0.000808118 numfer: 1.53231 omega: 0.414866 r99bos: 3.636 r99fer: 5.484 r99tot: 5.448
 Nb/Nf: 0.000527384 Eb/Ef: 0.000514457
mass_bos= 0.00101344 mass_fer= 1.96992
compactness= 0.265428
compactness_boson= 0.000278724
E_binding= -0.0870714
