mass= 0.370672numbos: 0.15813 numfer: 2.06154e-08 omega: 0.842538 r99bos: 4.914 r99fer: 0.006 r99tot: 4.938
 Nb/Nf: 7.67047e+06 Eb/Ef: 6.7658e+06
mass_bos= 0.245414 mass_fer= 3.62728e-08
compactness= 0.0750652
compactness_boson= 0.0499419
E_binding= 0.212542
