mass= 0.369856numbos: 0.157655 numfer: 3.84893e-09 omega: 0.843252 r99bos: 4.974 r99fer: 0.006 r99tot: 4.992
 Nb/Nf: 4.09607e+07 Eb/Ef: 5.57692e+07
mass_bos= 0.245089 mass_fer= 4.39471e-09
compactness= 0.0740897
compactness_boson= 0.049274
E_binding= 0.212201
