mass= 1.54197numbos: 0.0238019 numfer: 1.63622 omega: 0.509716 r99bos: 4.614 r99fer: 6.408 r99tot: 6.366
 Nb/Nf: 0.0145469 Eb/Ef: 0.0143307
mass_bos= 0.0278053 mass_fer= 1.94026
compactness= 0.24222
compactness_boson= 0.00602629
E_binding= -0.118047
