mass= 0.376294numbos: 0.161506 numfer: 1.49114e-07 omega: 0.849445 r99bos: 5.214 r99fer: 0.03 r99tot: 5.226
 Nb/Nf: 1.0831e+06 Eb/Ef: 1.53834e+06
mass_bos= 0.245824 mass_fer= 1.59798e-07
compactness= 0.0720043
compactness_boson= 0.0471469
E_binding= 0.214788
