mass= 0.370643numbos: 0.158188 numfer: 2.30279e-07 omega: 0.852637 r99bos: 5.262 r99fer: 0.036 r99tot: 5.262
 Nb/Nf: 686939 Eb/Ef: 977109
mass_bos= 0.242267 mass_fer= 2.47943e-07
compactness= 0.0704377
compactness_boson= 0.0460409
E_binding= 0.212455
