mass= 0.376884numbos: 0.161829 numfer: 1.29822e-08 omega: 0.839622 r99bos: 4.944 r99fer: 0.006 r99tot: 4.968
 Nb/Nf: 1.24654e+07 Eb/Ef: 1.68947e+07
mass_bos= 0.248457 mass_fer= 1.47062e-08
compactness= 0.0758624
compactness_boson= 0.0502543
E_binding= 0.215056
