mass= 0.340483numbos: 0.140545 numfer: 8.34539e-06 omega: 0.848977 r99bos: 4.878 r99fer: 0.132 r99tot: 4.866
 Nb/Nf: 16841 Eb/Ef: 24617
mass_bos= 0.226356 mass_fer= 9.19511e-06
compactness= 0.0699718
compactness_boson= 0.0464035
E_binding= 0.19993
