mass= 0.624831numbos: 0.321667 numfer: 0.000314247 omega: 0.877481 r99bos: 8.94 r99fer: 1.182 r99tot: 9.048
 Nb/Nf: 1023.61 Eb/Ef: 1082.8
mass_bos= 0.34219 mass_fer= 0.000316024
compactness= 0.0690573
compactness_boson= 0.0382762
E_binding= 0.302849
