mass= 0.370925numbos: 0.158286 numfer: 1.04448e-08 omega: 0.842431 r99bos: 4.944 r99fer: 0.006 r99tot: 4.968
 Nb/Nf: 1.51546e+07 Eb/Ef: 1.69772e+07
mass_bos= 0.245557 mass_fer= 1.44639e-08
compactness= 0.0746628
compactness_boson= 0.0496676
E_binding= 0.212639
