mass= 0.368044numbos: 0.15658 numfer: 7.42099e-09 omega: 0.84439 r99bos: 4.986 r99fer: 0.006 r99tot: 5.004
 Nb/Nf: 2.10996e+07 Eb/Ef: 2.58498e+07
mass_bos= 0.244278 mass_fer= 9.44989e-09
compactness= 0.0735499
compactness_boson= 0.0489928
E_binding= 0.211463
