mass= 0.376934numbos: 0.161859 numfer: 1.12951e-06 omega: 0.839601 r99bos: 4.95 r99fer: 0.048 r99tot: 4.974
 Nb/Nf: 143301 Eb/Ef: 191360
mass_bos= 0.248485 mass_fer= 1.29852e-06
compactness= 0.0757808
compactness_boson= 0.0501989
E_binding= 0.215073
