mass= 0.381969numbos: 0.164854 numfer: 5.96689e-07 omega: 0.842227 r99bos: 5.058 r99fer: 0.036 r99tot: 5.082
 Nb/Nf: 276282 Eb/Ef: 354418
mass_bos= 0.250238 mass_fer= 7.06055e-07
compactness= 0.0751612
compactness_boson= 0.0494738
E_binding= 0.217114
