mass= 0.381971numbos: 0.164855 numfer: 7.47743e-07 omega: 0.842226 r99bos: 5.058 r99fer: 0.036 r99tot: 5.082
 Nb/Nf: 220470 Eb/Ef: 269835
mass_bos= 0.250239 mass_fer= 9.2738e-07
compactness= 0.0751615
compactness_boson= 0.049474
E_binding= 0.217115
