mass= 0.367264numbos: 0.156208 numfer: 1.62656e-05 omega: 0.854004 r99bos: 5.28 r99fer: 0.114 r99tot: 5.28
 Nb/Nf: 9603.54 Eb/Ef: 11418.4
mass_bos= 0.240228 mass_fer= 2.10387e-05
compactness= 0.0695576
compactness_boson= 0.0454978
E_binding= 0.21104
