mass= 0.371029numbos: 0.15835 numfer: 4.67409e-09 omega: 0.842388 r99bos: 4.962 r99fer: 0.006 r99tot: 4.98
 Nb/Nf: 3.38782e+07 Eb/Ef: 4.48287e+07
mass_bos= 0.245615 mass_fer= 5.47896e-09
compactness= 0.0745037
compactness_boson= 0.0494992
E_binding= 0.212679
