mass= 0.406192numbos: 0.181427 numfer: 2.82875e-05 omega: 0.782558 r99bos: 4.002 r99fer: 0.27 r99tot: 4.086
 Nb/Nf: 6413.68 Eb/Ef: 9073.82
mass_bos= 0.267819 mass_fer= 2.95156e-05
compactness= 0.0994106
compactness_boson= 0.0669212
E_binding= 0.224737
