mass= 0.449121numbos: 0.19757 numfer: 0.0283736 omega: 0.769909 r99bos: 4.116 r99fer: 1.692 r99tot: 4.176
 Nb/Nf: 6.96317 Eb/Ef: 7.9983
mass_bos= 0.273773 mass_fer= 0.0342289
compactness= 0.107548
compactness_boson= 0.0665144
E_binding= 0.223177
