mass= 0.342204numbos: 0.14157 numfer: 2.10377e-06 omega: 0.835531 r99bos: 4.548 r99fer: 0.108 r99tot: 4.548
 Nb/Nf: 67293.5 Eb/Ef: 104183
mass_bos= 0.228697 mass_fer= 2.19514e-06
compactness= 0.0752427
compactness_boson= 0.0502851
E_binding= 0.200631
