mass= 0.428579numbos: 0.195776 numfer: 0.000168957 omega: 0.774955 r99bos: 4.026 r99fer: 0.414 r99tot: 4.128
 Nb/Nf: 1158.73 Eb/Ef: 1551.32
mass_bos= 0.280043 mass_fer= 0.000180519
compactness= 0.103822
compactness_boson= 0.0695587
E_binding= 0.232634
