mass= 0.381803numbos: 0.164755 numfer: 8.61802e-07 omega: 0.841247 r99bos: 5.034 r99fer: 0.036 r99tot: 5.058
 Nb/Nf: 191175 Eb/Ef: 226560
mass_bos= 0.250375 mass_fer= 1.10512e-06
compactness= 0.0754849
compactness_boson= 0.0497367
E_binding= 0.217047
