mass= 0.3784numbos: 0.162746 numfer: 2.74201e-07 omega: 0.847806 r99bos: 5.184 r99fer: 0.036 r99tot: 5.202
 Nb/Nf: 593529 Eb/Ef: 830450
mass_bos= 0.247239 mass_fer= 2.97716e-07
compactness= 0.0727413
compactness_boson= 0.0476927
E_binding= 0.215654
