mass= 0.593907numbos: 0.263001 numfer: 0.0852178 omega: 0.798356 r99bos: 5.622 r99fer: 3.09 r99tot: 5.622
 Nb/Nf: 3.08622 Eb/Ef: 3.2785
mass_bos= 0.306155 mass_fer= 0.0933826
compactness= 0.10564
compactness_boson= 0.0544566
E_binding= 0.245688
