mass= 0.381754numbos: 0.164727 numfer: 7.69726e-07 omega: 0.843398 r99bos: 5.088 r99fer: 0.036 r99tot: 5.112
 Nb/Nf: 214007 Eb/Ef: 260585
mass_bos= 0.249874 mass_fer= 9.58895e-07
compactness= 0.074678
compactness_boson= 0.0491104
E_binding= 0.217026
