mass= 0.372311numbos: 0.159108 numfer: 8.83983e-08 omega: 0.841432 r99bos: 4.932 r99fer: 0.006 r99tot: 4.956
 Nb/Nf: 1.79989e+06 Eb/Ef: 1.84998e+06
mass_bos= 0.246208 mass_fer= 1.33087e-07
compactness= 0.0751232
compactness_boson= 0.0499205
E_binding= 0.213203
