mass= 0.364232numbos: 0.15437 numfer: 1.18182e-08 omega: 0.848288 r99bos: 5.058 r99fer: 0.006 r99tot: 5.07
 Nb/Nf: 1.3062e+07 Eb/Ef: 1.4304e+07
mass_bos= 0.242651 mass_fer= 1.69639e-08
compactness= 0.0718407
compactness_boson= 0.0479738
E_binding= 0.209863
