mass= 0.37845numbos: 0.162777 numfer: 2.72245e-09 omega: 0.847788 r99bos: 5.19 r99fer: 0.006 r99tot: 5.208
 Nb/Nf: 5.97905e+07 Eb/Ef: 8.89398e+07
mass_bos= 0.247266 mass_fer= 2.78016e-09
compactness= 0.072667
compactness_boson= 0.0476429
E_binding= 0.215673
