mass= 0.368546numbos: 0.15687 numfer: 1.92419e-08 omega: 0.844027 r99bos: 4.932 r99fer: 0.006 r99tot: 4.962
 Nb/Nf: 8.15252e+06 Eb/Ef: 7.43452e+06
mass_bos= 0.244466 mass_fer= 3.28825e-08
compactness= 0.0742737
compactness_boson= 0.0495673
E_binding= 0.211676
