mass= 0.36453numbos: 0.154522 numfer: 8.24615e-09 omega: 0.847073 r99bos: 5.034 r99fer: 0.006 r99tot: 5.04
 Nb/Nf: 1.87387e+07 Eb/Ef: 2.25738e+07
mass_bos= 0.242698 mass_fer= 1.07513e-08
compactness= 0.0723274
compactness_boson= 0.0482118
E_binding= 0.210008
