mass= 0.36973numbos: 0.157577 numfer: 1.34685e-08 omega: 0.843304 r99bos: 4.956 r99fer: 0.006 r99tot: 4.974
 Nb/Nf: 1.16997e+07 Eb/Ef: 1.21587e+07
mass_bos= 0.245018 mass_fer= 2.01516e-08
compactness= 0.0743325
compactness_boson= 0.0494387
E_binding= 0.212153
