mass= 0.367243numbos: 0.156196 numfer: 1.14155e-05 omega: 0.854014 r99bos: 5.28 r99fer: 0.108 r99tot: 5.28
 Nb/Nf: 13682.8 Eb/Ef: 16728.6
mass_bos= 0.24022 mass_fer= 1.43598e-05
compactness= 0.0695536
compactness_boson= 0.0454961
E_binding= 0.211036
