mass= 0.38111numbos: 0.164346 numfer: 6.17466e-07 omega: 0.844739 r99bos: 5.124 r99fer: 0.036 r99tot: 5.142
 Nb/Nf: 266162 Eb/Ef: 336228
mass_bos= 0.249261 mass_fer= 7.41345e-07
compactness= 0.0741171
compactness_boson= 0.0486457
E_binding= 0.216764
