mass= 0.388552numbos: 0.167844 numfer: 0.00739362 omega: 0.792025 r99bos: 4.08 r99fer: 0.984 r99tot: 4.128
 Nb/Nf: 22.7011 Eb/Ef: 27.1741
mass_bos= 0.252798 mass_fer= 0.00930291
compactness= 0.0941258
compactness_boson= 0.0619602
E_binding= 0.213314
