mass= 0.363392numbos: 0.153943 numfer: 4.47706e-06 omega: 0.855212 r99bos: 5.274 r99fer: 0.084 r99tot: 5.268
 Nb/Nf: 34384.8 Eb/Ef: 45138.2
mass_bos= 0.23798 mass_fer= 5.27225e-06
compactness= 0.068981
compactness_boson= 0.0451232
E_binding= 0.209445
