mass= 0.368047numbos: 0.156582 numfer: 6.32169e-09 omega: 0.844389 r99bos: 4.986 r99fer: 0.006 r99tot: 5.004
 Nb/Nf: 2.4769e+07 Eb/Ef: 3.1342e+07
mass_bos= 0.24428 mass_fer= 7.79401e-09
compactness= 0.0735505
compactness_boson= 0.0489931
E_binding= 0.211465
