mass= 0.370643numbos: 0.158188 numfer: 5.9106e-08 omega: 0.852637 r99bos: 5.262 r99fer: 0.024 r99tot: 5.262
 Nb/Nf: 2.67634e+06 Eb/Ef: 3.91541e+06
mass_bos= 0.242267 mass_fer= 6.18754e-08
compactness= 0.0704377
compactness_boson= 0.0460409
E_binding= 0.212456
