mass= 0.340243numbos: 0.140362 numfer: 0.000281562 omega: 0.84542 r99bos: 4.806 r99fer: 0.312 r99tot: 4.788
 Nb/Nf: 498.512 Eb/Ef: 627.094
mass_bos= 0.226416 mass_fer= 0.000361056
compactness= 0.0710616
compactness_boson= 0.0471111
E_binding= 0.199599
