mass= 0.406172numbos: 0.181415 numfer: 2.01477e-05 omega: 0.78256 r99bos: 4.002 r99fer: 0.246 r99tot: 4.086
 Nb/Nf: 9004.25 Eb/Ef: 12800.6
mass_bos= 0.267813 mass_fer= 2.0922e-05
compactness= 0.0994058
compactness_boson= 0.0669198
E_binding= 0.224737
