mass= 0.506053numbos: 0.241436 numfer: 0.0127212 omega: 0.772709 r99bos: 4.512 r99fer: 1.428 r99tot: 4.614
 Nb/Nf: 18.979 Eb/Ef: 21.535
mass_bos= 0.31051 mass_fer= 0.0144188
compactness= 0.109678
compactness_boson= 0.0688187
E_binding= 0.251895
