mass= 0.344776numbos: 0.143058 numfer: 8.85949e-05 omega: 0.854148 r99bos: 5.082 r99fer: 0.21 r99tot: 5.058
 Nb/Nf: 1614.74 Eb/Ef: 2024.4
mass_bos= 0.228021 mass_fer= 0.000112636
compactness= 0.0681646
compactness_boson= 0.0448683
E_binding= 0.20163
