mass= 0.378433numbos: 0.162766 numfer: 2.70793e-06 omega: 0.84779 r99bos: 5.19 r99fer: 0.066 r99tot: 5.202
 Nb/Nf: 60107.2 Eb/Ef: 74501.9
mass_bos= 0.247256 mass_fer= 3.31879e-06
compactness= 0.0727476
compactness_boson= 0.0476409
E_binding= 0.215664
