mass= 0.42837numbos: 0.195589 numfer: 0.00038878 omega: 0.775165 r99bos: 4.032 r99fer: 0.498 r99tot: 4.128
 Nb/Nf: 503.084 Eb/Ef: 659.394
mass_bos= 0.279772 mass_fer= 0.000424286
compactness= 0.103772
compactness_boson= 0.0693878
E_binding= 0.232392
