mass= 0.379428numbos: 0.163341 numfer: 1.86506e-07 omega: 0.839616 r99bos: 4.962 r99fer: 0.018 r99tot: 4.986
 Nb/Nf: 875798 Eb/Ef: 1.09232e+06
mass_bos= 0.249613 mass_fer= 2.28516e-07
compactness= 0.0760986
compactness_boson= 0.0503049
E_binding= 0.216086
