mass= 0.381299numbos: 0.164456 numfer: 7.3489e-07 omega: 0.840476 r99bos: 5.004 r99fer: 0.036 r99tot: 5.034
 Nb/Nf: 223783 Eb/Ef: 275145
mass_bos= 0.250304 mass_fer= 9.09716e-07
compactness= 0.0757448
compactness_boson= 0.0500208
E_binding= 0.216843
