mass= 0.381768numbos: 0.164734 numfer: 4.62877e-08 omega: 0.841262 r99bos: 5.028 r99fer: 0.012 r99tot: 5.052
 Nb/Nf: 3.55892e+06 Eb/Ef: 4.7918e+06
mass_bos= 0.250355 mass_fer= 5.22467e-08
compactness= 0.0755677
compactness_boson= 0.0497923
E_binding= 0.217034
