mass= 0.365631numbos: 0.155153 numfer: 1.37427e-08 omega: 0.845858 r99bos: 4.986 r99fer: 0.006 r99tot: 4.998
 Nb/Nf: 1.12898e+07 Eb/Ef: 1.17464e+07
mass_bos= 0.243158 mass_fer= 2.07006e-08
compactness= 0.0731554
compactness_boson= 0.0487682
E_binding= 0.210478
