mass= 0.367163numbos: 0.156149 numfer: 7.90759e-07 omega: 0.85405 r99bos: 5.268 r99fer: 0.054 r99tot: 5.274
 Nb/Nf: 197467 Eb/Ef: 276113
mass_bos= 0.240181 mass_fer= 8.69863e-07
compactness= 0.0696176
compactness_boson= 0.0455924
E_binding= 0.211014
