mass= 0.365164numbos: 0.154887 numfer: 4.94823e-09 omega: 0.846331 r99bos: 5.022 r99fer: 0.006 r99tot: 5.034
 Nb/Nf: 3.13015e+07 Eb/Ef: 4.15316e+07
mass_bos= 0.242972 mass_fer= 5.8503e-09
compactness= 0.0725396
compactness_boson= 0.0483815
E_binding= 0.210277
