mass= 0.406252numbos: 0.181472 numfer: 8.74769e-07 omega: 0.782504 r99bos: 4.008 r99fer: 0.126 r99tot: 4.092
 Nb/Nf: 207451 Eb/Ef: 302747
mass_bos= 0.267874 mass_fer= 8.84811e-07
compactness= 0.0992796
compactness_boson= 0.0668347
E_binding= 0.224779
