mass= 0.376302numbos: 0.16151 numfer: 9.0362e-07 omega: 0.849442 r99bos: 5.214 r99fer: 0.048 r99tot: 5.226
 Nb/Nf: 178737 Eb/Ef: 237004
mass_bos= 0.245828 mass_fer= 1.03723e-06
compactness= 0.0720057
compactness_boson= 0.0471476
E_binding= 0.21479
