mass= 0.499856numbos: 0.229709 numfer: 0.030167 omega: 0.770747 r99bos: 4.446 r99fer: 1.842 r99tot: 4.524
 Nb/Nf: 7.61456 Eb/Ef: 8.51873
mass_bos= 0.297681 mass_fer= 0.0349442
compactness= 0.11049
compactness_boson= 0.0669547
E_binding= 0.239981
