mass= 0.381282numbos: 0.164445 numfer: 5.0361e-07 omega: 0.840483 r99bos: 5.004 r99fer: 0.03 r99tot: 5.028
 Nb/Nf: 326533 Eb/Ef: 409203
mass_bos= 0.250294 mass_fer= 6.11664e-07
compactness= 0.0758318
compactness_boson= 0.0500189
E_binding= 0.216836
