mass= 0.376336numbos: 0.161531 numfer: 4.4469e-06 omega: 0.849424 r99bos: 5.22 r99fer: 0.072 r99tot: 5.232
 Nb/Nf: 36324.5 Eb/Ef: 43534.3
mass_bos= 0.245845 mass_fer= 5.64717e-06
compactness= 0.0719297
compactness_boson= 0.0470968
E_binding= 0.214801
