mass= 0.631021numbos: 0.246247 numfer: 0.163563 omega: 0.86066 r99bos: 8.118 r99fer: 4.842 r99tot: 7.902
 Nb/Nf: 1.50552 Eb/Ef: 1.54714
mass_bos= 0.265185 mass_fer= 0.171404
compactness= 0.0798558
compactness_boson= 0.0326664
E_binding= 0.22121
