mass= 0.351326numbos: 0.146895 numfer: 7.03595e-07 omega: 0.856361 r99bos: 5.196 r99fer: 0.06 r99tot: 5.178
 Nb/Nf: 208778 Eb/Ef: 308519
mass_bos= 0.231337 mass_fer= 7.49831e-07
compactness= 0.0678497
compactness_boson= 0.0445221
E_binding= 0.20443
