mass= 0.380462numbos: 0.163957 numfer: 1.49554e-07 omega: 0.839943 r99bos: 4.98 r99fer: 0.018 r99tot: 5.004
 Nb/Nf: 1.09631e+06 Eb/Ef: 1.4121e+06
mass_bos= 0.250025 mass_fer= 1.77059e-07
compactness= 0.0760315
compactness_boson= 0.0502058
E_binding= 0.216505
