mass= 0.373925numbos: 0.160069 numfer: 2.19861e-09 omega: 0.840554 r99bos: 4.944 r99fer: 0.006 r99tot: 4.962
 Nb/Nf: 7.28045e+07 Eb/Ef: 1.03929e+08
mass_bos= 0.247008 mass_fer= 2.3767e-09
compactness= 0.0753577
compactness_boson= 0.0499611
E_binding= 0.213856
