mass= 0.389672numbos: 0.16904 numfer: 0.00608419 omega: 0.791591 r99bos: 4.08 r99fer: 0.924 r99tot: 4.128
 Nb/Nf: 27.7836 Eb/Ef: 33.4081
mass_bos= 0.254279 mass_fer= 0.00761128
compactness= 0.0943972
compactness_boson= 0.0623232
E_binding= 0.214547
