mass= 0.366931numbos: 0.155914 numfer: 1.81426e-08 omega: 0.844986 r99bos: 4.95 r99fer: 0.006 r99tot: 4.968
 Nb/Nf: 8.59381e+06 Eb/Ef: 8.05229e+06
mass_bos= 0.243736 mass_fer= 3.02692e-08
compactness= 0.0738589
compactness_boson= 0.0492396
E_binding= 0.211017
