mass= 0.366832numbos: 0.155853 numfer: 1.97902e-08 omega: 0.845028 r99bos: 4.932 r99fer: 0.006 r99tot: 4.962
 Nb/Nf: 7.87527e+06 Eb/Ef: 7.12114e+06
mass_bos= 0.24368 mass_fer= 3.42193e-08
compactness= 0.0739283
compactness_boson= 0.049408
E_binding= 0.210979
