mass= 0.375375numbos: 0.16093 numfer: 2.86103e-08 omega: 0.839993 r99bos: 4.932 r99fer: 0.006 r99tot: 4.956
 Nb/Nf: 5.62489e+06 Eb/Ef: 7.30043e+06
mass_bos= 0.24772 mass_fer= 3.39323e-08
compactness= 0.0757416
compactness_boson= 0.0502271
E_binding= 0.214446
