mass= 0.381947numbos: 0.164841 numfer: 8.36962e-08 omega: 0.842236 r99bos: 5.058 r99fer: 0.018 r99tot: 5.082
 Nb/Nf: 1.96951e+06 Eb/Ef: 2.7034e+06
mass_bos= 0.250226 mass_fer= 9.256e-08
compactness= 0.0751569
compactness_boson= 0.0494714
E_binding= 0.217106
