mass= 0.372316numbos: 0.159111 numfer: 8.45854e-08 omega: 0.84143 r99bos: 4.932 r99fer: 0.006 r99tot: 4.956
 Nb/Nf: 1.88106e+06 Eb/Ef: 1.96177e+06
mass_bos= 0.246211 mass_fer= 1.25504e-07
compactness= 0.0751242
compactness_boson= 0.0499211
E_binding= 0.213205
