mass= 0.379409numbos: 0.16333 numfer: 8.19896e-08 omega: 0.839624 r99bos: 4.962 r99fer: 0.012 r99tot: 4.986
 Nb/Nf: 1.99208e+06 Eb/Ef: 2.54246e+06
mass_bos= 0.249602 mass_fer= 9.81735e-08
compactness= 0.0760948
compactness_boson= 0.0503028
E_binding= 0.216079
