mass= 0.376291numbos: 0.161504 numfer: 3.63952e-07 omega: 0.849446 r99bos: 5.214 r99fer: 0.036 r99tot: 5.226
 Nb/Nf: 443751 Eb/Ef: 604600
mass_bos= 0.245822 mass_fer= 4.06586e-07
compactness= 0.0720036
compactness_boson= 0.0471465
E_binding= 0.214787
