mass= 0.541514numbos: 0.269148 numfer: 3.29469e-06 omega: 0.775429 r99bos: 4.764 r99fer: 0.252 r99tot: 4.89
 Nb/Nf: 81691.5 Eb/Ef: 100894
mass_bos= 0.334316 mass_fer= 3.31356e-06
compactness= 0.110739
compactness_boson= 0.0701756
E_binding= 0.272362
