mass= 0.380004numbos: 0.163693 numfer: 8.60872e-07 omega: 0.84622 r99bos: 5.154 r99fer: 0.042 r99tot: 5.172
 Nb/Nf: 190148 Eb/Ef: 240841
mass_bos= 0.248386 mass_fer= 1.03133e-06
compactness= 0.0734734
compactness_boson= 0.0481929
E_binding= 0.216311
