mass= 0.36674numbos: 0.155796 numfer: 2.11637e-08 omega: 0.845068 r99bos: 4.92 r99fer: 0.006 r99tot: 4.95
 Nb/Nf: 7.3615e+06 Eb/Ef: 6.46829e+06
mass_bos= 0.243628 mass_fer= 3.7665e-08
compactness= 0.0740889
compactness_boson= 0.0495179
E_binding= 0.210943
