mass= 0.344538numbos: 0.142927 numfer: 9.58025e-08 omega: 0.854165 r99bos: 5.07 r99fer: 0.042 r99tot: 5.052
 Nb/Nf: 1.4919e+06 Eb/Ef: 2.32863e+06
mass_bos= 0.227954 mass_fer= 9.78921e-08
compactness= 0.0681983
compactness_boson= 0.0449614
E_binding= 0.20161
