mass= 0.3737numbos: 0.159981 numfer: 8.87573e-07 omega: 0.851077 r99bos: 5.238 r99fer: 0.048 r99tot: 5.25
 Nb/Nf: 180246 Eb/Ef: 240626
mass_bos= 0.244159 mass_fer= 1.01468e-06
compactness= 0.071181
compactness_boson= 0.0466129
E_binding= 0.213718
