mass= 0.369411numbos: 0.157381 numfer: 2.14405e-08 omega: 0.84344 r99bos: 4.914 r99fer: 0.006 r99tot: 4.944
 Nb/Nf: 7.34033e+06 Eb/Ef: 6.37993e+06
mass_bos= 0.244839 mass_fer= 3.83764e-08
compactness= 0.0747191
compactness_boson= 0.0498248
E_binding= 0.21203
