mass= 0.397475numbos: 0.172721 numfer: 0.00937656 omega: 0.787349 r99bos: 4.068 r99fer: 1.08 r99tot: 4.116
 Nb/Nf: 18.4205 Eb/Ef: 21.9018
mass_bos= 0.256707 mass_fer= 0.0117208
compactness= 0.0965682
compactness_boson= 0.063104
E_binding= 0.215377
