mass= 0.339978numbos: 0.140244 numfer: 3.30804e-05 omega: 0.845203 r99bos: 4.782 r99fer: 0.18 r99tot: 4.764
 Nb/Nf: 4239.48 Eb/Ef: 5952.77
mass_bos= 0.226475 mass_fer= 3.80454e-05
compactness= 0.071364
compactness_boson= 0.0473599
E_binding= 0.199701
