mass= 0.409208numbos: 0.180565 numfer: 0.00843564 omega: 0.782651 r99bos: 4.062 r99fer: 1.062 r99tot: 4.128
 Nb/Nf: 21.405 Eb/Ef: 25.4285
mass_bos= 0.263925 mass_fer= 0.0103791
compactness= 0.0991298
compactness_boson= 0.0649741
E_binding= 0.220208
