mass= 0.576602numbos: 0.285112 numfer: 0.0161298 omega: 0.79611 r99bos: 5.442 r99fer: 1.824 r99tot: 5.55
 Nb/Nf: 17.6761 Eb/Ef: 19.3119
mass_bos= 0.336418 mass_fer= 0.0174202
compactness= 0.103892
compactness_boson= 0.0618188
E_binding= 0.275361
