mass= 0.580206numbos: 0.232457 numfer: 0.127197 omega: 0.764536 r99bos: 4.788 r99fer: 3.312 r99tot: 4.734
 Nb/Nf: 1.82754 Eb/Ef: 1.98085
mass_bos= 0.284656 mass_fer= 0.143704
compactness= 0.122562
compactness_boson= 0.0594521
E_binding= 0.220553
