mass= 0.381146numbos: 0.164368 numfer: 2.62086e-06 omega: 0.844723 r99bos: 5.124 r99fer: 0.06 r99tot: 5.148
 Nb/Nf: 62715.2 Eb/Ef: 74699.4
mass_bos= 0.24928 mass_fer= 3.3371e-06
compactness= 0.0740376
compactness_boson= 0.0486494
E_binding= 0.216775
