mass= 0.372432numbos: 0.159182 numfer: 3.02377e-09 omega: 0.841382 r99bos: 4.95 r99fer: 0.006 r99tot: 4.968
 Nb/Nf: 5.26436e+07 Eb/Ef: 7.3283e+07
mass_bos= 0.246276 mass_fer= 3.36062e-09
compactness= 0.0749661
compactness_boson= 0.0497527
E_binding= 0.213249
