mass= 0.364901numbos: 0.154726 numfer: 1.73175e-08 omega: 0.846439 r99bos: 4.986 r99fer: 0.006 r99tot: 5.004
 Nb/Nf: 8.93466e+06 Eb/Ef: 8.5604e+06
mass_bos= 0.242824 mass_fer= 2.8366e-08
compactness= 0.0729218
compactness_boson= 0.0487012
E_binding= 0.210175
