mass= 0.3784numbos: 0.162746 numfer: 8.00227e-07 omega: 0.847805 r99bos: 5.184 r99fer: 0.042 r99tot: 5.202
 Nb/Nf: 203375 Eb/Ef: 262807
mass_bos= 0.247238 mass_fer= 9.40759e-07
compactness= 0.0727413
compactness_boson= 0.0476926
E_binding= 0.215653
