mass= 0.381267numbos: 0.164436 numfer: 1.52712e-07 omega: 0.84049 r99bos: 5.004 r99fer: 0.018 r99tot: 5.028
 Nb/Nf: 1.07677e+06 Eb/Ef: 1.35442e+06
mass_bos= 0.250286 mass_fer= 1.84792e-07
compactness= 0.0758287
compactness_boson= 0.0500172
E_binding= 0.216831
