mass= 0.345287numbos: 0.143369 numfer: 0.000321506 omega: 0.830186 r99bos: 4.476 r99fer: 0.348 r99tot: 4.476
 Nb/Nf: 445.93 Eb/Ef: 585.719
mass_bos= 0.230672 mass_fer= 0.000393827
compactness= 0.0771418
compactness_boson= 0.0515354
E_binding= 0.201596
