mass= 0.380041numbos: 0.163715 numfer: 3.47673e-06 omega: 0.846202 r99bos: 5.16 r99fer: 0.066 r99tot: 5.178
 Nb/Nf: 47088.8 Eb/Ef: 55310.5
mass_bos= 0.248406 mass_fer= 4.49112e-06
compactness= 0.0733954
compactness_boson= 0.0481407
E_binding= 0.216323
