mass= 0.381747numbos: 0.164723 numfer: 4.15462e-07 omega: 0.843401 r99bos: 5.088 r99fer: 0.03 r99tot: 5.112
 Nb/Nf: 396480 Eb/Ef: 501092
mass_bos= 0.24987 mass_fer= 4.98651e-07
compactness= 0.0746766
compactness_boson= 0.0491097
E_binding= 0.217024
