mass= 0.370644numbos: 0.158188 numfer: 5.30968e-07 omega: 0.852636 r99bos: 5.262 r99fer: 0.048 r99tot: 5.262
 Nb/Nf: 297924 Eb/Ef: 417205
mass_bos= 0.242267 mass_fer= 5.80691e-07
compactness= 0.0704378
compactness_boson= 0.046041
E_binding= 0.212455
