mass= 0.345288numbos: 0.143393 numfer: 0.000199562 omega: 0.830031 r99bos: 4.464 r99fer: 0.312 r99tot: 4.47
 Nb/Nf: 718.535 Eb/Ef: 966.939
mass_bos= 0.230774 mass_fer= 0.000238665
compactness= 0.0772457
compactness_boson= 0.0516967
E_binding= 0.201696
