mass= 0.381261numbos: 0.164432 numfer: 1.72159e-07 omega: 0.840492 r99bos: 5.004 r99fer: 0.018 r99tot: 5.028
 Nb/Nf: 955119 Eb/Ef: 1.18273e+06
mass_bos= 0.250282 mass_fer= 2.11615e-07
compactness= 0.0758275
compactness_boson= 0.0500165
E_binding= 0.216828
