mass= 0.380011numbos: 0.163696 numfer: 1.11325e-06 omega: 0.846217 r99bos: 5.154 r99fer: 0.048 r99tot: 5.172
 Nb/Nf: 147044 Eb/Ef: 186607
mass_bos= 0.24839 mass_fer= 1.33108e-06
compactness= 0.0734746
compactness_boson= 0.0481936
E_binding= 0.216313
