mass= 0.409498numbos: 0.180893 numfer: 0.00806597 omega: 0.782574 r99bos: 4.062 r99fer: 1.044 r99tot: 4.128
 Nb/Nf: 22.4266 Eb/Ef: 26.669
mass_bos= 0.264318 mass_fer= 0.00991103
compactness= 0.0992
compactness_boson= 0.0650708
E_binding= 0.220539
