mass= 0.381804numbos: 0.164756 numfer: 8.37428e-07 omega: 0.841246 r99bos: 5.034 r99fer: 0.036 r99tot: 5.058
 Nb/Nf: 196741 Eb/Ef: 233978
mass_bos= 0.250375 mass_fer= 1.07008e-06
compactness= 0.0754852
compactness_boson= 0.0497369
E_binding= 0.217047
