mass= 0.501666numbos: 0.213762 numfer: 0.0649575 omega: 0.761258 r99bos: 4.29 r99fer: 2.412 r99tot: 4.314
 Nb/Nf: 3.2908 Eb/Ef: 3.68569
mass_bos= 0.28048 mass_fer= 0.0760998
compactness= 0.116288
compactness_boson= 0.0653799
E_binding= 0.222946
