mass= 0.3818numbos: 0.164754 numfer: 6.52423e-07 omega: 0.841248 r99bos: 5.028 r99fer: 0.036 r99tot: 5.058
 Nb/Nf: 252526 Eb/Ef: 317957
mass_bos= 0.250373 mass_fer= 7.87444e-07
compactness= 0.0754844
compactness_boson= 0.0497958
E_binding= 0.217046
