mass= 1.39668numbos: 0.0656308 numfer: 1.38413 omega: 0.503534 r99bos: 4.164 r99fer: 6.042 r99tot: 5.994
 Nb/Nf: 0.0474166 Eb/Ef: 0.0477192
mass_bos= 0.0793154 mass_fer= 1.66213
compactness= 0.233012
compactness_boson= 0.0190479
E_binding= -0.0530859
