mass= 0.541342numbos: 0.262022 numfer: 0.0177693 omega: 0.781035 r99bos: 4.89 r99fer: 1.698 r99tot: 4.992
 Nb/Nf: 14.7457 Eb/Ef: 16.3503
mass_bos= 0.3226 mass_fer= 0.0197305
compactness= 0.108442
compactness_boson= 0.0659714
E_binding= 0.261551
