mass= 0.367278numbos: 0.156128 numfer: 5.49653e-09 omega: 0.844841 r99bos: 4.998 r99fer: 0.006 r99tot: 5.01
 Nb/Nf: 2.84048e+07 Eb/Ef: 3.69057e+07
mass_bos= 0.243931 mass_fer= 6.60958e-09
compactness= 0.073309
compactness_boson= 0.0488057
E_binding= 0.211151
