mass= 0.359454numbos: 0.151641 numfer: 1.71736e-05 omega: 0.856027 r99bos: 5.268 r99fer: 0.126 r99tot: 5.262
 Nb/Nf: 8829.9 Eb/Ef: 11051.6
mass_bos= 0.235738 mass_fer= 2.13306e-05
compactness= 0.0683113
compactness_boson= 0.0447491
E_binding= 0.207796
