mass= 0.351528numbos: 0.14701 numfer: 4.94486e-05 omega: 0.856305 r99bos: 5.208 r99fer: 0.168 r99tot: 5.19
 Nb/Nf: 2972.99 Eb/Ef: 3665.35
mass_bos= 0.231416 mass_fer= 6.31361e-05
compactness= 0.0677318
compactness_boson= 0.0444347
E_binding= 0.204469
