mass= 0.381112numbos: 0.164347 numfer: 3.97458e-07 omega: 0.844739 r99bos: 5.124 r99fer: 0.036 r99tot: 5.142
 Nb/Nf: 413495 Eb/Ef: 558187
mass_bos= 0.249262 mass_fer= 4.46556e-07
compactness= 0.0741174
compactness_boson= 0.0486459
E_binding= 0.216764
