mass= 0.347736numbos: 0.144797 numfer: 1.65251e-05 omega: 0.855598 r99bos: 5.142 r99fer: 0.138 r99tot: 5.124
 Nb/Nf: 8762.25 Eb/Ef: 11794.6
mass_bos= 0.229491 mass_fer= 1.94573e-05
compactness= 0.0678642
compactness_boson= 0.0446307
E_binding= 0.202922
