mass= 1.38747numbos: 0.0368504 numfer: 1.40817 omega: 0.439948 r99bos: 3.654 r99fer: 5.568 r99tot: 5.52
 Nb/Nf: 0.026169 Eb/Ef: 0.026114
mass_bos= 0.0464091 mass_fer= 1.77717
compactness= 0.251354
compactness_boson= 0.0127009
E_binding= -0.0575468
