mass= 0.366424numbos: 0.155621 numfer: 1.23692e-08 omega: 0.84534 r99bos: 4.986 r99fer: 0.006 r99tot: 5.004
 Nb/Nf: 1.25813e+07 Eb/Ef: 1.3525e+07
mass_bos= 0.243529 mass_fer= 1.80059e-08
compactness= 0.0732263
compactness_boson= 0.0488425
E_binding= 0.210803
