mass= 0.478212numbos: 0.228045 numfer: 0 omega: 0.7676 r99bos: 4.26 r99fer: 0 r99tot: 4.374
 Nb/Nf: inf Eb/Ef: inf
mass_bos= 0.30573 mass_fer= 0
compactness= 0.10933
compactness_boson= 0.0717675
E_binding= 0.250166
