mass= 0.476948numbos: 0.2196 numfer: 0.0196704 omega: 0.770371 r99bos: 4.296 r99fer: 1.542 r99tot: 4.38
 Nb/Nf: 11.164 Eb/Ef: 12.6984
mass_bos= 0.292699 mass_fer= 0.02305
compactness= 0.108892
compactness_boson= 0.0681328
E_binding= 0.237678
