mass= 1.47104numbos: 0.0568921 numfer: 1.49485 omega: 0.550303 r99bos: 4.824 r99fer: 6.588 r99tot: 6.546
 Nb/Nf: 0.0380587 Eb/Ef: 0.0379774
mass_bos= 0.0659013 mass_fer= 1.73527
compactness= 0.224724
compactness_boson= 0.0136611
E_binding= -0.0806988
