mass= 0.380457numbos: 0.163954 numfer: 2.19063e-07 omega: 0.839945 r99bos: 4.98 r99fer: 0.018 r99tot: 5.004
 Nb/Nf: 748434 Eb/Ef: 886175
mass_bos= 0.250022 mass_fer= 2.82136e-07
compactness= 0.0760306
compactness_boson= 0.0502053
E_binding= 0.216503
