mass= 0.381273numbos: 0.164439 numfer: 2.47146e-07 omega: 0.840487 r99bos: 5.004 r99fer: 0.024 r99tot: 5.028
 Nb/Nf: 665354 Eb/Ef: 872567
mass_bos= 0.250289 mass_fer= 2.86842e-07
compactness= 0.0758299
compactness_boson= 0.0500178
E_binding= 0.216833
