mass= 0.485533numbos: 0.231064 numfer: 0.00527738 omega: 0.769988 r99bos: 4.326 r99fer: 1.074 r99tot: 4.44
 Nb/Nf: 43.7837 Eb/Ef: 51.3669
mass_bos= 0.305611 mass_fer= 0.00594958
compactness= 0.109354
compactness_boson= 0.0706452
E_binding= 0.249192
