mass= 0.364146numbos: 0.154317 numfer: 1.45678e-08 omega: 0.848323 r99bos: 5.046 r99fer: 0.006 r99tot: 5.058
 Nb/Nf: 1.0593e+07 Eb/Ef: 1.08371e+07
mass_bos= 0.242603 mass_fer= 2.23864e-08
compactness= 0.0719941
compactness_boson= 0.0480783
E_binding= 0.209829
