mass= 0.367181numbos: 0.156159 numfer: 2.0286e-06 omega: 0.854043 r99bos: 5.274 r99fer: 0.072 r99tot: 5.274
 Nb/Nf: 76978.9 Eb/Ef: 104485
mass_bos= 0.24019 mass_fer= 2.2988e-06
compactness= 0.0696209
compactness_boson= 0.0455423
E_binding= 0.21102
