mass= 0.349404numbos: 0.145887 numfer: 0.000162032 omega: 0.823899 r99bos: 4.362 r99fer: 0.306 r99tot: 4.374
 Nb/Nf: 900.355 Eb/Ef: 1235.54
mass_bos= 0.233619 mass_fer= 0.000189083
compactness= 0.079882
compactness_boson= 0.0535578
E_binding= 0.203355
