mass= 0.381969numbos: 0.164854 numfer: 6.95708e-07 omega: 0.842227 r99bos: 5.058 r99fer: 0.036 r99tot: 5.082
 Nb/Nf: 236958 Eb/Ef: 292330
mass_bos= 0.250238 mass_fer= 8.56012e-07
compactness= 0.0751611
compactness_boson= 0.0494737
E_binding= 0.217114
