mass= 0.368283numbos: 0.157444 numfer: 0.000369687 omega: 0.805071 r99bos: 4.134 r99fer: 0.402 r99tot: 4.176
 Nb/Nf: 425.885 Eb/Ef: 571.278
mass_bos= 0.245414 mass_fer= 0.000429588
compactness= 0.0881903
compactness_boson= 0.0593648
E_binding= 0.210469
