mass= 0.3813numbos: 0.164456 numfer: 7.67059e-07 omega: 0.840476 r99bos: 5.01 r99fer: 0.036 r99tot: 5.034
 Nb/Nf: 214398 Eb/Ef: 261560
mass_bos= 0.250304 mass_fer= 9.56968e-07
compactness= 0.0757449
compactness_boson= 0.0499609
E_binding= 0.216843
