mass= 0.373872numbos: 0.160036 numfer: 4.39722e-09 omega: 0.840575 r99bos: 4.932 r99fer: 0.006 r99tot: 4.956
 Nb/Nf: 3.63949e+07 Eb/Ef: 4.83363e+07
mass_bos= 0.246978 mass_fer= 5.10957e-09
compactness= 0.0754384
compactness_boson= 0.0500767
E_binding= 0.213836
