mass= 0.233071numbos: 0 numfer: 0.235321 omega: 0.961284 r99bos: 5.22 r99fer: 11.628 r99tot: 11.64
 Nb/Nf: 0 Eb/Ef: 0
mass_bos= 0 mass_fer= 0.236504
compactness= 0.0200232
compactness_boson= 0
E_binding= -0.00225006
