mass= 0.366108numbos: 0.155494 numfer: 0.00258158 omega: 0.807394 r99bos: 4.188 r99fer: 0.672 r99tot: 4.218
 Nb/Nf: 60.2323 Eb/Ef: 74.1564
mass_bos= 0.242519 mass_fer= 0.00327038
compactness= 0.0867966
compactness_boson= 0.0579081
E_binding= 0.208032
