mass= 0.380011numbos: 0.163697 numfer: 3.53696e-08 omega: 0.846218 r99bos: 5.154 r99fer: 0.018 r99tot: 5.172
 Nb/Nf: 4.62818e+06 Eb/Ef: 6.7025e+06
mass_bos= 0.24839 mass_fer= 3.70593e-08
compactness= 0.0734746
compactness_boson= 0.0481937
E_binding= 0.216314
