mass= 0.345176numbos: 0.143235 numfer: 0.000638421 omega: 0.830607 r99bos: 4.494 r99fer: 0.414 r99tot: 4.488
 Nb/Nf: 224.358 Eb/Ef: 284.231
mass_bos= 0.230345 mass_fer= 0.000810415
compactness= 0.0769108
compactness_boson= 0.0512561
E_binding= 0.201302
