mass= 0.381799numbos: 0.164753 numfer: 7.91457e-07 omega: 0.841249 r99bos: 5.028 r99fer: 0.036 r99tot: 5.052
 Nb/Nf: 208164 Eb/Ef: 249371
mass_bos= 0.250372 mass_fer= 1.00402e-06
compactness= 0.0755738
compactness_boson= 0.0497956
E_binding= 0.217045
