mass= 0.369834numbos: 0.157641 numfer: 5.77339e-09 omega: 0.843261 r99bos: 4.974 r99fer: 0.006 r99tot: 4.986
 Nb/Nf: 2.73048e+07 Eb/Ef: 3.5004e+07
mass_bos= 0.245077 mass_fer= 7.00139e-09
compactness= 0.0741745
compactness_boson= 0.0492716
E_binding= 0.212193
