mass= 0.344591numbos: 0.142957 numfer: 2.12137e-05 omega: 0.854155 r99bos: 5.07 r99fer: 0.156 r99tot: 5.052
 Nb/Nf: 6738.87 Eb/Ef: 9174.06
mass_bos= 0.22797 mass_fer= 2.48494e-05
compactness= 0.0682088
compactness_boson= 0.0449645
E_binding= 0.201613
