mass= 0.380002numbos: 0.163691 numfer: 8.95149e-08 omega: 0.846222 r99bos: 5.154 r99fer: 0.024 r99tot: 5.172
 Nb/Nf: 1.82865e+06 Eb/Ef: 2.59344e+06
mass_bos= 0.248385 mass_fer= 9.57743e-08
compactness= 0.0734729
compactness_boson= 0.0481927
E_binding= 0.216311
