mass= 0.372447numbos: 0.159192 numfer: 2.47276e-09 omega: 0.841376 r99bos: 4.95 r99fer: 0.006 r99tot: 4.968
 Nb/Nf: 6.43782e+07 Eb/Ef: 9.12833e+07
mass_bos= 0.246285 mass_fer= 2.69803e-09
compactness= 0.0749693
compactness_boson= 0.0497545
E_binding= 0.213256
