mass= 0.367156numbos: 0.156053 numfer: 1.31944e-08 omega: 0.844891 r99bos: 4.98 r99fer: 0.006 r99tot: 4.992
 Nb/Nf: 1.18272e+07 Eb/Ef: 1.24368e+07
mass_bos= 0.243862 mass_fer= 1.96082e-08
compactness= 0.0735489
compactness_boson= 0.0489684
E_binding= 0.211104
