mass= 0.379411numbos: 0.163331 numfer: 8.42591e-08 omega: 0.839623 r99bos: 4.962 r99fer: 0.012 r99tot: 4.986
 Nb/Nf: 1.93844e+06 Eb/Ef: 2.40057e+06
mass_bos= 0.249604 mass_fer= 1.03977e-07
compactness= 0.0760953
compactness_boson= 0.0503031
E_binding= 0.21608
