mass= 0.625787numbos: 0.18912 numfer: 0.257677 omega: 0.705007 r99bos: 3.978 r99fer: 4.248 r99tot: 4.206
 Nb/Nf: 0.733942 Eb/Ef: 0.832853
mass_bos= 0.248213 mass_fer= 0.298028
compactness= 0.148784
compactness_boson= 0.0623965
E_binding= 0.17899
