mass= 0.381769numbos: 0.164734 numfer: 3.94464e-08 omega: 0.841262 r99bos: 5.028 r99fer: 0.012 r99tot: 5.052
 Nb/Nf: 4.17615e+06 Eb/Ef: 5.76641e+06
mass_bos= 0.250356 mass_fer= 4.34162e-08
compactness= 0.0755678
compactness_boson= 0.0497923
E_binding= 0.217034
