mass= 0.573574numbos: 0.288364 numfer: 0.00363719 omega: 0.789777 r99bos: 5.262 r99fer: 1.236 r99tot: 5.388
 Nb/Nf: 79.282 Eb/Ef: 89.4575
mass_bos= 0.343754 mass_fer= 0.00384265
compactness= 0.106454
compactness_boson= 0.0653276
E_binding= 0.281573
