mass= 0.373899numbos: 0.160053 numfer: 3.4241e-08 omega: 0.840564 r99bos: 4.938 r99fer: 0.006 r99tot: 4.962
 Nb/Nf: 4.67431e+06 Eb/Ef: 5.5162e+06
mass_bos= 0.246993 mass_fer= 4.47759e-08
compactness= 0.0753524
compactness_boson= 0.0500188
E_binding= 0.213846
