mass= 0.382856numbos: 0.165399 numfer: 0 omega: 0.841912 r99bos: 5.202 r99fer: 0 r99tot: 5.196
 Nb/Nf: inf Eb/Ef: inf
mass_bos= 0.250733 mass_fer= 0
compactness= 0.0736829
compactness_boson= 0.0481993
E_binding= 0.217458
