mass= 0.349361numbos: 0.145821 numfer: 0.000374101 omega: 0.824176 r99bos: 4.374 r99fer: 0.372 r99tot: 4.386
 Nb/Nf: 389.79 Eb/Ef: 513.398
mass_bos= 0.233422 mass_fer= 0.00045466
compactness= 0.0796537
compactness_boson= 0.0533657
E_binding= 0.203166
