mass= 0.6303numbos: 0.324028 numfer: 0.002113 omega: 0.854611 r99bos: 7.764 r99fer: 1.566 r99tot: 7.878
 Nb/Nf: 153.35 Eb/Ef: 163.65
mass_bos= 0.351493 mass_fer= 0.00214784
compactness= 0.0800077
compactness_boson= 0.0452722
E_binding= 0.304159
