mass= 0.369548numbos: 0.157465 numfer: 1.86909e-08 omega: 0.843381 r99bos: 4.932 r99fer: 0.006 r99tot: 4.956
 Nb/Nf: 8.42467e+06 Eb/Ef: 7.75996e+06
mass_bos= 0.244916 mass_fer= 3.15615e-08
compactness= 0.0745657
compactness_boson= 0.0496585
E_binding= 0.212083
