mass= 0.381778numbos: 0.16474 numfer: 3.18014e-07 omega: 0.841257 r99bos: 5.028 r99fer: 0.024 r99tot: 5.052
 Nb/Nf: 518028 Eb/Ef: 634357
mass_bos= 0.250361 mass_fer= 3.94669e-07
compactness= 0.0755697
compactness_boson= 0.0497934
E_binding= 0.217038
