mass= 0.375383numbos: 0.160934 numfer: 3.19084e-08 omega: 0.839989 r99bos: 4.932 r99fer: 0.006 r99tot: 4.956
 Nb/Nf: 5.04365e+06 Eb/Ef: 6.15778e+06
mass_bos= 0.247724 mass_fer= 4.02295e-08
compactness= 0.0757431
compactness_boson= 0.050228
E_binding= 0.214448
