mass= 0.364581numbos: 0.154553 numfer: 4.67409e-09 omega: 0.847052 r99bos: 5.04 r99fer: 0.006 r99tot: 5.046
 Nb/Nf: 3.3066e+07 Eb/Ef: 4.43016e+07
mass_bos= 0.242727 mass_fer= 5.47896e-09
compactness= 0.0722515
compactness_boson= 0.0481601
E_binding= 0.210028
