mass= 0.368616numbos: 0.156913 numfer: 1.78658e-08 omega: 0.843997 r99bos: 4.944 r99fer: 0.006 r99tot: 4.968
 Nb/Nf: 8.7829e+06 Eb/Ef: 8.25334e+06
mass_bos= 0.244505 mass_fer= 2.9625e-08
compactness= 0.074198
compactness_boson= 0.0494549
E_binding= 0.211703
