mass= 0.373702numbos: 0.159982 numfer: 3.96028e-07 omega: 0.851077 r99bos: 5.238 r99fer: 0.042 r99tot: 5.25
 Nb/Nf: 403967 Eb/Ef: 563661
mass_bos= 0.24416 mass_fer= 4.33167e-07
compactness= 0.0711813
compactness_boson= 0.0466131
E_binding= 0.213719
