mass= 0.498413numbos: 0.239438 numfer: 0.00524124 omega: 0.770642 r99bos: 4.416 r99fer: 1.104 r99tot: 4.536
 Nb/Nf: 45.6835 Eb/Ef: 53.2955
mass_bos= 0.311717 mass_fer= 0.00584885
compactness= 0.109879
compactness_boson= 0.0705881
E_binding= 0.253733
