mass= 0.366093numbos: 0.155417 numfer: 1.89651e-08 omega: 0.84548 r99bos: 4.944 r99fer: 0.006 r99tot: 4.968
 Nb/Nf: 8.19493e+06 Eb/Ef: 7.55348e+06
mass_bos= 0.243342 mass_fer= 3.2216e-08
compactness= 0.0736902
compactness_boson= 0.0492198
E_binding= 0.210676
