mass= 0.364337numbos: 0.154404 numfer: 1.56671e-08 omega: 0.847153 r99bos: 5.004 r99fer: 0.006 r99tot: 5.016
 Nb/Nf: 9.85524e+06 Eb/Ef: 9.81739e+06
mass_bos= 0.24259 mass_fer= 2.47102e-08
compactness= 0.0726349
compactness_boson= 0.0484792
E_binding= 0.209933
