mass= 0.371059numbos: 0.158369 numfer: 3.02377e-09 omega: 0.842375 r99bos: 4.962 r99fer: 0.006 r99tot: 4.98
 Nb/Nf: 5.23746e+07 Eb/Ef: 7.30914e+07
mass_bos= 0.245632 mass_fer= 3.36062e-09
compactness= 0.0745099
compactness_boson= 0.0495027
E_binding= 0.21269
