mass= 0.37946numbos: 0.163361 numfer: 1.06511e-08 omega: 0.839603 r99bos: 4.968 r99fer: 0.006 r99tot: 4.992
 Nb/Nf: 1.53375e+07 Eb/Ef: 2.14589e+07
mass_bos= 0.249631 mass_fer= 1.1633e-08
compactness= 0.0760137
compactness_boson= 0.0502478
E_binding= 0.216099
