mass= 0.380473numbos: 0.163963 numfer: 3.47889e-07 omega: 0.839938 r99bos: 4.98 r99fer: 0.024 r99tot: 5.004
 Nb/Nf: 471310 Eb/Ef: 573221
mass_bos= 0.250031 mass_fer= 4.36186e-07
compactness= 0.0760337
compactness_boson= 0.050207
E_binding= 0.216509
