mass= 0.345274numbos: 0.143348 numfer: 0.000388084 omega: 0.830274 r99bos: 4.476 r99fer: 0.366 r99tot: 4.476
 Nb/Nf: 369.373 Eb/Ef: 480.449
mass_bos= 0.23061 mass_fer= 0.000479988
compactness= 0.0771389
compactness_boson= 0.0515214
E_binding= 0.201538
