mass= 0.367811numbos: 0.156437 numfer: 1.67665e-08 omega: 0.844487 r99bos: 4.956 r99fer: 0.006 r99tot: 4.974
 Nb/Nf: 9.33035e+06 Eb/Ef: 9.00144e+06
mass_bos= 0.244147 mass_fer= 2.71231e-08
compactness= 0.0739466
compactness_boson= 0.0492629
E_binding= 0.211374
