mass= 0.452229numbos: 0.21098 numfer: 0.000596381 omega: 0.770289 r99bos: 4.11 r99fer: 0.588 r99tot: 4.218
 Nb/Nf: 353.767 Eb/Ef: 451.049
mass_bos= 0.292212 mass_fer= 0.00064785
compactness= 0.107214
compactness_boson= 0.0710978
E_binding= 0.240653
