mass= 0.563487numbos: 0.282537 numfer: 0.00207831 omega: 0.784375 r99bos: 5.076 r99fer: 1.056 r99tot: 5.208
 Nb/Nf: 135.945 Eb/Ef: 156.065
mass_bos= 0.341299 mass_fer= 0.0021869
compactness= 0.108196
compactness_boson= 0.0672378
E_binding= 0.278872
