mass= 0.381745numbos: 0.164722 numfer: 3.5982e-07 omega: 0.843402 r99bos: 5.088 r99fer: 0.03 r99tot: 5.112
 Nb/Nf: 457788 Eb/Ef: 596010
mass_bos= 0.249869 mass_fer= 4.19236e-07
compactness= 0.0746763
compactness_boson= 0.0491095
E_binding= 0.217023
