mass= 0.342052numbos: 0.141469 numfer: 8.45141e-07 omega: 0.851971 r99bos: 4.98 r99fer: 0.072 r99tot: 4.962
 Nb/Nf: 167391 Eb/Ef: 255709
mass_bos= 0.226871 mass_fer= 8.87223e-07
compactness= 0.0689344
compactness_boson= 0.0455565
E_binding= 0.200582
