mass= 0.37387numbos: 0.160035 numfer: 4.74973e-08 omega: 0.840576 r99bos: 4.932 r99fer: 0.006 r99tot: 4.956
 Nb/Nf: 3.36935e+06 Eb/Ef: 3.74614e+06
mass_bos= 0.246977 mass_fer= 6.59284e-08
compactness= 0.0754379
compactness_boson= 0.0500764
E_binding= 0.213835
