mass= 0.345192numbos: 0.143364 numfer: 4.89659e-06 omega: 0.82982 r99bos: 4.446 r99fer: 0.138 r99tot: 4.452
 Nb/Nf: 29278.4 Eb/Ef: 44746.7
mass_bos= 0.230876 mass_fer= 5.15961e-06
compactness= 0.0775365
compactness_boson= 0.0519288
E_binding= 0.201823
