mass= 0.381821numbos: 0.164767 numfer: 5.16702e-09 omega: 0.841241 r99bos: 5.034 r99fer: 0.006 r99tot: 5.058
 Nb/Nf: 3.18881e+07 Eb/Ef: 4.66895e+07
mass_bos= 0.250385 mass_fer= 5.36277e-09
compactness= 0.0754885
compactness_boson= 0.0497388
E_binding= 0.217054
