mass= 0.428852numbos: 0.195993 numfer: 2.82865e-07 omega: 0.774718 r99bos: 4.044 r99fer: 0.114 r99tot: 4.134
 Nb/Nf: 692884 Eb/Ef: 985576
mass_bos= 0.280321 mass_fer= 2.84423e-07
compactness= 0.103738
compactness_boson= 0.0693177
E_binding= 0.232859
