mass= 0.390306numbos: 0.169695 numfer: 0.00538608 omega: 0.791309 r99bos: 4.08 r99fer: 0.888 r99tot: 4.128
 Nb/Nf: 31.5062 Eb/Ef: 38.0133
mass_bos= 0.255096 mass_fer= 0.0067107
compactness= 0.0945509
compactness_boson= 0.0625236
E_binding= 0.215225
