mass= 0.368562numbos: 0.15688 numfer: 1.89651e-08 omega: 0.84402 r99bos: 4.938 r99fer: 0.006 r99tot: 4.962
 Nb/Nf: 8.27204e+06 Eb/Ef: 7.58862e+06
mass_bos= 0.244475 mass_fer= 3.2216e-08
compactness= 0.0742768
compactness_boson= 0.0495088
E_binding= 0.211682
