mass= 0.379412numbos: 0.163332 numfer: 9.03334e-08 omega: 0.839623 r99bos: 4.962 r99fer: 0.012 r99tot: 4.986
 Nb/Nf: 1.8081e+06 Eb/Ef: 2.21507e+06
mass_bos= 0.249604 mass_fer= 1.12685e-07
compactness= 0.0760955
compactness_boson= 0.0503032
E_binding= 0.216081
