mass= 0.365454numbos: 0.155044 numfer: 1.70406e-08 omega: 0.845932 r99bos: 4.962 r99fer: 0.006 r99tot: 4.98
 Nb/Nf: 9.09851e+06 Eb/Ef: 8.76245e+06
mass_bos= 0.243059 mass_fer= 2.77387e-08
compactness= 0.0733843
compactness_boson= 0.0489841
E_binding= 0.21041
