mass= 0.380499numbos: 0.16398 numfer: 8.95766e-09 omega: 0.839928 r99bos: 4.986 r99fer: 0.006 r99tot: 5.01
 Nb/Nf: 1.83061e+07 Eb/Ef: 2.59616e+07
mass_bos= 0.250046 mass_fer= 9.63136e-09
compactness= 0.0759479
compactness_boson= 0.0501496
E_binding= 0.216519
