mass= 0.351357numbos: 0.146914 numfer: 2.63187e-07 omega: 0.856349 r99bos: 5.196 r99fer: 0.048 r99tot: 5.184
 Nb/Nf: 558210 Eb/Ef: 841458
mass_bos= 0.231354 mass_fer= 2.74945e-07
compactness= 0.0677771
compactness_boson= 0.0445255
E_binding= 0.204442
