mass= 0.3782numbos: 0.162611 numfer: 2.52901e-07 omega: 0.839517 r99bos: 4.95 r99fer: 0.018 r99tot: 4.974
 Nb/Nf: 642982 Eb/Ef: 758205
mass_bos= 0.24907 mass_fer= 3.285e-07
compactness= 0.0760355
compactness_boson= 0.0503172
E_binding= 0.21559
