mass= 0.36887numbos: 0.15707 numfer: 7.69514e-09 omega: 0.843891 r99bos: 4.98 r99fer: 0.006 r99tot: 4.992
 Nb/Nf: 2.04116e+07 Eb/Ef: 2.47702e+07
mass_bos= 0.244648 mass_fer= 9.87672e-09
compactness= 0.0738923
compactness_boson= 0.0491262
E_binding= 0.2118
