mass= 0.363446numbos: 0.153975 numfer: 1.26183e-05 omega: 0.855189 r99bos: 5.28 r99fer: 0.114 r99tot: 5.274
 Nb/Nf: 12202.5 Eb/Ef: 15187.4
mass_bos= 0.238006 mass_fer= 1.56712e-05
compactness= 0.0689128
compactness_boson= 0.0450768
E_binding= 0.209459
