mass= 0.41466numbos: 0.179165 numfer: 0.0199834 omega: 0.778723 r99bos: 4.044 r99fer: 1.446 r99tot: 4.086
 Nb/Nf: 8.9657 Eb/Ef: 10.5032
mass_bos= 0.260053 mass_fer= 0.0247594
compactness= 0.101483
compactness_boson= 0.0643059
E_binding= 0.215511
