mass= 0.368916numbos: 0.157098 numfer: 4.12308e-09 omega: 0.843873 r99bos: 4.986 r99fer: 0.006 r99tot: 4.998
 Nb/Nf: 3.81021e+07 Eb/Ef: 5.15171e+07
mass_bos= 0.244674 mass_fer= 4.74937e-09
compactness= 0.0738126
compactness_boson= 0.0490721
E_binding= 0.211818
