mass= 0.376651numbos: 0.16269 numfer: 0.000232547 omega: 0.798759 r99bos: 4.08 r99fer: 0.378 r99tot: 4.134
 Nb/Nf: 699.602 Eb/Ef: 956.247
mass_bos= 0.250568 mass_fer= 0.000262032
compactness= 0.0911105
compactness_boson= 0.0614136
E_binding= 0.213728
