mass= 0.38196numbos: 0.164849 numfer: 4.82522e-07 omega: 0.84223 r99bos: 5.058 r99fer: 0.03 r99tot: 5.082
 Nb/Nf: 341640 Eb/Ef: 419682
mass_bos= 0.250233 mass_fer= 5.96245e-07
compactness= 0.0751593
compactness_boson= 0.0494728
E_binding= 0.217111
