mass= 0.596017numbos: 0.303063 numfer: 0.00211015 omega: 0.801649 r99bos: 5.688 r99fer: 1.188 r99tot: 5.814
 Nb/Nf: 143.622 Eb/Ef: 160.764
mass_bos= 0.3519 mass_fer= 0.00218892
compactness= 0.102514
compactness_boson= 0.0618671
E_binding= 0.290844
