mass= 0.370721numbos: 0.15816 numfer: 1.95161e-08 omega: 0.842517 r99bos: 4.92 r99fer: 0.006 r99tot: 4.944
 Nb/Nf: 8.10408e+06 Eb/Ef: 7.31611e+06
mass_bos= 0.245442 mass_fer= 3.35481e-08
compactness= 0.0749839
compactness_boson= 0.0498865
E_binding= 0.212561
