mass= 0.363496numbos: 0.154003 numfer: 2.26097e-05 omega: 0.855169 r99bos: 5.28 r99fer: 0.132 r99tot: 5.274
 Nb/Nf: 6811.37 Eb/Ef: 8168.44
mass_bos= 0.238027 mass_fer= 2.91398e-05
compactness= 0.0689222
compactness_boson= 0.0450808
E_binding= 0.20947
