mass= 0.367378numbos: 0.156279 numfer: 7.81722e-10 omega: 0.85397 r99bos: 5.304 r99fer: 0.006 r99tot: 5.298
 Nb/Nf: 1.99916e+08 Eb/Ef: 3.05396e+08
mass_bos= 0.2403 mass_fer= 7.86847e-10
compactness= 0.0693427
compactness_boson= 0.0453055
E_binding= 0.211099
