mass= 0.381124numbos: 0.164354 numfer: 1.65147e-06 omega: 0.844732 r99bos: 5.124 r99fer: 0.048 r99tot: 5.142
 Nb/Nf: 99519.7 Eb/Ef: 118337
mass_bos= 0.249268 mass_fer= 2.10641e-06
compactness= 0.0741197
compactness_boson= 0.0486471
E_binding= 0.216768
