mass= 0.373693numbos: 0.159977 numfer: 3.05704e-07 omega: 0.85108 r99bos: 5.238 r99fer: 0.036 r99tot: 5.25
 Nb/Nf: 523306 Eb/Ef: 727455
mass_bos= 0.244155 mass_fer= 3.35629e-07
compactness= 0.0711797
compactness_boson= 0.0466122
E_binding= 0.213716
