mass= 0.342241numbos: 0.141584 numfer: 4.09451e-09 omega: 0.851892 r99bos: 5.01 r99fer: 0.018 r99tot: 4.986
 Nb/Nf: 3.4579e+07 Eb/Ef: 5.50998e+07
mass_bos= 0.226977 mass_fer= 4.11938e-09
compactness= 0.0686405
compactness_boson= 0.0453048
E_binding= 0.200657
