mass= 0.381754numbos: 0.164727 numfer: 7.13542e-07 omega: 0.843397 r99bos: 5.088 r99fer: 0.036 r99tot: 5.112
 Nb/Nf: 230858 Eb/Ef: 283519
mass_bos= 0.249874 mass_fer= 8.81329e-07
compactness= 0.074678
compactness_boson= 0.0491105
E_binding= 0.217026
