mass= 0.3813numbos: 0.164457 numfer: 7.4806e-07 omega: 0.840476 r99bos: 5.01 r99fer: 0.036 r99tot: 5.034
 Nb/Nf: 219844 Eb/Ef: 269184
mass_bos= 0.250305 mass_fer= 9.29863e-07
compactness= 0.075745
compactness_boson= 0.049961
E_binding= 0.216843
