mass= 0.344823numbos: 0.143083 numfer: 0.000106773 omega: 0.85415 r99bos: 5.088 r99fer: 0.222 r99tot: 5.064
 Nb/Nf: 1340.06 Eb/Ef: 1661.87
mass_bos= 0.228031 mass_fer= 0.000137214
compactness= 0.068093
compactness_boson= 0.0448175
E_binding= 0.201633
