mass= 0.375359numbos: 0.16092 numfer: 3.12071e-08 omega: 0.839999 r99bos: 4.932 r99fer: 0.006 r99tot: 4.956
 Nb/Nf: 5.15652e+06 Eb/Ef: 6.60265e+06
mass_bos= 0.247711 mass_fer= 3.75169e-08
compactness= 0.0757384
compactness_boson= 0.0502253
E_binding= 0.214439
