mass= 0.564072numbos: 0.2292 numfer: 0.113535 omega: 0.762303 r99bos: 4.662 r99fer: 3.132 r99tot: 4.626
 Nb/Nf: 2.01876 Eb/Ef: 2.20245
mass_bos= 0.284512 mass_fer= 0.12918
compactness= 0.121935
compactness_boson= 0.0610279
E_binding= 0.221338
