mass= 0.381945numbos: 0.16484 numfer: 1.07349e-07 omega: 0.842237 r99bos: 5.058 r99fer: 0.018 r99tot: 5.082
 Nb/Nf: 1.53556e+06 Eb/Ef: 2.03369e+06
mass_bos= 0.250225 mass_fer= 1.2304e-07
compactness= 0.0751565
compactness_boson= 0.0494712
E_binding= 0.217106
