mass= 0.379995numbos: 0.163687 numfer: 2.65827e-07 omega: 0.846224 r99bos: 5.154 r99fer: 0.03 r99tot: 5.172
 Nb/Nf: 615766 Eb/Ef: 825586
mass_bos= 0.248381 mass_fer= 3.00855e-07
compactness= 0.0734716
compactness_boson= 0.048192
E_binding= 0.216308
