mass= 0.351322numbos: 0.146893 numfer: 6.06076e-07 omega: 0.856363 r99bos: 5.19 r99fer: 0.06 r99tot: 5.178
 Nb/Nf: 242367 Eb/Ef: 360755
mass_bos= 0.231335 mass_fer= 6.41252e-07
compactness= 0.067849
compactness_boson= 0.0445732
E_binding= 0.204428
