mass= 0.344869numbos: 0.143107 numfer: 0.000128068 omega: 0.854155 r99bos: 5.088 r99fer: 0.24 r99tot: 5.064
 Nb/Nf: 1117.43 Eb/Ef: 1373.81
mass_bos= 0.22804 mass_fer= 0.000165991
compactness= 0.0681021
compactness_boson= 0.0448192
E_binding= 0.201634
