mass= 0.376743numbos: 0.162786 numfer: 2.65231e-05 omega: 0.798508 r99bos: 4.068 r99fer: 0.234 r99tot: 4.122
 Nb/Nf: 6137.51 Eb/Ef: 8928.96
mass_bos= 0.250776 mass_fer= 2.80857e-05
compactness= 0.0913982
compactness_boson= 0.0616461
E_binding= 0.213931
