mass= 0.368889numbos: 0.157082 numfer: 5.49653e-09 omega: 0.843883 r99bos: 4.98 r99fer: 0.006 r99tot: 4.998
 Nb/Nf: 2.85783e+07 Eb/Ef: 3.70158e+07
mass_bos= 0.244659 mass_fer= 6.60958e-09
compactness= 0.0738074
compactness_boson= 0.0491283
E_binding= 0.211808
