mass= 0.60624numbos: 0.211463 numfer: 0.196479 omega: 0.736531 r99bos: 4.404 r99fer: 3.852 r99tot: 4.26
 Nb/Nf: 1.07626 Eb/Ef: 1.18482
mass_bos= 0.265855 mass_fer= 0.224385
compactness= 0.14231
compactness_boson= 0.0603668
E_binding= 0.198298
