mass= 0.345254numbos: 0.143404 numfer: 2.55381e-07 omega: 0.829785 r99bos: 4.458 r99fer: 0.072 r99tot: 4.464
 Nb/Nf: 561528 Eb/Ef: 889520
mass_bos= 0.230914 mass_fer= 2.59594e-07
compactness= 0.0773419
compactness_boson= 0.0517976
E_binding= 0.20185
