mass= 0.365802numbos: 0.155258 numfer: 7.14685e-09 omega: 0.845787 r99bos: 5.01 r99fer: 0.006 r99tot: 5.016
 Nb/Nf: 2.17239e+07 Eb/Ef: 2.69426e+07
mass_bos= 0.243254 mass_fer= 9.02861e-09
compactness= 0.072927
compactness_boson= 0.0485537
E_binding= 0.210544
