mass= 1.32887numbos: 0 numfer: 1.42211 omega: 0.698821 r99bos: 5.076 r99fer: 9.372 r99tot: 9.372
 Nb/Nf: 0 Eb/Ef: 0
mass_bos= 0 mass_fer= 1.49735
compactness= 0.141791
compactness_boson= 0
E_binding= -0.0932415
