mass= 0.60893numbos: 0.308635 numfer: 0.00804631 omega: 0.817257 r99bos: 6.216 r99fer: 1.734 r99tot: 6.33
 Nb/Nf: 38.3573 Eb/Ef: 41.5941
mass_bos= 0.350087 mass_fer= 0.00841675
compactness= 0.0961975
compactness_boson= 0.0563203
E_binding= 0.292249
