mass= 0.376946numbos: 0.161867 numfer: 1.47028e-06 omega: 0.839596 r99bos: 4.956 r99fer: 0.054 r99tot: 4.974
 Nb/Nf: 110093 Eb/Ef: 145345
mass_bos= 0.248491 mass_fer= 1.70967e-06
compactness= 0.0757832
compactness_boson= 0.0501395
E_binding= 0.215078
