mass= 0.366374numbos: 0.15559 numfer: 1.37427e-08 omega: 0.845361 r99bos: 4.98 r99fer: 0.006 r99tot: 4.998
 Nb/Nf: 1.13217e+07 Eb/Ef: 1.1763e+07
mass_bos= 0.2435 mass_fer= 2.07006e-08
compactness= 0.0733041
compactness_boson= 0.0488956
E_binding= 0.210784
