mass= 0.381264numbos: 0.164434 numfer: 1.10829e-07 omega: 0.840491 r99bos: 5.004 r99fer: 0.018 r99tot: 5.028
 Nb/Nf: 1.48368e+06 Eb/Ef: 1.98135e+06
mass_bos= 0.250284 mass_fer= 1.2632e-07
compactness= 0.0758281
compactness_boson= 0.0500168
E_binding= 0.21683
