mass= 0.372274numbos: 0.159085 numfer: 1.0009e-07 omega: 0.841448 r99bos: 4.926 r99fer: 0.006 r99tot: 4.95
 Nb/Nf: 1.58942e+06 Eb/Ef: 1.56469e+06
mass_bos= 0.246187 mass_fer= 1.57339e-07
compactness= 0.0752069
compactness_boson= 0.0499771
E_binding= 0.213189
