mass= 0.367331numbos: 0.15616 numfer: 1.65032e-09 omega: 0.84482 r99bos: 5.004 r99fer: 0.006 r99tot: 5.016
 Nb/Nf: 9.46243e+07 Eb/Ef: 1.39354e+08
mass_bos= 0.243961 mass_fer= 1.75066e-09
compactness= 0.0732319
compactness_boson= 0.0487531
E_binding= 0.211171
