mass= 0.361061numbos: 0.153028 numfer: 0.000104758 omega: 0.811079 r99bos: 4.188 r99fer: 0.294 r99tot: 4.224
 Nb/Nf: 1460.78 Eb/Ef: 2056.62
mass_bos= 0.241155 mass_fer= 0.000117258
compactness= 0.0854785
compactness_boson= 0.0575823
E_binding= 0.207929
