mass= 0.558395numbos: 0.276812 numfer: 0.00848151 omega: 0.785352 r99bos: 5.076 r99fer: 1.452 r99tot: 5.196
 Nb/Nf: 32.6371 Eb/Ef: 36.5038
mass_bos= 0.334969 mass_fer= 0.00917629
compactness= 0.107466
compactness_boson= 0.0659908
E_binding= 0.273102
