mass= 0.365799numbos: 0.155256 numfer: 8.5203e-09 omega: 0.845788 r99bos: 5.01 r99fer: 0.006 r99tot: 5.016
 Nb/Nf: 1.82219e+07 Eb/Ef: 2.1729e+07
mass_bos= 0.243253 mass_fer= 1.11948e-08
compactness= 0.0729265
compactness_boson= 0.0485535
E_binding= 0.210543
