mass= 0.380028numbos: 0.163707 numfer: 2.53925e-06 omega: 0.846208 r99bos: 5.16 r99fer: 0.06 r99tot: 5.172
 Nb/Nf: 64470.6 Eb/Ef: 77417
mass_bos= 0.248399 mass_fer= 3.20858e-06
compactness= 0.0734779
compactness_boson= 0.0481393
E_binding= 0.216318
