mass= 0.381784numbos: 0.164743 numfer: 1.97444e-07 omega: 0.841255 r99bos: 5.028 r99fer: 0.024 r99tot: 5.052
 Nb/Nf: 834380 Eb/Ef: 1.12136e+06
mass_bos= 0.250364 mass_fer= 2.23269e-07
compactness= 0.0755708
compactness_boson= 0.049794
E_binding= 0.21704
