mass= 0.34223numbos: 0.141587 numfer: 6.63662e-07 omega: 0.835517 r99bos: 4.554 r99fer: 0.084 r99tot: 4.554
 Nb/Nf: 213342 Eb/Ef: 335425
mass_bos= 0.228713 mass_fer= 6.81859e-07
compactness= 0.0751494
compactness_boson= 0.0502223
E_binding= 0.200643
