mass= 0.376802numbos: 0.161777 numfer: 1.43506e-07 omega: 0.839655 r99bos: 4.932 r99fer: 0.012 r99tot: 4.956
 Nb/Nf: 1.12732e+06 Eb/Ef: 1.3062e+06
mass_bos= 0.248411 mass_fer= 1.90178e-07
compactness= 0.0760294
compactness_boson= 0.0503671
E_binding= 0.215024
