mass= 0.376872numbos: 0.161821 numfer: 1.57451e-08 omega: 0.839627 r99bos: 4.944 r99fer: 0.006 r99tot: 4.968
 Nb/Nf: 1.02775e+07 Eb/Ef: 1.37253e+07
mass_bos= 0.24845 mass_fer= 1.81017e-08
compactness= 0.0758599
compactness_boson= 0.0502529
E_binding= 0.215051
