mass= 0.367324numbos: 0.156156 numfer: 2.19861e-09 omega: 0.844822 r99bos: 5.004 r99fer: 0.006 r99tot: 5.016
 Nb/Nf: 7.10248e+07 Eb/Ef: 1.02645e+08
mass_bos= 0.243957 mass_fer= 2.3767e-09
compactness= 0.0732305
compactness_boson= 0.0487524
E_binding= 0.211168
