mass= 0.487486numbos: 0.2331 numfer: 0.00312171 omega: 0.769371 r99bos: 4.326 r99fer: 0.942 r99tot: 4.44
 Nb/Nf: 74.6707 Eb/Ef: 88.9184
mass_bos= 0.307982 mass_fer= 0.00346365
compactness= 0.109794
compactness_boson= 0.0711933
E_binding= 0.251264
