mass= 0.365037numbos: 0.154809 numfer: 1.12699e-08 omega: 0.846383 r99bos: 5.004 r99fer: 0.006 r99tot: 5.016
 Nb/Nf: 1.37365e+07 Eb/Ef: 1.52297e+07
mass_bos= 0.242901 mass_fer= 1.59492e-08
compactness= 0.0727746
compactness_boson= 0.0485413
E_binding= 0.210228
