mass= 0.561678numbos: 0.280617 numfer: 0.004136 omega: 0.784829 r99bos: 5.082 r99fer: 1.23 r99tot: 5.208
 Nb/Nf: 67.8473 Eb/Ef: 76.9478
mass_bos= 0.339148 mass_fer= 0.00440751
compactness= 0.107849
compactness_boson= 0.0667352
E_binding= 0.276926
