mass= 0.38179numbos: 0.164747 numfer: 3.27364e-08 omega: 0.841253 r99bos: 5.028 r99fer: 0.012 r99tot: 5.052
 Nb/Nf: 5.03255e+06 Eb/Ef: 6.95977e+06
mass_bos= 0.250368 mass_fer= 3.59736e-08
compactness= 0.075572
compactness_boson= 0.0497947
E_binding= 0.217042
