mass= 0.611811numbos: 0.312022 numfer: 0.00414927 omega: 0.816903 r99bos: 6.222 r99fer: 1.494 r99tot: 6.342
 Nb/Nf: 75.1992 Eb/Ef: 82.2096
mass_bos= 0.3537 mass_fer= 0.00430241
compactness= 0.0964698
compactness_boson= 0.0568466
E_binding= 0.29564
