mass= 0.380488numbos: 0.163973 numfer: 6.17706e-07 omega: 0.839932 r99bos: 4.986 r99fer: 0.03 r99tot: 5.01
 Nb/Nf: 265454 Eb/Ef: 309797
mass_bos= 0.250039 mass_fer= 8.07106e-07
compactness= 0.0759456
compactness_boson= 0.0501483
E_binding= 0.216514
