mass= 0.366552numbos: 0.1557 numfer: 4.12308e-09 omega: 0.845287 r99bos: 5.004 r99fer: 0.006 r99tot: 5.016
 Nb/Nf: 3.7763e+07 Eb/Ef: 5.12911e+07
mass_bos= 0.243601 mass_fer= 4.74937e-09
compactness= 0.0730766
compactness_boson= 0.0486812
E_binding= 0.210853
