mass= 0.378184numbos: 0.1626 numfer: 2.68216e-08 omega: 0.839524 r99bos: 4.944 r99fer: 0.006 r99tot: 4.968
 Nb/Nf: 6.06229e+06 Eb/Ef: 7.75218e+06
mass_bos= 0.249061 mass_fer= 3.21278e-08
compactness= 0.076124
compactness_boson= 0.0503764
E_binding= 0.215583
