mass= 0.551198numbos: 0.274538 numfer: 0.00246876 omega: 0.780119 r99bos: 4.914 r99fer: 1.056 r99tot: 5.04
 Nb/Nf: 111.205 Eb/Ef: 128.328
mass_bos= 0.336338 mass_fer= 0.00262093
compactness= 0.109365
compactness_boson= 0.0684448
E_binding= 0.274191
