mass= 0.376299numbos: 0.161509 numfer: 4.62286e-07 omega: 0.849443 r99bos: 5.214 r99fer: 0.042 r99tot: 5.226
 Nb/Nf: 349370 Eb/Ef: 478775
mass_bos= 0.245826 mass_fer= 5.13449e-07
compactness= 0.0720052
compactness_boson= 0.0471474
E_binding= 0.21479
