mass= 1.38517numbos: 0.0540142 numfer: 1.38383 omega: 0.46937 r99bos: 3.852 r99fer: 5.772 r99tot: 5.724
 Nb/Nf: 0.0390324 Eb/Ef: 0.0392222
mass_bos= 0.0668734 mass_fer= 1.70499
compactness= 0.241993
compactness_boson= 0.0173607
E_binding= -0.0526727
