mass= 0.363523numbos: 0.154018 numfer: 2.91756e-05 omega: 0.855159 r99bos: 5.286 r99fer: 0.138 r99tot: 5.28
 Nb/Nf: 5279.02 Eb/Ef: 6207.86
mass_bos= 0.238037 mass_fer= 3.83445e-05
compactness= 0.068849
compactness_boson= 0.0450317
E_binding= 0.209475
