mass= 0.550945numbos: 0.265199 numfer: 0.0244599 omega: 0.784732 r99bos: 5.034 r99fer: 1.908 r99tot: 5.124
 Nb/Nf: 10.8422 Eb/Ef: 11.8937
mass_bos= 0.322469 mass_fer= 0.0271127
compactness= 0.107523
compactness_boson= 0.0640582
E_binding= 0.261286
