mass= 0.373703numbos: 0.159983 numfer: 6.76697e-07 omega: 0.851076 r99bos: 5.238 r99fer: 0.048 r99tot: 5.25
 Nb/Nf: 236417 Eb/Ef: 323141
mass_bos= 0.24416 mass_fer= 7.55584e-07
compactness= 0.0711816
compactness_boson= 0.0466133
E_binding= 0.213719
