mass= 0.342065numbos: 0.141477 numfer: 4.82243e-07 omega: 0.851966 r99bos: 4.98 r99fer: 0.066 r99tot: 4.962
 Nb/Nf: 293373 Eb/Ef: 453396
mass_bos= 0.226879 mass_fer= 5.00398e-07
compactness= 0.0689369
compactness_boson= 0.045558
E_binding= 0.200588
