mass= 0.381748numbos: 0.164723 numfer: 1.16183e-07 omega: 0.843401 r99bos: 5.088 r99fer: 0.024 r99tot: 5.112
 Nb/Nf: 1.41779e+06 Eb/Ef: 1.99256e+06
mass_bos= 0.249871 mass_fer= 1.25402e-07
compactness= 0.0746769
compactness_boson= 0.0491098
E_binding= 0.217025
