mass= 0.344746numbos: 0.143042 numfer: 7.59089e-05 omega: 0.854146 r99bos: 5.082 r99fer: 0.204 r99tot: 5.058
 Nb/Nf: 1884.39 Eb/Ef: 2386.68
mass_bos= 0.228014 mass_fer= 9.55362e-05
compactness= 0.0681586
compactness_boson= 0.044867
E_binding= 0.201629
