mass= 0.351532numbos: 0.147013 numfer: 4.83624e-05 omega: 0.856302 r99bos: 5.208 r99fer: 0.174 r99tot: 5.19
 Nb/Nf: 3039.82 Eb/Ef: 3768.02
mass_bos= 0.23142 mass_fer= 6.14167e-05
compactness= 0.0677327
compactness_boson= 0.0444354
E_binding= 0.204471
