mass= 0.367188numbos: 0.156164 numfer: 1.76371e-07 omega: 0.854041 r99bos: 5.274 r99fer: 0.036 r99tot: 5.274
 Nb/Nf: 885426 Eb/Ef: 1.28407e+06
mass_bos= 0.240195 mass_fer= 1.87057e-07
compactness= 0.0696223
compactness_boson= 0.0455432
E_binding= 0.211024
