mass= 0.490355numbos: 0.235874 numfer: 0.000273137 omega: 0.768009 r99bos: 4.308 r99fer: 0.546 r99tot: 4.428
 Nb/Nf: 863.571 Eb/Ef: 1087.32
mass_bos= 0.311351 mass_fer= 0.000286348
compactness= 0.11074
compactness_boson= 0.0722729
E_binding= 0.254208
