mass= 0.379427numbos: 0.163341 numfer: 2.08071e-07 omega: 0.839617 r99bos: 4.962 r99fer: 0.018 r99tot: 4.986
 Nb/Nf: 785023 Eb/Ef: 960983
mass_bos= 0.249612 mass_fer= 2.59747e-07
compactness= 0.0760984
compactness_boson= 0.0503048
E_binding= 0.216086
