mass= 0.379424numbos: 0.163339 numfer: 1.71564e-08 omega: 0.839618 r99bos: 4.962 r99fer: 0.006 r99tot: 4.986
 Nb/Nf: 9.52061e+06 Eb/Ef: 1.2864e+07
mass_bos= 0.249611 mass_fer= 1.94038e-08
compactness= 0.0760979
compactness_boson= 0.0503045
E_binding= 0.216085
