mass= 0.46502numbos: 0.219383 numfer: 0.000259631 omega: 0.7686 r99bos: 4.158 r99fer: 0.504 r99tot: 4.278
 Nb/Nf: 844.98 Eb/Ef: 1088.08
mass_bos= 0.298968 mass_fer= 0.000274768
compactness= 0.1087
compactness_boson= 0.071902
E_binding= 0.245378
