mass= 0.366324numbos: 0.155559 numfer: 1.4842e-08 omega: 0.845382 r99bos: 4.974 r99fer: 0.006 r99tot: 4.992
 Nb/Nf: 1.0481e+07 Eb/Ef: 1.06053e+07
mass_bos= 0.243472 mass_fer= 2.29576e-08
compactness= 0.0733821
compactness_boson= 0.048949
E_binding= 0.210764
