mass= 0.367292numbos: 0.156136 numfer: 4.12308e-09 omega: 0.844835 r99bos: 4.998 r99fer: 0.006 r99tot: 5.01
 Nb/Nf: 3.78688e+07 Eb/Ef: 5.13623e+07
mass_bos= 0.243939 mass_fer= 4.74937e-09
compactness= 0.0733118
compactness_boson= 0.0488073
E_binding= 0.211156
