mass= 0.373957numbos: 0.160089 numfer: 1.09931e-09 omega: 0.84054 r99bos: 4.944 r99fer: 0.006 r99tot: 4.968
 Nb/Nf: 1.45627e+08 Eb/Ef: 2.15964e+08
mass_bos= 0.247026 mass_fer= 1.14383e-09
compactness= 0.0752732
compactness_boson= 0.0499648
E_binding= 0.213868
