mass= 0.366414numbos: 0.155615 numfer: 1.26434e-08 omega: 0.845344 r99bos: 4.986 r99fer: 0.006 r99tot: 4.998
 Nb/Nf: 1.2308e+07 Eb/Ef: 1.31402e+07
mass_bos= 0.243523 mass_fer= 1.85327e-08
compactness= 0.0733122
compactness_boson= 0.0488414
E_binding= 0.210799
