mass= 0.65948numbos: 0.242646 numfer: 0.203442 omega: 0.800559 r99bos: 6.072 r99fer: 4.416 r99tot: 5.886
 Nb/Nf: 1.1927 Eb/Ef: 1.24749
mass_bos= 0.274853 mass_fer= 0.220325
compactness= 0.112042
compactness_boson= 0.0452657
E_binding= 0.213392
