mass= 0.365092numbos: 0.154843 numfer: 9.61961e-09 omega: 0.84636 r99bos: 5.01 r99fer: 0.006 r99tot: 5.022
 Nb/Nf: 1.60966e+07 Eb/Ef: 1.86457e+07
mass_bos= 0.242931 mass_fer= 1.30288e-08
compactness= 0.0726985
compactness_boson= 0.0484893
E_binding= 0.210249
