mass= 0.366128numbos: 0.155439 numfer: 1.84168e-08 omega: 0.845465 r99bos: 4.944 r99fer: 0.006 r99tot: 4.968
 Nb/Nf: 8.44006e+06 Eb/Ef: 7.87259e+06
mass_bos= 0.243362 mass_fer= 3.09125e-08
compactness= 0.0736972
compactness_boson= 0.0492237
E_binding= 0.210689
