mass= 0.376289numbos: 0.161503 numfer: 1.95177e-07 omega: 0.849448 r99bos: 5.214 r99fer: 0.03 r99tot: 5.226
 Nb/Nf: 827468 Eb/Ef: 1.15113e+06
mass_bos= 0.245821 mass_fer= 2.13548e-07
compactness= 0.0720032
compactness_boson= 0.0471463
E_binding= 0.214786
