mass= 0.38196numbos: 0.164849 numfer: 3.83648e-07 omega: 0.842231 r99bos: 5.058 r99fer: 0.03 r99tot: 5.082
 Nb/Nf: 429688 Eb/Ef: 551040
mass_bos= 0.250233 mass_fer= 4.54111e-07
compactness= 0.0751594
compactness_boson= 0.0494728
E_binding= 0.217111
