mass= 0.375294numbos: 0.16088 numfer: 7.10703e-08 omega: 0.840026 r99bos: 4.92 r99fer: 0.006 r99tot: 4.95
 Nb/Nf: 2.26367e+06 Eb/Ef: 2.33763e+06
mass_bos= 0.247674 mass_fer= 1.05951e-07
compactness= 0.075817
compactness_boson= 0.0503403
E_binding= 0.214415
