mass= 0.340554numbos: 0.140585 numfer: 3.3639e-05 omega: 0.848972 r99bos: 4.884 r99fer: 0.18 r99tot: 4.866
 Nb/Nf: 4179.21 Eb/Ef: 5781.86
mass_bos= 0.226378 mass_fer= 3.91531e-05
compactness= 0.0699864
compactness_boson= 0.0463509
E_binding= 0.199936
