mass= 0.379409numbos: 0.16333 numfer: 8.53622e-08 omega: 0.839624 r99bos: 4.962 r99fer: 0.012 r99tot: 4.986
 Nb/Nf: 1.91337e+06 Eb/Ef: 2.4267e+06
mass_bos= 0.249602 mass_fer= 1.02857e-07
compactness= 0.0760949
compactness_boson= 0.0503028
E_binding= 0.216079
