mass= 0.44069numbos: 0.197977 numfer: 0.0153415 omega: 0.773528 r99bos: 4.122 r99fer: 1.35 r99tot: 4.194
 Nb/Nf: 12.9046 Eb/Ef: 14.9727
mass_bos= 0.276823 mass_fer= 0.0184886
compactness= 0.105076
compactness_boson= 0.0671575
E_binding= 0.227371
