mass= 0.367286numbos: 0.156133 numfer: 5.22238e-09 omega: 0.844838 r99bos: 4.998 r99fer: 0.006 r99tot: 5.01
 Nb/Nf: 2.98968e+07 Eb/Ef: 3.91728e+07
mass_bos= 0.243935 mass_fer= 6.22717e-09
compactness= 0.0733106
compactness_boson= 0.0488066
E_binding= 0.211154
