mass= 0.364296numbos: 0.154409 numfer: 5.49653e-09 omega: 0.848262 r99bos: 5.07 r99fer: 0.006 r99tot: 5.076
 Nb/Nf: 2.8092e+07 Eb/Ef: 3.67175e+07
mass_bos= 0.242687 mass_fer= 6.60958e-09
compactness= 0.0717683
compactness_boson= 0.0478673
E_binding= 0.209887
