mass= 0.381747numbos: 0.164723 numfer: 2.69723e-07 omega: 0.843401 r99bos: 5.088 r99fer: 0.03 r99tot: 5.112
 Nb/Nf: 610711 Eb/Ef: 828344
mass_bos= 0.24987 mass_fer= 3.0165e-07
compactness= 0.0746767
compactness_boson= 0.0491098
E_binding= 0.217024
