mass= 0.422982numbos: 0.190404 numfer: 0.00573909 omega: 0.778121 r99bos: 4.074 r99fer: 0.96 r99tot: 4.152
 Nb/Nf: 33.1767 Eb/Ef: 39.7088
mass_bos= 0.273238 mass_fer= 0.00688104
compactness= 0.101874
compactness_boson= 0.0670686
E_binding= 0.226838
