mass= 1.45504numbos: 0.00337986 numfer: 1.54191 omega: 0.421743 r99bos: 3.714 r99fer: 5.55 r99tot: 5.508
 Nb/Nf: 0.002192 Eb/Ef: 0.00214044
mass_bos= 0.00421281 mass_fer= 1.96819
compactness= 0.264168
compactness_boson= 0.0011343
E_binding= -0.0902466
