mass= 0.373859numbos: 0.160028 numfer: 5.49653e-09 omega: 0.840581 r99bos: 4.932 r99fer: 0.006 r99tot: 4.956
 Nb/Nf: 2.91144e+07 Eb/Ef: 3.73655e+07
mass_bos= 0.24697 mass_fer= 6.60958e-09
compactness= 0.0754356
compactness_boson= 0.0500751
E_binding= 0.213831
