mass= 0.379578numbos: 0.163434 numfer: 2.74148e-10 omega: 0.839556 r99bos: 4.986 r99fer: 0.006 r99tot: 5.004
 Nb/Nf: 5.96153e+08 Eb/Ef: 9.01706e+08
mass_bos= 0.249698 mass_fer= 2.76917e-10
compactness= 0.0758549
compactness_boson= 0.0500797
E_binding= 0.216144
