mass= 0.379427numbos: 0.163341 numfer: 2.63814e-07 omega: 0.839616 r99bos: 4.962 r99fer: 0.018 r99tot: 4.986
 Nb/Nf: 619152 Eb/Ef: 702410
mass_bos= 0.249612 mass_fer= 3.55366e-07
compactness= 0.0760984
compactness_boson= 0.0503048
E_binding= 0.216086
