mass= 0.365621numbos: 0.155147 numfer: 1.40195e-08 omega: 0.845862 r99bos: 4.98 r99fer: 0.006 r99tot: 4.998
 Nb/Nf: 1.10665e+07 Eb/Ef: 1.14368e+07
mass_bos= 0.243153 mass_fer= 2.12606e-08
compactness= 0.0731534
compactness_boson= 0.0488259
E_binding= 0.210474
