mass= 0.381781numbos: 0.164742 numfer: 2.42409e-07 omega: 0.841256 r99bos: 5.028 r99fer: 0.024 r99tot: 5.052
 Nb/Nf: 679602 Eb/Ef: 877944
mass_bos= 0.250363 mass_fer= 2.85169e-07
compactness= 0.0755703
compactness_boson= 0.0497937
E_binding= 0.217039
