mass= 0.434202numbos: 0.197331 numfer: 0.00654805 omega: 0.775248 r99bos: 4.098 r99fer: 1.02 r99tot: 4.182
 Nb/Nf: 30.1358 Eb/Ef: 35.8031
mass_bos= 0.278769 mass_fer= 0.00778618
compactness= 0.103826
compactness_boson= 0.0680257
E_binding= 0.230323
