mass= 1.59473numbos: 0 numfer: 1.74086 omega: 0.372889 r99bos: 5.058 r99fer: 6.408 r99tot: 6.372
 Nb/Nf: 0 Eb/Ef: 0
mass_bos= 0 mass_fer= 2.07647
compactness= 0.250272
compactness_boson= 0
E_binding= -0.146126
