mass= 0.378434numbos: 0.162767 numfer: 3.1123e-06 omega: 0.847789 r99bos: 5.19 r99fer: 0.066 r99tot: 5.202
 Nb/Nf: 52297.9 Eb/Ef: 63342.5
mass_bos= 0.247257 mass_fer= 3.90349e-06
compactness= 0.0727478
compactness_boson= 0.0476409
E_binding= 0.215664
