mass= 0.782582numbos: 0.210775 numfer: 0.406009 omega: 0.766776 r99bos: 5.844 r99fer: 5.538 r99tot: 5.634
 Nb/Nf: 0.519139 Eb/Ef: 0.541066
mass_bos= 0.238866 mass_fer= 0.441473
compactness= 0.138903
compactness_boson= 0.0408737
E_binding= 0.165798
