mass= 1.21622numbos: 0.101552 numfer: 1.09987 omega: 0.499632 r99bos: 3.618 r99fer: 5.682 r99tot: 5.616
 Nb/Nf: 0.0923307 Eb/Ef: 0.0972689
mass_bos= 0.130296 mass_fer= 1.33954
compactness= 0.216564
compactness_boson= 0.0360132
E_binding= 0.0147976
