mass= 0.379996numbos: 0.163688 numfer: 4.30614e-07 omega: 0.846223 r99bos: 5.154 r99fer: 0.036 r99tot: 5.172
 Nb/Nf: 380127 Eb/Ef: 506822
mass_bos= 0.248382 mass_fer= 4.90078e-07
compactness= 0.0734718
compactness_boson= 0.0481921
E_binding= 0.216308
