mass= 0.373864numbos: 0.160081 numfer: 1.00631e-09 omega: 0.851016 r99bos: 5.262 r99fer: 0.006 r99tot: 5.268
 Nb/Nf: 1.59078e+08 Eb/Ef: 2.40887e+08
mass_bos= 0.24425 mass_fer= 1.01396e-09
compactness= 0.0709689
compactness_boson= 0.0464177
E_binding= 0.213783
