mass= 0.378187numbos: 0.162602 numfer: 1.14008e-07 omega: 0.839523 r99bos: 4.944 r99fer: 0.012 r99tot: 4.968
 Nb/Nf: 1.42623e+06 Eb/Ef: 1.67105e+06
mass_bos= 0.249062 mass_fer= 1.49045e-07
compactness= 0.0761245
compactness_boson= 0.0503767
E_binding= 0.215584
