mass= 0.373773numbos: 0.160025 numfer: 8.43512e-06 omega: 0.851042 r99bos: 5.25 r99fer: 0.096 r99tot: 5.256
 Nb/Nf: 18971.2 Eb/Ef: 22679.3
mass_bos= 0.244196 mass_fer= 1.07673e-05
compactness= 0.0711136
compactness_boson= 0.0465134
E_binding= 0.21374
