mass= 0.376885numbos: 0.161829 numfer: 1.36299e-08 omega: 0.839622 r99bos: 4.944 r99fer: 0.006 r99tot: 4.968
 Nb/Nf: 1.18731e+07 Eb/Ef: 1.60084e+07
mass_bos= 0.248458 mass_fer= 1.55204e-08
compactness= 0.0758625
compactness_boson= 0.0502544
E_binding= 0.215056
