mass= 0.364408numbos: 0.154448 numfer: 1.40195e-08 omega: 0.847123 r99bos: 5.016 r99fer: 0.006 r99tot: 5.028
 Nb/Nf: 1.10166e+07 Eb/Ef: 1.14122e+07
mass_bos= 0.24263 mass_fer= 2.12606e-08
compactness= 0.0724758
compactness_boson= 0.0483712
E_binding= 0.209961
