mass= 0.371005numbos: 0.158335 numfer: 6.04754e-09 omega: 0.842398 r99bos: 4.956 r99fer: 0.006 r99tot: 4.974
 Nb/Nf: 2.61817e+07 Eb/Ef: 3.32122e+07
mass_bos= 0.245602 mass_fer= 7.39493e-09
compactness= 0.0745888
compactness_boson= 0.0495565
E_binding= 0.21267
