mass= 0.369828numbos: 0.157637 numfer: 6.59584e-09 omega: 0.843264 r99bos: 4.968 r99fer: 0.006 r99tot: 4.986
 Nb/Nf: 2.38995e+07 Eb/Ef: 2.9892e+07
mass_bos= 0.245073 mass_fer= 8.19862e-09
compactness= 0.0741732
compactness_boson= 0.0493304
E_binding= 0.21219
