mass= 0.372313numbos: 0.159109 numfer: 9.09596e-08 omega: 0.841432 r99bos: 4.932 r99fer: 0.006 r99tot: 4.956
 Nb/Nf: 1.74922e+06 Eb/Ef: 1.78064e+06
mass_bos= 0.246209 mass_fer= 1.3827e-07
compactness= 0.0751236
compactness_boson= 0.0499207
E_binding= 0.213204
