mass= 0.368927numbos: 0.157105 numfer: 3.02377e-09 omega: 0.843868 r99bos: 4.986 r99fer: 0.006 r99tot: 4.998
 Nb/Nf: 5.19566e+07 Eb/Ef: 7.2808e+07
mass_bos= 0.24468 mass_fer= 3.36062e-09
compactness= 0.0738149
compactness_boson= 0.0490734
E_binding= 0.211822
