mass= 0.381274numbos: 0.16444 numfer: 3.57123e-07 omega: 0.840487 r99bos: 5.004 r99fer: 0.024 r99tot: 5.028
 Nb/Nf: 460458 Eb/Ef: 548832
mass_bos= 0.25029 mass_fer= 4.56041e-07
compactness= 0.0758301
compactness_boson= 0.050018
E_binding= 0.216833
