mass= 0.378184numbos: 0.162601 numfer: 1.33847e-07 omega: 0.839524 r99bos: 4.944 r99fer: 0.012 r99tot: 4.968
 Nb/Nf: 1.21482e+06 Eb/Ef: 1.37622e+06
mass_bos= 0.249061 mass_fer= 1.80975e-07
compactness= 0.076124
compactness_boson= 0.0503764
E_binding= 0.215583
