mass= 0.388085numbos: 0.167327 numfer: 0.00797001 omega: 0.792184 r99bos: 4.086 r99fer: 1.008 r99tot: 4.128
 Nb/Nf: 20.9946 Eb/Ef: 25.0924
mass_bos= 0.252163 mass_fer= 0.0100494
compactness= 0.0940127
compactness_boson= 0.0617139
E_binding= 0.212787
