mass= 0.381961numbos: 0.164849 numfer: 6.45974e-08 omega: 0.842231 r99bos: 5.058 r99fer: 0.018 r99tot: 5.082
 Nb/Nf: 2.55195e+06 Eb/Ef: 3.5709e+06
mass_bos= 0.250234 mass_fer= 7.00758e-08
compactness= 0.0751595
compactness_boson= 0.0494729
E_binding= 0.217112
