mass= 0.342243numbos: 0.141592 numfer: 2.29503e-05 omega: 0.835538 r99bos: 4.554 r99fer: 0.186 r99tot: 4.554
 Nb/Nf: 6169.5 Eb/Ef: 9006.49
mass_bos= 0.228703 mass_fer= 2.53932e-05
compactness= 0.0751521
compactness_boson= 0.0502203
E_binding= 0.200628
