mass= 0.375438numbos: 0.160969 numfer: 1.37345e-09 omega: 0.839967 r99bos: 4.944 r99fer: 0.006 r99tot: 4.962
 Nb/Nf: 1.172e+08 Eb/Ef: 1.71701e+08
mass_bos= 0.247755 mass_fer= 1.44295e-09
compactness= 0.0756627
compactness_boson= 0.0501124
E_binding= 0.21447
