mass= 0.355366numbos: 0.149254 numfer: 1.51747e-05 omega: 0.856448 r99bos: 5.238 r99fer: 0.126 r99tot: 5.226
 Nb/Nf: 9835.71 Eb/Ef: 12705.8
mass_bos= 0.233486 mass_fer= 1.83764e-05
compactness= 0.0679997
compactness_boson= 0.0445755
E_binding= 0.206097
