mass= 0.447199numbos: 0.206045 numfer: 0.00568563 omega: 0.772647 r99bos: 4.134 r99fer: 1.008 r99tot: 4.23
 Nb/Nf: 36.2397 Eb/Ef: 43.0662
mass_bos= 0.286171 mass_fer= 0.00664493
compactness= 0.105721
compactness_boson= 0.0692239
E_binding= 0.235468
