mass= 0.551422numbos: 0.188505 numfer: 0.171149 omega: 0.724757 r99bos: 3.936 r99fer: 3.612 r99tot: 3.822
 Nb/Nf: 1.10141 Eb/Ef: 1.26538
mass_bos= 0.253287 mass_fer= 0.200167
compactness= 0.144276
compactness_boson= 0.0643513
E_binding= 0.191769
