mass= 0.342303numbos: 0.141622 numfer: 7.1387e-05 omega: 0.835574 r99bos: 4.56 r99fer: 0.24 r99tot: 4.56
 Nb/Nf: 1983.86 Eb/Ef: 2771.36
mass_bos= 0.228699 mass_fer= 8.25224e-05
compactness= 0.0750665
compactness_boson= 0.0501534
E_binding= 0.20061
