mass= 0.367217numbos: 0.15609 numfer: 9.34546e-09 omega: 0.844866 r99bos: 4.986 r99fer: 0.006 r99tot: 5.004
 Nb/Nf: 1.67022e+07 Eb/Ef: 1.94137e+07
mass_bos= 0.243896 mass_fer= 1.25631e-08
compactness= 0.0733846
compactness_boson= 0.0489162
E_binding= 0.211127
