mass= 0.468371numbos: 0.217665 numfer: 0.0111136 omega: 0.770891 r99bos: 4.248 r99fer: 1.272 r99tot: 4.344
 Nb/Nf: 19.5855 Eb/Ef: 22.6419
mass_bos= 0.293543 mass_fer= 0.0129646
compactness= 0.10782
compactness_boson= 0.0691015
E_binding= 0.239592
