mass= 0.450221numbos: 0.200649 numfer: 0.0232569 omega: 0.770927 r99bos: 4.14 r99fer: 1.578 r99tot: 4.206
 Nb/Nf: 8.62749 Eb/Ef: 9.9129
mass_bos= 0.277215 mass_fer= 0.0279651
compactness= 0.107042
compactness_boson= 0.0669603
E_binding= 0.226315
