mass= 0.370924numbos: 0.158286 numfer: 1.07189e-08 omega: 0.842431 r99bos: 4.944 r99fer: 0.006 r99tot: 4.968
 Nb/Nf: 1.47669e+07 Eb/Ef: 1.64232e+07
mass_bos= 0.245556 mass_fer= 1.49518e-08
compactness= 0.0746627
compactness_boson= 0.0496676
E_binding= 0.212639
