mass= 0.347754numbos: 0.144807 numfer: 2.09349e-05 omega: 0.855593 r99bos: 5.142 r99fer: 0.144 r99tot: 5.124
 Nb/Nf: 6917.03 Eb/Ef: 9178.87
mass_bos= 0.229498 mass_fer= 2.50028e-05
compactness= 0.0678676
compactness_boson= 0.044632
E_binding= 0.202926
