mass= 0.365048numbos: 0.154816 numfer: 1.09958e-08 omega: 0.846378 r99bos: 5.004 r99fer: 0.006 r99tot: 5.016
 Nb/Nf: 1.40796e+07 Eb/Ef: 1.5722e+07
mass_bos= 0.242907 mass_fer= 1.54502e-08
compactness= 0.0727768
compactness_boson= 0.0485426
E_binding= 0.210232
