mass= 1.50021numbos: 0.0501944 numfer: 1.54291 omega: 0.579298 r99bos: 5.244 r99fer: 6.936 r99tot: 6.9
 Nb/Nf: 0.0325322 Eb/Ef: 0.0323965
mass_bos= 0.0570064 mass_fer= 1.75965
compactness= 0.217421
compactness_boson= 0.0108708
E_binding= -0.0929027
