mass= 0.381275numbos: 0.164441 numfer: 2.57718e-07 omega: 0.840486 r99bos: 5.004 r99fer: 0.024 r99tot: 5.028
 Nb/Nf: 638066 Eb/Ef: 832414
mass_bos= 0.250291 mass_fer= 3.00681e-07
compactness= 0.0758304
compactness_boson= 0.0500181
E_binding= 0.216834
