mass= 0.349322numbos: 0.14578 numfer: 0.000457369 omega: 0.824288 r99bos: 4.38 r99fer: 0.39 r99tot: 4.386
 Nb/Nf: 318.735 Eb/Ef: 415.728
mass_bos= 0.233332 mass_fer= 0.00056126
compactness= 0.0796448
compactness_boson= 0.0532721
E_binding= 0.203085
