mass= 0.342213numbos: 0.141576 numfer: 4.54258e-06 omega: 0.835529 r99bos: 4.554 r99fer: 0.126 r99tot: 4.548
 Nb/Nf: 31166.4 Eb/Ef: 47511.7
mass_bos= 0.2287 mass_fer= 4.81355e-06
compactness= 0.0752447
compactness_boson= 0.0502196
E_binding= 0.200633
