mass= 0.380027numbos: 0.163707 numfer: 2.26287e-06 omega: 0.846209 r99bos: 5.16 r99fer: 0.06 r99tot: 5.172
 Nb/Nf: 72344.7 Eb/Ef: 88999.5
mass_bos= 0.248399 mass_fer= 2.79101e-06
compactness= 0.0734778
compactness_boson= 0.0481393
E_binding= 0.216318
