mass= 0.631532numbos: 0.221451 numfer: 0.208954 omega: 0.747999 r99bos: 4.728 r99fer: 4.02 r99tot: 4.572
 Nb/Nf: 1.05981 Eb/Ef: 1.14662
mass_bos= 0.269869 mass_fer= 0.23536
compactness= 0.13813
compactness_boson= 0.0570788
E_binding= 0.201127
