mass= 0.376358numbos: 0.161545 numfer: 6.81649e-06 omega: 0.849413 r99bos: 5.22 r99fer: 0.084 r99tot: 5.232
 Nb/Nf: 23699.1 Eb/Ef: 27826.2
mass_bos= 0.245857 mass_fer= 8.83544e-06
compactness= 0.071934
compactness_boson= 0.047099
E_binding= 0.214807
