mass= 0.47781numbos: 0.227756 numfer: 7.38288e-05 omega: 0.767785 r99bos: 4.224 r99fer: 0.402 r99tot: 4.344
 Nb/Nf: 3084.92 Eb/Ef: 4004.79
mass_bos= 0.305448 mass_fer= 7.62706e-05
compactness= 0.109993
compactness_boson= 0.0723124
E_binding= 0.24998
