mass= 0.511467numbos: 0.23183 numfer: 0.0415851 omega: 0.770481 r99bos: 4.512 r99fer: 2.082 r99tot: 4.578
 Nb/Nf: 5.57483 Eb/Ef: 6.18603
mass_bos= 0.296842 mass_fer= 0.0479859
compactness= 0.111723
compactness_boson= 0.0657895
E_binding= 0.238052
