mass= 0.473966numbos: 0.21209 numfer: 0.0318538 omega: 0.768215 r99bos: 4.248 r99fer: 1.812 r99tot: 4.308
 Nb/Nf: 6.65823 Eb/Ef: 7.54225
mass_bos= 0.284418 mass_fer= 0.03771
compactness= 0.11002
compactness_boson= 0.0669535
E_binding= 0.230022
