mass= 0.730391numbos: 0.218945 numfer: 0.330295 omega: 0.757351 r99bos: 5.388 r99fer: 4.992 r99tot: 5.148
 Nb/Nf: 0.662877 Eb/Ef: 0.69893
mass_bos= 0.253916 mass_fer= 0.363292
compactness= 0.141878
compactness_boson= 0.0471262
E_binding= 0.181151
