mass= 0.385801numbos: 0.168457 numfer: 0.000140048 omega: 0.792855 r99bos: 4.038 r99fer: 0.342 r99tot: 4.098
 Nb/Nf: 1202.85 Eb/Ef: 1666.8
mass_bos= 0.256045 mass_fer= 0.000153614
compactness= 0.0941438
compactness_boson= 0.0634088
E_binding= 0.217204
