mass= 0.381125numbos: 0.164355 numfer: 1.30158e-06 omega: 0.844732 r99bos: 5.124 r99fer: 0.048 r99tot: 5.142
 Nb/Nf: 126274 Eb/Ef: 155557
mass_bos= 0.249269 mass_fer= 1.60243e-06
compactness= 0.07412
compactness_boson= 0.0486473
E_binding= 0.216769
