mass= 0.538774numbos: 0.23571 numfer: 0.0694577 omega: 0.770237 r99bos: 4.674 r99fer: 2.58 r99tot: 4.698
 Nb/Nf: 3.39358 Eb/Ef: 3.71595
mass_bos= 0.2946 mass_fer= 0.0792798
compactness= 0.114682
compactness_boson= 0.0630295
E_binding= 0.233606
