mass= 0.36635numbos: 0.155575 numfer: 1.42937e-08 omega: 0.845371 r99bos: 4.974 r99fer: 0.006 r99tot: 4.992
 Nb/Nf: 1.08842e+07 Eb/Ef: 1.11585e+07
mass_bos= 0.243487 mass_fer= 2.18208e-08
compactness= 0.0733875
compactness_boson= 0.048952
E_binding= 0.210775
