mass= 0.481631numbos: 0.226522 numfer: 0.0104843 omega: 0.770696 r99bos: 4.326 r99fer: 1.284 r99tot: 4.428
 Nb/Nf: 21.6058 Eb/Ef: 24.8864
mass_bos= 0.300433 mass_fer= 0.0120722
compactness= 0.10877
compactness_boson= 0.0694482
E_binding= 0.244626
