mass= 0.35549numbos: 0.149324 numfer: 4.37383e-05 omega: 0.856412 r99bos: 5.25 r99fer: 0.162 r99tot: 5.238
 Nb/Nf: 3414.05 Eb/Ef: 4138.94
mass_bos= 0.233535 mass_fer= 5.6424e-05
compactness= 0.0678676
compactness_boson= 0.0444829
E_binding= 0.206122
