mass= 0.381265numbos: 0.164435 numfer: 4.85867e-08 omega: 0.84049 r99bos: 5.004 r99fer: 0.012 r99tot: 5.028
 Nb/Nf: 3.38436e+06 Eb/Ef: 4.51869e+06
mass_bos= 0.250285 mass_fer= 5.53889e-08
compactness= 0.0758284
compactness_boson= 0.050017
E_binding= 0.21683
