mass= 0.342342numbos: 0.141626 numfer: 0.000117024 omega: 0.851976 r99bos: 4.998 r99fer: 0.24 r99tot: 4.974
 Nb/Nf: 1210.23 Eb/Ef: 1532.81
mass_bos= 0.226943 mass_fer= 0.000148056
compactness= 0.0688262
compactness_boson= 0.0454067
E_binding= 0.200598
