mass= 0.381126numbos: 0.164355 numfer: 1.07524e-06 omega: 0.844733 r99bos: 5.124 r99fer: 0.048 r99tot: 5.142
 Nb/Nf: 152855 Eb/Ef: 194937
mass_bos= 0.249269 mass_fer= 1.27872e-06
compactness= 0.0741201
compactness_boson= 0.0486474
E_binding= 0.216769
