mass= 0.364468numbos: 0.154484 numfer: 1.01706e-08 omega: 0.847098 r99bos: 5.022 r99fer: 0.006 r99tot: 5.034
 Nb/Nf: 1.51892e+07 Eb/Ef: 1.7356e+07
mass_bos= 0.242663 mass_fer= 1.39815e-08
compactness= 0.0724012
compactness_boson= 0.0483201
E_binding= 0.209984
