mass= 0.364226numbos: 0.154366 numfer: 1.20951e-08 omega: 0.84829 r99bos: 5.058 r99fer: 0.006 r99tot: 5.07
 Nb/Nf: 1.27627e+07 Eb/Ef: 1.38777e+07
mass_bos= 0.242648 mass_fer= 1.74846e-08
compactness= 0.0718394
compactness_boson= 0.047973
E_binding= 0.20986
