mass= 0.381742numbos: 0.164719 numfer: 1.96358e-07 omega: 0.843403 r99bos: 5.088 r99fer: 0.024 r99tot: 5.112
 Nb/Nf: 838872 Eb/Ef: 1.10266e+06
mass_bos= 0.249867 mass_fer= 2.26604e-07
compactness= 0.0746756
compactness_boson= 0.0491091
E_binding= 0.217022
