mass= 0.381101numbos: 0.164341 numfer: 1.28671e-07 omega: 0.844743 r99bos: 5.118 r99fer: 0.024 r99tot: 5.142
 Nb/Nf: 1.27721e+06 Eb/Ef: 1.76747e+06
mass_bos= 0.249256 mass_fer= 1.41024e-07
compactness= 0.0741154
compactness_boson= 0.0487018
E_binding= 0.216761
