mass= 0.366511numbos: 0.155674 numfer: 9.07131e-09 omega: 0.845304 r99bos: 4.998 r99fer: 0.006 r99tot: 5.01
 Nb/Nf: 1.71611e+07 Eb/Ef: 2.01255e+07
mass_bos= 0.243577 mass_fer= 1.21029e-08
compactness= 0.0731558
compactness_boson= 0.0487349
E_binding= 0.210837
