mass= 0.363944numbos: 0.154194 numfer: 1.86909e-08 omega: 0.848408 r99bos: 5.022 r99fer: 0.006 r99tot: 5.034
 Nb/Nf: 8.24965e+06 Eb/Ef: 7.68309e+06
mass_bos= 0.24249 mass_fer= 3.15615e-08
compactness= 0.0722972
compactness_boson= 0.0482855
E_binding= 0.209751
