mass= 0.342465numbos: 0.141687 numfer: 0.000193014 omega: 0.852021 r99bos: 5.01 r99fer: 0.27 r99tot: 4.986
 Nb/Nf: 734.078 Eb/Ef: 902.879
mass_bos= 0.226947 mass_fer= 0.000251359
compactness= 0.0686854
compactness_boson= 0.0452988
E_binding= 0.200585
