mass= 0.504758numbos: 0.239582 numfer: 0.0151438 omega: 0.772663 r99bos: 4.506 r99fer: 1.494 r99tot: 4.608
 Nb/Nf: 15.8205 Eb/Ef: 17.8846
mass_bos= 0.308463 mass_fer= 0.0172474
compactness= 0.109539
compactness_boson= 0.0684561
E_binding= 0.250032
