mass= 0.367313numbos: 0.156149 numfer: 3.29792e-09 omega: 0.844827 r99bos: 5.004 r99fer: 0.006 r99tot: 5.01
 Nb/Nf: 4.73477e+07 Eb/Ef: 6.59572e+07
mass_bos= 0.24395 mass_fer= 3.69862e-09
compactness= 0.0733159
compactness_boson= 0.048751
E_binding= 0.211164
