mass= 1.52516numbos: 0 numfer: 1.64431 omega: 0.317189 r99bos: 5.034 r99fer: 5.88 r99tot: 5.856
 Nb/Nf: 0 Eb/Ef: 0
mass_bos= 0 mass_fer= 2.03808
compactness= 0.260443
compactness_boson= 0
E_binding= -0.119151
