mass= 0.379477numbos: 0.163372 numfer: 7.12653e-07 omega: 0.839596 r99bos: 4.968 r99fer: 0.036 r99tot: 4.992
 Nb/Nf: 229245 Eb/Ef: 296254
mass_bos= 0.249641 mass_fer= 8.42659e-07
compactness= 0.076017
compactness_boson= 0.0502497
E_binding= 0.216105
