mass= 0.359368numbos: 0.151592 numfer: 6.65949e-07 omega: 0.856063 r99bos: 5.262 r99fer: 0.06 r99tot: 5.256
 Nb/Nf: 227632 Eb/Ef: 331448
mass_bos= 0.2357 mass_fer= 7.11122e-07
compactness= 0.0683729
compactness_boson= 0.0447929
E_binding= 0.207776
