mass= 0.364294numbos: 0.154377 numfer: 1.64923e-08 omega: 0.847171 r99bos: 4.998 r99fer: 0.006 r99tot: 5.016
 Nb/Nf: 9.36056e+06 Eb/Ef: 9.14892e+06
mass_bos= 0.242566 mass_fer= 2.6513e-08
compactness= 0.0726263
compactness_boson= 0.0485326
E_binding= 0.209916
