mass= 0.543944numbos: 0.265938 numfer: 0.0124871 omega: 0.781206 r99bos: 4.908 r99fer: 1.548 r99tot: 5.016
 Nb/Nf: 21.2969 Eb/Ef: 23.7761
mass_bos= 0.32684 mass_fer= 0.0137466
compactness= 0.108442
compactness_boson= 0.0665933
E_binding= 0.265519
