mass= 0.369835numbos: 0.157642 numfer: 6.32169e-09 omega: 0.843261 r99bos: 4.974 r99fer: 0.006 r99tot: 4.986
 Nb/Nf: 2.49367e+07 Eb/Ef: 3.14443e+07
mass_bos= 0.245077 mass_fer= 7.79401e-09
compactness= 0.0741746
compactness_boson= 0.0492717
E_binding= 0.212193
