mass= 0.381282numbos: 0.164445 numfer: 9.27327e-09 omega: 0.840484 r99bos: 5.004 r99fer: 0.006 r99tot: 5.028
 Nb/Nf: 1.77333e+07 Eb/Ef: 2.51592e+07
mass_bos= 0.250295 mass_fer= 9.94845e-09
compactness= 0.0758318
compactness_boson= 0.0500189
E_binding= 0.216837
