mass= 0.378433numbos: 0.162766 numfer: 2.59855e-06 omega: 0.847791 r99bos: 5.19 r99fer: 0.066 r99tot: 5.202
 Nb/Nf: 62637.1 Eb/Ef: 77901.4
mass_bos= 0.247256 mass_fer= 3.17396e-06
compactness= 0.0727475
compactness_boson= 0.0476408
E_binding= 0.215664
