mass= 0.370685numbos: 0.158213 numfer: 4.62193e-08 omega: 0.852621 r99bos: 5.268 r99fer: 0.024 r99tot: 5.268
 Nb/Nf: 3.42309e+06 Eb/Ef: 5.04305e+06
mass_bos= 0.24229 mass_fer= 4.80444e-08
compactness= 0.0703654
compactness_boson= 0.0459929
E_binding= 0.212472
