mass= 0.378276numbos: 0.162657 numfer: 8.25158e-10 omega: 0.839487 r99bos: 4.956 r99fer: 0.006 r99tot: 4.98
 Nb/Nf: 1.97123e+08 Eb/Ef: 2.9299e+08
mass_bos= 0.249113 mass_fer= 8.50243e-10
compactness= 0.075959
compactness_boson= 0.0502648
E_binding= 0.215618
