mass= 0.368759numbos: 0.157002 numfer: 1.18182e-08 omega: 0.843937 r99bos: 4.962 r99fer: 0.006 r99tot: 4.98
 Nb/Nf: 1.32847e+07 Eb/Ef: 1.4418e+07
mass_bos= 0.244586 mass_fer= 1.69639e-08
compactness= 0.074048
compactness_boson= 0.0492918
E_binding= 0.211758
