mass= 0.380474numbos: 0.163965 numfer: 4.65174e-07 omega: 0.839937 r99bos: 4.98 r99fer: 0.024 r99tot: 5.004
 Nb/Nf: 352480 Eb/Ef: 397351
mass_bos= 0.250032 mass_fer= 6.29247e-07
compactness= 0.0760341
compactness_boson= 0.0502072
E_binding= 0.216509
