mass= 1.46937numbos: 0 numfer: 1.56607 omega: 0.284515 r99bos: 5.01 r99fer: 5.58 r99tot: 5.544
 Nb/Nf: 0 Eb/Ef: 0
mass_bos= 0 mass_fer= 1.9936
compactness= 0.265038
compactness_boson= 0
E_binding= -0.0967
