mass= 0.426043numbos: 0.185802 numfer: 0.0215059 omega: 0.775317 r99bos: 4.062 r99fer: 1.5 r99tot: 4.11
 Nb/Nf: 8.63959 Eb/Ef: 10.057
mass_bos= 0.26541 mass_fer= 0.0263906
compactness= 0.10366
compactness_boson= 0.0653397
E_binding= 0.218735
