mass= 0.583363numbos: 0.294008 numfer: 0.00499887 omega: 0.795722 r99bos: 5.466 r99fer: 1.38 r99tot: 5.586
 Nb/Nf: 58.815 Eb/Ef: 65.535
mass_bos= 0.345984 mass_fer= 0.00527938
compactness= 0.104433
compactness_boson= 0.0632974
E_binding= 0.284356
