mass= 0.371034numbos: 0.158353 numfer: 3.84893e-09 omega: 0.842386 r99bos: 4.962 r99fer: 0.006 r99tot: 4.98
 Nb/Nf: 4.11421e+07 Eb/Ef: 5.58895e+07
mass_bos= 0.245618 mass_fer= 4.39471e-09
compactness= 0.0745047
compactness_boson= 0.0494998
E_binding= 0.212681
