mass= 0.36809numbos: 0.156609 numfer: 3.02377e-09 omega: 0.844371 r99bos: 4.992 r99fer: 0.006 r99tot: 5.004
 Nb/Nf: 5.17925e+07 Eb/Ef: 7.26961e+07
mass_bos= 0.244304 mass_fer= 3.36062e-09
compactness= 0.0735591
compactness_boson= 0.0489391
E_binding= 0.211481
