mass= 0.364316numbos: 0.154421 numfer: 3.84893e-09 omega: 0.848253 r99bos: 5.07 r99fer: 0.006 r99tot: 5.076
 Nb/Nf: 4.01206e+07 Eb/Ef: 5.52252e+07
mass_bos= 0.242698 mass_fer= 4.39471e-09
compactness= 0.0717724
compactness_boson= 0.0478695
E_binding= 0.209895
