mass= 0.379425numbos: 0.16334 numfer: 2.69507e-07 omega: 0.839617 r99bos: 4.962 r99fer: 0.018 r99tot: 4.986
 Nb/Nf: 606068 Eb/Ef: 684644
mass_bos= 0.249611 mass_fer= 3.64585e-07
compactness= 0.0760981
compactness_boson= 0.0503046
E_binding= 0.216085
