mass= 0.342322numbos: 0.141628 numfer: 0.000100868 omega: 0.835606 r99bos: 4.566 r99fer: 0.252 r99tot: 4.56
 Nb/Nf: 1404.09 Eb/Ef: 1927.12
mass_bos= 0.228686 mass_fer= 0.000118667
compactness= 0.0750705
compactness_boson= 0.0500844
E_binding= 0.200592
