mass= 0.364968numbos: 0.154767 numfer: 1.29175e-08 omega: 0.846411 r99bos: 4.992 r99fer: 0.006 r99tot: 5.01
 Nb/Nf: 1.19811e+07 Eb/Ef: 1.27386e+07
mass_bos= 0.242862 mass_fer= 1.9065e-08
compactness= 0.0728478
compactness_boson= 0.0486502
E_binding= 0.210201
