mass= 0.367162numbos: 0.156148 numfer: 2.89307e-07 omega: 0.854051 r99bos: 5.268 r99fer: 0.042 r99tot: 5.274
 Nb/Nf: 539733 Eb/Ef: 778214
mass_bos= 0.24018 mass_fer= 3.0863e-07
compactness= 0.0696175
compactness_boson= 0.0455923
E_binding= 0.211014
