mass= 0.355343numbos: 0.149242 numfer: 9.85491e-08 omega: 0.856457 r99bos: 5.244 r99fer: 0.036 r99tot: 5.232
 Nb/Nf: 1.51439e+06 Eb/Ef: 2.29129e+06
mass_bos= 0.233482 mass_fer= 1.019e-07
compactness= 0.0679172
compactness_boson= 0.0445237
E_binding= 0.206101
