mass= 0.365003numbos: 0.154788 numfer: 1.20951e-08 omega: 0.846397 r99bos: 4.998 r99fer: 0.006 r99tot: 5.016
 Nb/Nf: 1.27976e+07 Eb/Ef: 1.38911e+07
mass_bos= 0.242881 mass_fer= 1.74846e-08
compactness= 0.0727677
compactness_boson= 0.0485957
E_binding= 0.210215
