mass= 0.368076numbos: 0.1566 numfer: 4.12308e-09 omega: 0.844377 r99bos: 4.992 r99fer: 0.006 r99tot: 5.004
 Nb/Nf: 3.79813e+07 Eb/Ef: 5.14375e+07
mass_bos= 0.244296 mass_fer= 4.74937e-09
compactness= 0.0735563
compactness_boson= 0.0489375
E_binding= 0.211476
