mass= 0.502885numbos: 0.236557 numfer: 0.0193541 omega: 0.772372 r99bos: 4.494 r99fer: 1.608 r99tot: 4.584
 Nb/Nf: 12.2225 Eb/Ef: 13.754
mass_bos= 0.30514 mass_fer= 0.0221856
compactness= 0.109704
compactness_boson= 0.0678995
E_binding= 0.246974
