mass= 0.499702numbos: 0.217923 numfer: 0.0542565 omega: 0.764582 r99bos: 4.338 r99fer: 2.256 r99tot: 4.374
 Nb/Nf: 4.01653 Eb/Ef: 4.4905
mass_bos= 0.284955 mass_fer= 0.0634573
compactness= 0.114244
compactness_boson= 0.0656881
E_binding= 0.227523
