mass= 0.464142numbos: 0.211345 numfer: 0.0195411 omega: 0.770544 r99bos: 4.218 r99fer: 1.512 r99tot: 4.302
 Nb/Nf: 10.8154 Eb/Ef: 12.3721
mass_bos= 0.286434 mass_fer= 0.0231515
compactness= 0.10789
compactness_boson= 0.0679074
E_binding= 0.233256
