mass= 0.361045numbos: 0.153029 numfer: 3.20528e-05 omega: 0.810999 r99bos: 4.182 r99fer: 0.222 r99tot: 4.218
 Nb/Nf: 4774.27 Eb/Ef: 6974.74
mass_bos= 0.241202 mass_fer= 3.45822e-05
compactness= 0.0855962
compactness_boson= 0.0576761
E_binding= 0.207984
