mass= 0.36859numbos: 0.156898 numfer: 1.84168e-08 omega: 0.844008 r99bos: 4.938 r99fer: 0.006 r99tot: 4.962
 Nb/Nf: 8.51927e+06 Eb/Ef: 7.90911e+06
mass_bos= 0.244491 mass_fer= 3.09125e-08
compactness= 0.0742826
compactness_boson= 0.0495121
E_binding= 0.211693
