mass= 0.367137numbos: 0.156041 numfer: 1.37427e-08 omega: 0.844899 r99bos: 4.974 r99fer: 0.006 r99tot: 4.992
 Nb/Nf: 1.13544e+07 Eb/Ef: 1.17799e+07
mass_bos= 0.243851 mass_fer= 2.07006e-08
compactness= 0.073545
compactness_boson= 0.0490252
E_binding= 0.211096
