mass= 0.381099numbos: 0.164339 numfer: 1.5784e-07 omega: 0.844744 r99bos: 5.118 r99fer: 0.024 r99tot: 5.142
 Nb/Nf: 1.04118e+06 Eb/Ef: 1.40379e+06
mass_bos= 0.249255 mass_fer= 1.77559e-07
compactness= 0.074115
compactness_boson= 0.0487016
E_binding= 0.21676
