mass= 0.368733numbos: 0.156985 numfer: 1.4842e-08 omega: 0.843948 r99bos: 4.962 r99fer: 0.006 r99tot: 4.98
 Nb/Nf: 1.05771e+07 Eb/Ef: 1.06532e+07
mass_bos= 0.244571 mass_fer= 2.29576e-08
compactness= 0.0740428
compactness_boson= 0.0492888
E_binding= 0.211748
