mass= 0.37064numbos: 0.158186 numfer: 9.06793e-07 omega: 0.852637 r99bos: 5.262 r99fer: 0.054 r99tot: 5.262
 Nb/Nf: 174445 Eb/Ef: 239128
mass_bos= 0.242265 mass_fer= 1.01312e-06
compactness= 0.0704372
compactness_boson= 0.0460406
E_binding= 0.212454
