mass= 0.369752numbos: 0.157591 numfer: 1.07189e-08 omega: 0.843295 r99bos: 4.962 r99fer: 0.006 r99tot: 4.98
 Nb/Nf: 1.47022e+07 Eb/Ef: 1.63881e+07
mass_bos= 0.245031 mass_fer= 1.49518e-08
compactness= 0.0742475
compactness_boson= 0.0493815
E_binding= 0.212161
