mass= 0.428917numbos: 0.190804 numfer: 0.0143407 omega: 0.776022 r99bos: 4.086 r99fer: 1.302 r99tot: 4.152
 Nb/Nf: 13.3051 Eb/Ef: 15.5295
mass_bos= 0.271145 mass_fer= 0.01746
compactness= 0.103304
compactness_boson= 0.0663596
E_binding= 0.223772
