mass= 0.366556numbos: 0.155702 numfer: 3.57207e-09 omega: 0.845286 r99bos: 5.004 r99fer: 0.006 r99tot: 5.016
 Nb/Nf: 4.35888e+07 Eb/Ef: 6.02656e+07
mass_bos= 0.243603 mass_fer= 4.04215e-09
compactness= 0.0730774
compactness_boson= 0.0486816
E_binding= 0.210854
