mass= 0.345255numbos: 0.143391 numfer: 8.8789e-05 omega: 0.829901 r99bos: 4.458 r99fer: 0.258 r99tot: 4.458
 Nb/Nf: 1614.96 Eb/Ef: 2255.85
mass_bos= 0.230845 mass_fer= 0.000102332
compactness= 0.0774461
compactness_boson= 0.0517823
E_binding= 0.201775
