mass= 0.366164numbos: 0.155461 numfer: 1.78658e-08 omega: 0.84545 r99bos: 4.95 r99fer: 0.006 r99tot: 4.974
 Nb/Nf: 8.7016e+06 Eb/Ef: 8.21543e+06
mass_bos= 0.243382 mass_fer= 2.9625e-08
compactness= 0.0736155
compactness_boson= 0.0491681
E_binding= 0.210703
