mass= 0.537648numbos: 0.26531 numfer: 0.00389847 omega: 0.776829 r99bos: 4.77 r99fer: 1.128 r99tot: 4.896
 Nb/Nf: 68.0551 Eb/Ef: 78.4014
mass_bos= 0.329879 mass_fer= 0.00420757
compactness= 0.109814
compactness_boson= 0.0691571
E_binding= 0.26844
