mass= 0.621958numbos: 0.319612 numfer: 0.000659285 omega: 0.824749 r99bos: 6.528 r99fer: 1.056 r99tot: 6.654
 Nb/Nf: 484.785 Eb/Ef: 534.075
mass_bos= 0.357982 mass_fer= 0.000670284
compactness= 0.0934714
compactness_boson= 0.0548379
E_binding= 0.301687
