mass= 0.369474numbos: 0.157419 numfer: 2.03412e-08 omega: 0.843413 r99bos: 4.92 r99fer: 0.006 r99tot: 4.95
 Nb/Nf: 7.73892e+06 Eb/Ef: 6.8814e+06
mass_bos= 0.244874 mass_fer= 3.5585e-08
compactness= 0.0746412
compactness_boson= 0.0497712
E_binding= 0.212054
