mass= 0.376307numbos: 0.161514 numfer: 1.62521e-06 omega: 0.849439 r99bos: 5.214 r99fer: 0.054 r99tot: 5.226
 Nb/Nf: 99380.4 Eb/Ef: 126351
mass_bos= 0.24583 mass_fer= 1.94561e-06
compactness= 0.0720067
compactness_boson= 0.0471481
E_binding= 0.214792
