mass= 0.610468numbos: 0.310481 numfer: 0.00589167 omega: 0.817091 r99bos: 6.222 r99fer: 1.614 r99tot: 6.336
 Nb/Nf: 52.6982 Eb/Ef: 57.3694
mass_bos= 0.352049 mass_fer= 0.00613653
compactness= 0.0963492
compactness_boson= 0.0565814
E_binding= 0.294096
