mass= 0.373871numbos: 0.160036 numfer: 3.78498e-08 omega: 0.840576 r99bos: 4.932 r99fer: 0.006 r99tot: 4.956
 Nb/Nf: 4.22818e+06 Eb/Ef: 5.28926e+06
mass_bos= 0.246977 mass_fer= 4.66941e-08
compactness= 0.075438
compactness_boson= 0.0500765
E_binding= 0.213835
