mass= 0.378193numbos: 0.162606 numfer: 2.55333e-08 omega: 0.83952 r99bos: 4.944 r99fer: 0.006 r99tot: 4.974
 Nb/Nf: 6.36839e+06 Eb/Ef: 8.19884e+06
mass_bos= 0.249066 mass_fer= 3.03782e-08
compactness= 0.0760339
compactness_boson= 0.0503774
E_binding= 0.215587
