mass= 0.345282numbos: 0.143396 numfer: 0.000156623 omega: 0.829978 r99bos: 4.464 r99fer: 0.294 r99tot: 4.464
 Nb/Nf: 915.55 Eb/Ef: 1246.78
mass_bos= 0.230806 mass_fer= 0.000185122
compactness= 0.077348
compactness_boson= 0.0517038
E_binding= 0.201729
