mass= 1.42289numbos: 0.0722576 numfer: 1.40951 omega: 0.556992 r99bos: 4.758 r99fer: 6.528 r99tot: 6.48
 Nb/Nf: 0.0512643 Eb/Ef: 0.0514779
mass_bos= 0.0841136 mass_fer= 1.63397
compactness= 0.219581
compactness_boson= 0.0176784
E_binding= -0.0588843
