mass= 0.35467numbos: 0.149115 numfer: 2.84505e-05 omega: 0.817407 r99bos: 4.26 r99fer: 0.216 r99tot: 4.284
 Nb/Nf: 5241.22 Eb/Ef: 7699.41
mass_bos= 0.237169 mass_fer= 3.08035e-05
compactness= 0.0827894
compactness_boson= 0.0556735
E_binding= 0.205526
