mass= 0.364864numbos: 0.154703 numfer: 1.4842e-08 omega: 0.846455 r99bos: 4.98 r99fer: 0.006 r99tot: 4.998
 Nb/Nf: 1.04233e+07 Eb/Ef: 1.05762e+07
mass_bos= 0.242804 mass_fer= 2.29576e-08
compactness= 0.073002
compactness_boson= 0.0487557
E_binding= 0.210161
