mass= 0.381742numbos: 0.164719 numfer: 6.09603e-08 omega: 0.843403 r99bos: 5.088 r99fer: 0.018 r99tot: 5.112
 Nb/Nf: 2.70208e+06 Eb/Ef: 3.7976e+06
mass_bos= 0.249867 mass_fer= 6.5796e-08
compactness= 0.0746756
compactness_boson= 0.0491091
E_binding= 0.217022
