mass= 0.562943numbos: 0.281975 numfer: 0.00266628 omega: 0.784526 r99bos: 5.076 r99fer: 1.116 r99tot: 5.208
 Nb/Nf: 105.756 Eb/Ef: 120.899
mass_bos= 0.340666 mass_fer= 0.00281777
compactness= 0.108092
compactness_boson= 0.0671131
E_binding= 0.278302
