mass= 0.380475numbos: 0.163965 numfer: 3.30237e-07 omega: 0.839937 r99bos: 4.98 r99fer: 0.024 r99tot: 5.004
 Nb/Nf: 496507 Eb/Ef: 609042
mass_bos= 0.250032 mass_fer= 4.10534e-07
compactness= 0.0760342
compactness_boson= 0.0502073
E_binding= 0.21651
