mass= 0.514647numbos: 0.251281 numfer: 0.00151976 omega: 0.770974 r99bos: 4.512 r99fer: 0.852 r99tot: 4.638
 Nb/Nf: 165.343 Eb/Ef: 197.512
mass_bos= 0.321652 mass_fer= 0.00162852
compactness= 0.110963
compactness_boson= 0.0712881
E_binding= 0.261846
