mass= 0.363399numbos: 0.153947 numfer: 1.45845e-07 omega: 0.855212 r99bos: 5.274 r99fer: 0.036 r99tot: 5.274
 Nb/Nf: 1.05555e+06 Eb/Ef: 1.55388e+06
mass_bos= 0.237986 mass_fer= 1.53156e-07
compactness= 0.0689039
compactness_boson= 0.0451244
E_binding= 0.209451
