mass= 0.364476numbos: 0.154489 numfer: 1.20951e-08 omega: 0.847095 r99bos: 5.022 r99fer: 0.006 r99tot: 5.034
 Nb/Nf: 1.27729e+07 Eb/Ef: 1.38789e+07
mass_bos= 0.242668 mass_fer= 1.74846e-08
compactness= 0.0724028
compactness_boson= 0.048321
E_binding= 0.209987
