mass= 0.370845numbos: 0.158236 numfer: 1.56671e-08 omega: 0.842464 r99bos: 4.932 r99fer: 0.006 r99tot: 4.956
 Nb/Nf: 1.00999e+07 Eb/Ef: 9.93563e+06
mass_bos= 0.245512 mass_fer= 2.47102e-08
compactness= 0.0748274
compactness_boson= 0.0497793
E_binding= 0.212608
