mass= 0.515857numbos: 0.245124 numfer: 0.0189405 omega: 0.774522 r99bos: 4.608 r99fer: 1.638 r99tot: 4.704
 Nb/Nf: 12.9418 Eb/Ef: 14.4899
mass_bos= 0.311195 mass_fer= 0.0214767
compactness= 0.109663
compactness_boson= 0.0675337
E_binding= 0.251792
