mass= 0.375373numbos: 0.160928 numfer: 3.57207e-09 omega: 0.839994 r99bos: 4.932 r99fer: 0.006 r99tot: 4.956
 Nb/Nf: 4.50518e+07 Eb/Ef: 6.12838e+07
mass_bos= 0.247718 mass_fer= 4.04215e-09
compactness= 0.075741
compactness_boson= 0.0502268
E_binding= 0.214445
