mass= 0.35938numbos: 0.151598 numfer: 3.19064e-06 omega: 0.856057 r99bos: 5.262 r99fer: 0.084 r99tot: 5.256
 Nb/Nf: 47513.5 Eb/Ef: 65031.7
mass_bos= 0.235705 mass_fer= 3.62447e-06
compactness= 0.0683751
compactness_boson= 0.0447939
E_binding= 0.207778
