mass= 0.381124numbos: 0.164354 numfer: 1.12154e-06 omega: 0.844733 r99bos: 5.124 r99fer: 0.048 r99tot: 5.142
 Nb/Nf: 146544 Eb/Ef: 186119
mass_bos= 0.249268 mass_fer= 1.33929e-06
compactness= 0.0741198
compactness_boson= 0.0486472
E_binding= 0.216768
