mass= 0.378403numbos: 0.162748 numfer: 4.86269e-07 omega: 0.847805 r99bos: 5.184 r99fer: 0.042 r99tot: 5.202
 Nb/Nf: 334687 Eb/Ef: 457982
mass_bos= 0.24724 mass_fer= 5.39847e-07
compactness= 0.0727419
compactness_boson= 0.0476929
E_binding= 0.215655
