mass= 0.618875numbos: 0.316403 numfer: 0.00396232 omega: 0.825349 r99bos: 6.534 r99fer: 1.548 r99tot: 6.654
 Nb/Nf: 79.8529 Eb/Ef: 86.7079
mass_bos= 0.354532 mass_fer= 0.00408881
compactness= 0.0930079
compactness_boson= 0.0542595
E_binding= 0.298509
