mass= 0.373706numbos: 0.159985 numfer: 2.72148e-07 omega: 0.851075 r99bos: 5.238 r99fer: 0.036 r99tot: 5.25
 Nb/Nf: 587859 Eb/Ef: 821984
mass_bos= 0.244162 mass_fer= 2.9704e-07
compactness= 0.0711821
compactness_boson= 0.0466136
E_binding= 0.213721
