mass= 0.364326numbos: 0.154427 numfer: 1.92446e-09 omega: 0.84825 r99bos: 5.076 r99fer: 0.006 r99tot: 5.076
 Nb/Nf: 8.02441e+07 Eb/Ef: 1.17765e+08
mass_bos= 0.242703 mass_fer= 2.06091e-09
compactness= 0.0717741
compactness_boson= 0.0478139
E_binding= 0.209899
