mass= 0.381951numbos: 0.164843 numfer: 1.96161e-07 omega: 0.842234 r99bos: 5.058 r99fer: 0.024 r99tot: 5.082
 Nb/Nf: 840347 Eb/Ef: 1.1151e+06
mass_bos= 0.250228 mass_fer= 2.24399e-07
compactness= 0.0751576
compactness_boson= 0.0494718
E_binding= 0.217108
