mass= 0.364609numbos: 0.15457 numfer: 1.37345e-09 omega: 0.847041 r99bos: 5.04 r99fer: 0.006 r99tot: 5.046
 Nb/Nf: 1.12541e+08 Eb/Ef: 1.68226e+08
mass_bos= 0.242742 mass_fer= 1.44295e-09
compactness= 0.072257
compactness_boson= 0.0481631
E_binding= 0.210038
