mass= 0.376874numbos: 0.161822 numfer: 1.13669e-08 omega: 0.839626 r99bos: 4.944 r99fer: 0.006 r99tot: 4.968
 Nb/Nf: 1.42363e+07 Eb/Ef: 2.03201e+07
mass_bos= 0.248451 mass_fer= 1.22269e-08
compactness= 0.0758602
compactness_boson= 0.0502531
E_binding= 0.215052
