mass= 0.420549numbos: 0.187731 numfer: 0.00868474 omega: 0.778838 r99bos: 4.074 r99fer: 1.086 r99tot: 4.146
 Nb/Nf: 21.6162 Eb/Ef: 25.5777
mass_bos= 0.270044 mass_fer= 0.0105578
compactness= 0.101435
compactness_boson= 0.0662846
E_binding= 0.224133
