mass= 0.355307numbos: 0.14922 numfer: 1.95124e-07 omega: 0.856471 r99bos: 5.238 r99fer: 0.042 r99tot: 5.226
 Nb/Nf: 764746 Eb/Ef: 1.14493e+06
mass_bos= 0.233462 mass_fer= 2.0391e-07
compactness= 0.0679882
compactness_boson= 0.0445708
E_binding= 0.206086
