mass= 0.436844numbos: 0.200061 numfer: 0.00367128 omega: 0.774275 r99bos: 4.092 r99fer: 0.876 r99tot: 4.188
 Nb/Nf: 54.4934 Eb/Ef: 65.956
mass_bos= 0.282048 mass_fer= 0.00427631
compactness= 0.104309
compactness_boson= 0.0689268
E_binding= 0.233112
