mass= 1.39665numbos: 0.0681863 numfer: 1.38065 omega: 0.510853 r99bos: 4.224 r99fer: 6.096 r99tot: 6.048
 Nb/Nf: 0.0493871 Eb/Ef: 0.0497263
mass_bos= 0.0820348 mass_fer= 1.64973
compactness= 0.230927
compactness_boson= 0.0194211
E_binding= -0.05219
