mass= 0.366075numbos: 0.155406 numfer: 1.92419e-08 omega: 0.845488 r99bos: 4.938 r99fer: 0.006 r99tot: 4.962
 Nb/Nf: 8.07643e+06 Eb/Ef: 7.40004e+06
mass_bos= 0.243332 mass_fer= 3.28825e-08
compactness= 0.0737756
compactness_boson= 0.0492775
E_binding= 0.210669
