mass= 0.71151numbos: 0.180848 numfer: 0.371747 omega: 0.675773 r99bos: 3.906 r99fer: 4.818 r99tot: 4.71
 Nb/Nf: 0.486482 Eb/Ef: 0.550843
mass_bos= 0.236365 mass_fer= 0.429097
compactness= 0.151064
compactness_boson= 0.0605133
E_binding= 0.158914
