mass= 0.381778numbos: 0.16474 numfer: 3.24056e-08 omega: 0.841258 r99bos: 5.028 r99fer: 0.012 r99tot: 5.052
 Nb/Nf: 5.08369e+06 Eb/Ef: 7.12731e+06
mass_bos= 0.250361 mass_fer= 3.5127e-08
compactness= 0.0755697
compactness_boson= 0.0497934
E_binding= 0.217038
