mass= 0.442661numbos: 0.200739 numfer: 0.0117855 omega: 0.773544 r99bos: 4.128 r99fer: 1.242 r99tot: 4.212
 Nb/Nf: 17.0326 Eb/Ef: 19.8535
mass_bos= 0.279989 mass_fer= 0.0141028
compactness= 0.105095
compactness_boson= 0.0678269
E_binding= 0.230136
