mass= 0.488542numbos: 0.225392 numfer: 0.0235592 omega: 0.770478 r99bos: 4.374 r99fer: 1.668 r99tot: 4.452
 Nb/Nf: 9.56704 Eb/Ef: 10.7942
mass_bos= 0.296059 mass_fer= 0.0274277
compactness= 0.109735
compactness_boson= 0.0676862
E_binding= 0.239591
