mass= 0.381769numbos: 0.164734 numfer: 1.16214e-07 omega: 0.841261 r99bos: 5.028 r99fer: 0.018 r99tot: 5.052
 Nb/Nf: 1.41751e+06 Eb/Ef: 1.8853e+06
mass_bos= 0.250356 mass_fer= 1.32793e-07
compactness= 0.0755679
compactness_boson= 0.0497924
E_binding= 0.217034
