mass= 0.372483numbos: 0.159214 numfer: 1.09931e-09 omega: 0.841361 r99bos: 4.956 r99fer: 0.006 r99tot: 4.974
 Nb/Nf: 1.44832e+08 Eb/Ef: 2.15334e+08
mass_bos= 0.246305 mass_fer= 1.14383e-09
compactness= 0.0748861
compactness_boson= 0.0496984
E_binding= 0.213269
