mass= 1.46818numbos: 0.025074 numfer: 1.53364 omega: 0.460007 r99bos: 4.008 r99fer: 5.856 r99tot: 5.814
 Nb/Nf: 0.0163493 Eb/Ef: 0.0161251
mass_bos= 0.0305257 mass_fer= 1.89305
compactness= 0.252525
compactness_boson= 0.00761619
E_binding= -0.090533
