mass= 0.369733numbos: 0.157579 numfer: 1.12699e-08 omega: 0.843303 r99bos: 4.956 r99fer: 0.006 r99tot: 4.974
 Nb/Nf: 1.39823e+07 Eb/Ef: 1.53625e+07
mass_bos= 0.24502 mass_fer= 1.59492e-08
compactness= 0.0743332
compactness_boson= 0.0494391
E_binding= 0.212154
