mass= 0.521462numbos: 0.253089 numfer: 0.00854823 omega: 0.774639 r99bos: 4.638 r99fer: 1.32 r99tot: 4.752
 Nb/Nf: 29.6072 Eb/Ef: 33.7146
mass_bos= 0.319946 mass_fer= 0.00948985
compactness= 0.109735
compactness_boson= 0.0689836
E_binding= 0.259825
