mass= 0.367161numbos: 0.156147 numfer: 3.6419e-07 omega: 0.854052 r99bos: 5.268 r99fer: 0.042 r99tot: 5.268
 Nb/Nf: 428752 Eb/Ef: 609554
mass_bos= 0.240179 mass_fer= 3.94025e-07
compactness= 0.0696964
compactness_boson= 0.0455921
E_binding= 0.211013
