mass= 0.367167numbos: 0.156151 numfer: 9.27283e-07 omega: 0.854049 r99bos: 5.268 r99fer: 0.054 r99tot: 5.274
 Nb/Nf: 168396 Eb/Ef: 232396
mass_bos= 0.240183 mass_fer= 1.03351e-06
compactness= 0.0696183
compactness_boson= 0.0455928
E_binding= 0.211015
