mass= 0.365158numbos: 0.154862 numfer: 2.08895e-08 omega: 0.84606 r99bos: 4.92 r99fer: 0.006 r99tot: 4.95
 Nb/Nf: 7.4134e+06 Eb/Ef: 6.57068e+06
mass_bos= 0.242893 mass_fer= 3.69661e-08
compactness= 0.0737694
compactness_boson= 0.0493684
E_binding= 0.210296
