mass= 0.36727numbos: 0.156123 numfer: 5.77339e-09 omega: 0.844844 r99bos: 4.998 r99fer: 0.006 r99tot: 5.01
 Nb/Nf: 2.70418e+07 Eb/Ef: 3.48397e+07
mass_bos= 0.243927 mass_fer= 7.00139e-09
compactness= 0.0733075
compactness_boson= 0.0488048
E_binding= 0.211148
