mass= 0.380475numbos: 0.163965 numfer: 3.67387e-07 omega: 0.839938 r99bos: 4.98 r99fer: 0.024 r99tot: 5.004
 Nb/Nf: 446299 Eb/Ef: 538255
mass_bos= 0.250032 mass_fer= 4.64523e-07
compactness= 0.0760341
compactness_boson= 0.0502072
E_binding= 0.21651
