mass= 0.614578numbos: 0.315781 numfer: 0.000526038 omega: 0.890185 r99bos: 9.714 r99fer: 1.41 r99tot: 9.816
 Nb/Nf: 600.302 Eb/Ef: 629.284
mass_bos= 0.332893 mass_fer= 0.000529003
compactness= 0.0626099
compactness_boson= 0.0342694
E_binding= 0.298271
