mass= 0.481102numbos: 0.225843 numfer: 0.0113127 omega: 0.770735 r99bos: 4.326 r99fer: 1.314 r99tot: 4.422
 Nb/Nf: 19.9637 Eb/Ef: 22.9541
mass_bos= 0.299669 mass_fer= 0.0130551
compactness= 0.108797
compactness_boson= 0.0692716
E_binding= 0.243946
