mass= 0.477845numbos: 0.227786 numfer: 4.63191e-05 omega: 0.767758 r99bos: 4.224 r99fer: 0.36 r99tot: 4.344
 Nb/Nf: 4917.75 Eb/Ef: 6416.85
mass_bos= 0.305486 mass_fer= 4.76069e-05
compactness= 0.110001
compactness_boson= 0.0723215
E_binding= 0.250013
