mass= 0.378187numbos: 0.162602 numfer: 8.87585e-08 omega: 0.839522 r99bos: 4.944 r99fer: 0.012 r99tot: 4.968
 Nb/Nf: 1.83197e+06 Eb/Ef: 2.31915e+06
mass_bos= 0.249063 mass_fer= 1.07394e-07
compactness= 0.0761246
compactness_boson= 0.0503768
E_binding= 0.215585
