mass= 0.459263numbos: 0.213673 numfer: 0.00619604 omega: 0.771158 r99bos: 4.188 r99fer: 1.056 r99tot: 4.29
 Nb/Nf: 34.4854 Eb/Ef: 40.6901
mass_bos= 0.292043 mass_fer= 0.00717726
compactness= 0.107054
compactness_boson= 0.0697333
E_binding= 0.239394
